51;66	49;73;53
49;73;53	49;73;53_M1
13;17;2;38;7;36;23;27	31
31	31_M2
0	14;11;9;1;8;6;25;37;21
14;11;9;1;8;6;25;37;21	14;11;9;1;8;6;25;37;21_P
14;11;9;1;8;6;25;37;21	14;11;9;1;8;6;25;37;21_M5
14;11;9;1;8;6;25;37;21	14;11;9;1;8;6;25;37;21_M4
14;11;9;1;8;6;25;37;21	14;11;9;1;8;6;25;37;21_M7
14;11;9;1;8;6;25;37;21	14;11;9;1;8;6;25;37;21_M6
14;11;9;1;8;6;25;37;21	14;11;9;1;8;6;25;37;21_M1
14;11;9;1;8;6;25;37;21	14;11;9;1;8;6;25;37;21_M3
14;11;9;1;8;6;25;37;21	14;11;9;1;8;6;25;37;21_M2
0	65;19;18;74;5;64;26;30
65;19;18;74;5;64;26;30	65;19;18;74;5;64;26;30_P
0	13;17;2;38;7;36;23;27
13;17;2;38;7;36;23;27	13;17;2;38;7;36;23;27_M2
GL	0
0	0_P
0	0_M5
0	0_M4
0	0_M7
0	0_M6
0	0_M1
0	0_M3
0	0_M2
39	42;12;20;15;62;24;32
42;12;20;15;62;24;32	42;12;20;15;62;24;32_M5
14;11;9;1;8;6;25;37;21	39
39	39_M4
39	39_M7
39	39_M1
14;11;9;1;8;6;25;37;21	56;47;61;58;57
56;47;61;58;57	56;47;61;58;57_M4
14;11;9;1;8;6;25;37;21	70;50;79;81;75;59;40;46
70;50;79;81;75;59;40;46	70;50;79;81;75;59;40;46_M7
14;11;9;1;8;6;25;37;21	4;28;22
4;28;22	4;28;22_M3
14;11;9;1;8;6;25;37;21	51;66
51;66	51;66_M1
14;11;9;1;8;6;25;37;21	60;52;54;45
60;52;54;45	60;52;54;45_M6
56;47;61;58;57	44;48;41;43
44;48;41;43	44;48;41;43_M4
4;28;22	55;29
55;29	55;29_M3
