0	6;5;8;7
6;5;8;7	6;5;8;7_P
6;5;8;7	6;5;8;7_M5
6;5;8;7	6;5;8;7_M4
6;5;8;7	6;5;8;7_M7
6;5;8;7	6;5;8;7_M6
6;5;8;7	6;5;8;7_M1
6;5;8;7	6;5;8;7_M3
6;5;8;7	6;5;8;7_M2
0	4;1
4;1	4;1_P
4;1	4;1_M5
4;1	4;1_M4
4;1	4;1_M7
4;1	4;1_M6
4;1	4;1_M1
4;1	4;1_M3
4;1	4;1_M2
0	63;43;57;120;118;38;78;47;70;96;98;83;102;29;84;87;117
63;43;57;120;118;38;78;47;70;96;98;83;102;29;84;87;117	63;43;57;120;118;38;78;47;70;96;98;83;102;29;84;87;117_P
63;43;57;120;118;38;78;47;70;96;98;83;102;29;84;87;117	63;43;57;120;118;38;78;47;70;96;98;83;102;29;84;87;117_M5
63;43;57;120;118;38;78;47;70;96;98;83;102;29;84;87;117	63;43;57;120;118;38;78;47;70;96;98;83;102;29;84;87;117_M4
63;43;57;120;118;38;78;47;70;96;98;83;102;29;84;87;117	63;43;57;120;118;38;78;47;70;96;98;83;102;29;84;87;117_M7
63;43;57;120;118;38;78;47;70;96;98;83;102;29;84;87;117	63;43;57;120;118;38;78;47;70;96;98;83;102;29;84;87;117_M6
63;43;57;120;118;38;78;47;70;96;98;83;102;29;84;87;117	63;43;57;120;118;38;78;47;70;96;98;83;102;29;84;87;117_M1
63;43;57;120;118;38;78;47;70;96;98;83;102;29;84;87;117	63;43;57;120;118;38;78;47;70;96;98;83;102;29;84;87;117_M3
63;43;57;120;118;38;78;47;70;96;98;83;102;29;84;87;117	63;43;57;120;118;38;78;47;70;96;98;83;102;29;84;87;117_M2
GL	0
0	0_P
0	0_M5
0	0_M4
0	0_M7
0	0_M6
0	0_M1
0	0_M3
0	0_M2
16;15;14	65;68;60;18
65;68;60;18	65;68;60;18_P
65;68;60;18	65;68;60;18_M5
65;68;60;18	65;68;60;18_M4
65;68;60;18	65;68;60;18_M7
65;68;60;18	65;68;60;18_M6
65;68;60;18	65;68;60;18_M1
65;68;60;18	65;68;60;18_M3
65;68;60;18	65;68;60;18_M2
6;5;8;7	16;15;14
16;15;14	16;15;14_P
16;15;14	16;15;14_M5
16;15;14	16;15;14_M4
16;15;14	16;15;14_M7
16;15;14	16;15;14_M6
16;15;14	16;15;14_M1
16;15;14	16;15;14_M3
16;15;14	16;15;14_M2
6;5;8;7	39;61;36;35;37;95;81;100;58;86
39;61;36;35;37;95;81;100;58;86	39;61;36;35;37;95;81;100;58;86_P
39;61;36;35;37;95;81;100;58;86	39;61;36;35;37;95;81;100;58;86_M5
39;61;36;35;37;95;81;100;58;86	39;61;36;35;37;95;81;100;58;86_M4
39;61;36;35;37;95;81;100;58;86	39;61;36;35;37;95;81;100;58;86_M7
39;61;36;35;37;95;81;100;58;86	39;61;36;35;37;95;81;100;58;86_M6
39;61;36;35;37;95;81;100;58;86	39;61;36;35;37;95;81;100;58;86_M1
39;61;36;35;37;95;81;100;58;86	39;61;36;35;37;95;81;100;58;86_M3
39;61;36;35;37;95;81;100;58;86	39;61;36;35;37;95;81;100;58;86_M2
6;5;8;7	56;64;62;67;66;50;54;46;49;24;88;31;26;22
56;64;62;67;66;50;54;46;49;24;88;31;26;22	56;64;62;67;66;50;54;46;49;24;88;31;26;22_P
56;64;62;67;66;50;54;46;49;24;88;31;26;22	56;64;62;67;66;50;54;46;49;24;88;31;26;22_M5
56;64;62;67;66;50;54;46;49;24;88;31;26;22	56;64;62;67;66;50;54;46;49;24;88;31;26;22_M4
56;64;62;67;66;50;54;46;49;24;88;31;26;22	56;64;62;67;66;50;54;46;49;24;88;31;26;22_M7
56;64;62;67;66;50;54;46;49;24;88;31;26;22	56;64;62;67;66;50;54;46;49;24;88;31;26;22_M6
56;64;62;67;66;50;54;46;49;24;88;31;26;22	56;64;62;67;66;50;54;46;49;24;88;31;26;22_M1
56;64;62;67;66;50;54;46;49;24;88;31;26;22	56;64;62;67;66;50;54;46;49;24;88;31;26;22_M3
56;64;62;67;66;50;54;46;49;24;88;31;26;22	56;64;62;67;66;50;54;46;49;24;88;31;26;22_M2
65;68;60;18	13;41;9;3;53;2;71;23
13;41;9;3;53;2;71;23	13;41;9;3;53;2;71;23_P
13;41;9;3;53;2;71;23	13;41;9;3;53;2;71;23_M5
13;41;9;3;53;2;71;23	13;41;9;3;53;2;71;23_M4
13;41;9;3;53;2;71;23	13;41;9;3;53;2;71;23_M7
13;41;9;3;53;2;71;23	13;41;9;3;53;2;71;23_M6
13;41;9;3;53;2;71;23	13;41;9;3;53;2;71;23_M1
13;41;9;3;53;2;71;23	13;41;9;3;53;2;71;23_M3
13;41;9;3;53;2;71;23	13;41;9;3;53;2;71;23_M2
39;61;36;35;37;95;81;100;58;86	109
109	109_P
109	109_M5
109	109_M4
109	109_M7
109	109_M6
109	109_M1
109	109_M3
109	109_M2
4;1	12;11;10;76;91;79;25;33;34
12;11;10;76;91;79;25;33;34	12;11;10;76;91;79;25;33;34_P
12;11;10;76;91;79;25;33;34	12;11;10;76;91;79;25;33;34_M5
12;11;10;76;91;79;25;33;34	12;11;10;76;91;79;25;33;34_M4
12;11;10;76;91;79;25;33;34	12;11;10;76;91;79;25;33;34_M7
12;11;10;76;91;79;25;33;34	12;11;10;76;91;79;25;33;34_M6
12;11;10;76;91;79;25;33;34	12;11;10;76;91;79;25;33;34_M1
12;11;10;76;91;79;25;33;34	12;11;10;76;91;79;25;33;34_M3
12;11;10;76;91;79;25;33;34	12;11;10;76;91;79;25;33;34_M2
4;1	77;17;51;72;74;55;69;42;85;113;20;45
77;17;51;72;74;55;69;42;85;113;20;45	77;17;51;72;74;55;69;42;85;113;20;45_P
77;17;51;72;74;55;69;42;85;113;20;45	77;17;51;72;74;55;69;42;85;113;20;45_M5
77;17;51;72;74;55;69;42;85;113;20;45	77;17;51;72;74;55;69;42;85;113;20;45_M4
77;17;51;72;74;55;69;42;85;113;20;45	77;17;51;72;74;55;69;42;85;113;20;45_M7
77;17;51;72;74;55;69;42;85;113;20;45	77;17;51;72;74;55;69;42;85;113;20;45_M6
77;17;51;72;74;55;69;42;85;113;20;45	77;17;51;72;74;55;69;42;85;113;20;45_M1
77;17;51;72;74;55;69;42;85;113;20;45	77;17;51;72;74;55;69;42;85;113;20;45_M3
77;17;51;72;74;55;69;42;85;113;20;45	77;17;51;72;74;55;69;42;85;113;20;45_M2
4;1	44;119;75;48;82;28;111;104
44;119;75;48;82;28;111;104	44;119;75;48;82;28;111;104_P
44;119;75;48;82;28;111;104	44;119;75;48;82;28;111;104_M5
44;119;75;48;82;28;111;104	44;119;75;48;82;28;111;104_M4
44;119;75;48;82;28;111;104	44;119;75;48;82;28;111;104_M7
44;119;75;48;82;28;111;104	44;119;75;48;82;28;111;104_M6
44;119;75;48;82;28;111;104	44;119;75;48;82;28;111;104_M1
44;119;75;48;82;28;111;104	44;119;75;48;82;28;111;104_M3
44;119;75;48;82;28;111;104	44;119;75;48;82;28;111;104_M2
