6;5;8;7_P	P
6;5;8;7_M5	M5
6;5;8;7_M4	M4
6;5;8;7_M7	M7
6;5;8;7_M6	M6
6;5;8;7_M1	M1
6;5;8;7_M3	M3
6;5;8;7_M2	M2
4;1_P	P
4;1_M5	M5
4;1_M4	M4
4;1_M7	M7
4;1_M6	M6
4;1_M1	M1
4;1_M3	M3
4;1_M2	M2
63;43;57;120;118;38;78;47;70;96;98;83;102;29;84;87;117_P	P
63;43;57;120;118;38;78;47;70;96;98;83;102;29;84;87;117_M5	M5
63;43;57;120;118;38;78;47;70;96;98;83;102;29;84;87;117_M4	M4
63;43;57;120;118;38;78;47;70;96;98;83;102;29;84;87;117_M7	M7
63;43;57;120;118;38;78;47;70;96;98;83;102;29;84;87;117_M6	M6
63;43;57;120;118;38;78;47;70;96;98;83;102;29;84;87;117_M1	M1
63;43;57;120;118;38;78;47;70;96;98;83;102;29;84;87;117_M3	M3
63;43;57;120;118;38;78;47;70;96;98;83;102;29;84;87;117_M2	M2
0_P	P
0_M5	M5
0_M4	M4
0_M7	M7
0_M6	M6
0_M1	M1
0_M3	M3
0_M2	M2
65;68;60;18_P	P
65;68;60;18_M5	M5
65;68;60;18_M4	M4
65;68;60;18_M7	M7
65;68;60;18_M6	M6
65;68;60;18_M1	M1
65;68;60;18_M3	M3
65;68;60;18_M2	M2
16;15;14_P	P
16;15;14_M5	M5
16;15;14_M4	M4
16;15;14_M7	M7
16;15;14_M6	M6
16;15;14_M1	M1
16;15;14_M3	M3
16;15;14_M2	M2
39;61;36;35;37;95;81;100;58;86_P	P
39;61;36;35;37;95;81;100;58;86_M5	M5
39;61;36;35;37;95;81;100;58;86_M4	M4
39;61;36;35;37;95;81;100;58;86_M7	M7
39;61;36;35;37;95;81;100;58;86_M6	M6
39;61;36;35;37;95;81;100;58;86_M1	M1
39;61;36;35;37;95;81;100;58;86_M3	M3
39;61;36;35;37;95;81;100;58;86_M2	M2
56;64;62;67;66;50;54;46;49;24;88;31;26;22_P	P
56;64;62;67;66;50;54;46;49;24;88;31;26;22_M5	M5
56;64;62;67;66;50;54;46;49;24;88;31;26;22_M4	M4
56;64;62;67;66;50;54;46;49;24;88;31;26;22_M7	M7
56;64;62;67;66;50;54;46;49;24;88;31;26;22_M6	M6
56;64;62;67;66;50;54;46;49;24;88;31;26;22_M1	M1
56;64;62;67;66;50;54;46;49;24;88;31;26;22_M3	M3
56;64;62;67;66;50;54;46;49;24;88;31;26;22_M2	M2
13;41;9;3;53;2;71;23_P	P
13;41;9;3;53;2;71;23_M5	M5
13;41;9;3;53;2;71;23_M4	M4
13;41;9;3;53;2;71;23_M7	M7
13;41;9;3;53;2;71;23_M6	M6
13;41;9;3;53;2;71;23_M1	M1
13;41;9;3;53;2;71;23_M3	M3
13;41;9;3;53;2;71;23_M2	M2
109_P	P
109_M5	M5
109_M4	M4
109_M7	M7
109_M6	M6
109_M1	M1
109_M3	M3
109_M2	M2
12;11;10;76;91;79;25;33;34_P	P
12;11;10;76;91;79;25;33;34_M5	M5
12;11;10;76;91;79;25;33;34_M4	M4
12;11;10;76;91;79;25;33;34_M7	M7
12;11;10;76;91;79;25;33;34_M6	M6
12;11;10;76;91;79;25;33;34_M1	M1
12;11;10;76;91;79;25;33;34_M3	M3
12;11;10;76;91;79;25;33;34_M2	M2
77;17;51;72;74;55;69;42;85;113;20;45_P	P
77;17;51;72;74;55;69;42;85;113;20;45_M5	M5
77;17;51;72;74;55;69;42;85;113;20;45_M4	M4
77;17;51;72;74;55;69;42;85;113;20;45_M7	M7
77;17;51;72;74;55;69;42;85;113;20;45_M6	M6
77;17;51;72;74;55;69;42;85;113;20;45_M1	M1
77;17;51;72;74;55;69;42;85;113;20;45_M3	M3
77;17;51;72;74;55;69;42;85;113;20;45_M2	M2
44;119;75;48;82;28;111;104_P	P
44;119;75;48;82;28;111;104_M5	M5
44;119;75;48;82;28;111;104_M4	M4
44;119;75;48;82;28;111;104_M7	M7
44;119;75;48;82;28;111;104_M6	M6
44;119;75;48;82;28;111;104_M1	M1
44;119;75;48;82;28;111;104_M3	M3
44;119;75;48;82;28;111;104_M2	M2
