62;12;44;19;9;8;39;79;35	83
83	83_P
83	83_M5
83	83_M4
83	83_M7
83	83_M6
83	83_M1
83	83_M3
83	83_M2
1;0	11
11	11_P
11	11_M5
11	11_M4
11	11_M7
11	11_M6
11	11_M1
11	11_M3
11	11_M2
1;0	2
2	2_P
2	2_M5
2	2_M4
2	2_M7
2	2_M6
2	2_M1
2	2_M3
2	2_M2
1;0	33;13;18;36;6;24;45
33;13;18;36;6;24;45	33;13;18;36;6;24;45_P
33;13;18;36;6;24;45	33;13;18;36;6;24;45_M5
33;13;18;36;6;24;45	33;13;18;36;6;24;45_M4
33;13;18;36;6;24;45	33;13;18;36;6;24;45_M7
33;13;18;36;6;24;45	33;13;18;36;6;24;45_M6
33;13;18;36;6;24;45	33;13;18;36;6;24;45_M1
33;13;18;36;6;24;45	33;13;18;36;6;24;45_M3
33;13;18;36;6;24;45	33;13;18;36;6;24;45_M2
1;0	62;12;44;19;9;8;39;79;35
62;12;44;19;9;8;39;79;35	62;12;44;19;9;8;39;79;35_P
62;12;44;19;9;8;39;79;35	62;12;44;19;9;8;39;79;35_M5
62;12;44;19;9;8;39;79;35	62;12;44;19;9;8;39;79;35_M4
62;12;44;19;9;8;39;79;35	62;12;44;19;9;8;39;79;35_M7
62;12;44;19;9;8;39;79;35	62;12;44;19;9;8;39;79;35_M6
62;12;44;19;9;8;39;79;35	62;12;44;19;9;8;39;79;35_M1
62;12;44;19;9;8;39;79;35	62;12;44;19;9;8;39;79;35_M3
62;12;44;19;9;8;39;79;35	62;12;44;19;9;8;39;79;35_M2
1;0	47;80;3;43;23;58;69;78;31
47;80;3;43;23;58;69;78;31	47;80;3;43;23;58;69;78;31_P
47;80;3;43;23;58;69;78;31	47;80;3;43;23;58;69;78;31_M5
47;80;3;43;23;58;69;78;31	47;80;3;43;23;58;69;78;31_M4
47;80;3;43;23;58;69;78;31	47;80;3;43;23;58;69;78;31_M7
47;80;3;43;23;58;69;78;31	47;80;3;43;23;58;69;78;31_M6
47;80;3;43;23;58;69;78;31	47;80;3;43;23;58;69;78;31_M1
47;80;3;43;23;58;69;78;31	47;80;3;43;23;58;69;78;31_M3
47;80;3;43;23;58;69;78;31	47;80;3;43;23;58;69;78;31_M2
1;0	21;32;14;53;10;17;5;25;66;28;29
21;32;14;53;10;17;5;25;66;28;29	21;32;14;53;10;17;5;25;66;28;29_P
21;32;14;53;10;17;5;25;66;28;29	21;32;14;53;10;17;5;25;66;28;29_M5
21;32;14;53;10;17;5;25;66;28;29	21;32;14;53;10;17;5;25;66;28;29_M4
21;32;14;53;10;17;5;25;66;28;29	21;32;14;53;10;17;5;25;66;28;29_M7
21;32;14;53;10;17;5;25;66;28;29	21;32;14;53;10;17;5;25;66;28;29_M6
21;32;14;53;10;17;5;25;66;28;29	21;32;14;53;10;17;5;25;66;28;29_M1
21;32;14;53;10;17;5;25;66;28;29	21;32;14;53;10;17;5;25;66;28;29_M3
21;32;14;53;10;17;5;25;66;28;29	21;32;14;53;10;17;5;25;66;28;29_M2
1;0	85;22;81;38
85;22;81;38	85;22;81;38_P
85;22;81;38	85;22;81;38_M5
85;22;81;38	85;22;81;38_M4
85;22;81;38	85;22;81;38_M7
85;22;81;38	85;22;81;38_M6
85;22;81;38	85;22;81;38_M1
85;22;81;38	85;22;81;38_M3
85;22;81;38	85;22;81;38_M2
GL	1;0
1;0	1;0_P
1;0	1;0_M5
1;0	1;0_M4
1;0	1;0_M7
1;0	1;0_M6
1;0	1;0_M1
1;0	1;0_M3
1;0	1;0_M2
52	71;46;57;61;55;82;56;74;64
71;46;57;61;55;82;56;74;64	71;46;57;61;55;82;56;74;64_P
71;46;57;61;55;82;56;74;64	71;46;57;61;55;82;56;74;64_M5
71;46;57;61;55;82;56;74;64	71;46;57;61;55;82;56;74;64_M4
71;46;57;61;55;82;56;74;64	71;46;57;61;55;82;56;74;64_M7
71;46;57;61;55;82;56;74;64	71;46;57;61;55;82;56;74;64_M6
71;46;57;61;55;82;56;74;64	71;46;57;61;55;82;56;74;64_M1
71;46;57;61;55;82;56;74;64	71;46;57;61;55;82;56;74;64_M3
71;46;57;61;55;82;56;74;64	71;46;57;61;55;82;56;74;64_M2
11	52
52	52_P
52	52_M5
52	52_M4
52	52_M7
52	52_M6
52	52_M1
52	52_M3
52	52_M2
11	49
49	49_P
49	49_M5
49	49_M4
49	49_M7
49	49_M6
49	49_M1
49	49_M3
49	49_M2
71;46;57;61;55;82;56;74;64	87;93;90;94
87;93;90;94	87;93;90;94_P
87;93;90;94	87;93;90;94_M5
87;93;90;94	87;93;90;94_M4
87;93;90;94	87;93;90;94_M7
87;93;90;94	87;93;90;94_M6
87;93;90;94	87;93;90;94_M1
87;93;90;94	87;93;90;94_M3
87;93;90;94	87;93;90;94_M2
2	34;91;59;16;76;50;7;77;26;30;88
34;91;59;16;76;50;7;77;26;30;88	34;91;59;16;76;50;7;77;26;30;88_P
34;91;59;16;76;50;7;77;26;30;88	34;91;59;16;76;50;7;77;26;30;88_M5
34;91;59;16;76;50;7;77;26;30;88	34;91;59;16;76;50;7;77;26;30;88_M4
34;91;59;16;76;50;7;77;26;30;88	34;91;59;16;76;50;7;77;26;30;88_M7
34;91;59;16;76;50;7;77;26;30;88	34;91;59;16;76;50;7;77;26;30;88_M6
34;91;59;16;76;50;7;77;26;30;88	34;91;59;16;76;50;7;77;26;30;88_M1
34;91;59;16;76;50;7;77;26;30;88	34;91;59;16;76;50;7;77;26;30;88_M3
34;91;59;16;76;50;7;77;26;30;88	34;91;59;16;76;50;7;77;26;30;88_M2
