62;12;44;19;9;8;39;79;35	83
83	83_M5
1;0	11
11	11_P
11	11_M1
11	11_M3
11	11_M2
1;0	2
2	2_P
2	2_M5
2	2_M4
2	2_M1
2	2_M3
2	2_M2
1;0	33;13;18;36;6;24;45
33;13;18;36;6;24;45	33;13;18;36;6;24;45_M4
33;13;18;36;6;24;45	33;13;18;36;6;24;45_M1
1;0	62;12;44;19;9;8;39;79;35
62;12;44;19;9;8;39;79;35	62;12;44;19;9;8;39;79;35_M5
1;0	47;80;3;43;23;58;69;78;31
47;80;3;43;23;58;69;78;31	47;80;3;43;23;58;69;78;31_P
1;0	21;32;14;53;10;17;5;25;66;28;29
21;32;14;53;10;17;5;25;66;28;29	21;32;14;53;10;17;5;25;66;28;29_M3
1;0	85;22;81;38
85;22;81;38	85;22;81;38_P
GL	1;0
1;0	1;0_P
1;0	1;0_M5
1;0	1;0_M4
1;0	1;0_M7
1;0	1;0_M6
1;0	1;0_M1
1;0	1;0_M3
1;0	1;0_M2
52	71;46;57;61;55;82;56;74;64
71;46;57;61;55;82;56;74;64	71;46;57;61;55;82;56;74;64_M6
71;46;57;61;55;82;56;74;64	71;46;57;61;55;82;56;74;64_M3
71;46;57;61;55;82;56;74;64	71;46;57;61;55;82;56;74;64_M2
11	52
52	52_P
52	52_M5
52	52_M4
52	52_M7
52	52_M6
52	52_M1
52	52_M3
52	52_M2
11	49
49	49_M2
71;46;57;61;55;82;56;74;64	87;93;90;94
87;93;90;94	87;93;90;94_M6
2	34;91;59;16;76;50;7;77;26;30;88
34;91;59;16;76;50;7;77;26;30;88	34;91;59;16;76;50;7;77;26;30;88_M7
