61;9;5;27;22	64;40
64;40	64;40_M2
0	1;6;19;12;10;16
1;6;19;12;10;16	1;6;19;12;10;16_P
1;6;19;12;10;16	1;6;19;12;10;16_M5
1;6;19;12;10;16	1;6;19;12;10;16_M4
1;6;19;12;10;16	1;6;19;12;10;16_M7
1;6;19;12;10;16	1;6;19;12;10;16_M6
1;6;19;12;10;16	1;6;19;12;10;16_M1
1;6;19;12;10;16	1;6;19;12;10;16_M3
1;6;19;12;10;16	1;6;19;12;10;16_M2
0	41;2;7;33;4;45;13;11;17;35;14
41;2;7;33;4;45;13;11;17;35;14	41;2;7;33;4;45;13;11;17;35;14_M3
0	61;9;5;27;22
61;9;5;27;22	61;9;5;27;22_M2
0	21;8;28
21;8;28	21;8;28_M1
0	48;15;3
48;15;3	48;15;3_P
GL	0
0	0_P
0	0_M5
0	0_M4
0	0_M7
0	0_M6
0	0_M1
0	0_M3
0	0_M2
23	57;55;36;34
57;55;36;34	57;55;36;34_M5
57;55;36;34	57;55;36;34_P
57;55;36;34	57;55;36;34_M7
57;55;36;34	57;55;36;34_M4
23	38;56
38;56	38;56_M5
1;6;19;12;10;16	23
23	23_P
23	23_M5
23	23_M4
23	23_M7
23	23_M6
23	23_M1
23	23_M3
23	23_M2
1;6;19;12;10;16	53;39;37;46;49
53;39;37;46;49	53;39;37;46;49_P
53;39;37;46;49	53;39;37;46;49_M6
53;39;37;46;49	53;39;37;46;49_M2
1;6;19;12;10;16	47;31
47;31	47;31_M4
57;55;36;34	68;67
68;67	68;67_M7
53;39;37;46;49	63;66
63;66	63;66_M6
47;31	50
50	50_M4
50	50_M7
