61;9;5;27;22	64;40
64;40	64;40_P
64;40	64;40_M5
64;40	64;40_M4
64;40	64;40_M7
64;40	64;40_M6
64;40	64;40_M1
64;40	64;40_M3
64;40	64;40_M2
0	1;6;19;12;10;16
1;6;19;12;10;16	1;6;19;12;10;16_P
1;6;19;12;10;16	1;6;19;12;10;16_M5
1;6;19;12;10;16	1;6;19;12;10;16_M4
1;6;19;12;10;16	1;6;19;12;10;16_M7
1;6;19;12;10;16	1;6;19;12;10;16_M6
1;6;19;12;10;16	1;6;19;12;10;16_M1
1;6;19;12;10;16	1;6;19;12;10;16_M3
1;6;19;12;10;16	1;6;19;12;10;16_M2
0	41;2;7;33;4;45;13;11;17;35;14
41;2;7;33;4;45;13;11;17;35;14	41;2;7;33;4;45;13;11;17;35;14_P
41;2;7;33;4;45;13;11;17;35;14	41;2;7;33;4;45;13;11;17;35;14_M5
41;2;7;33;4;45;13;11;17;35;14	41;2;7;33;4;45;13;11;17;35;14_M4
41;2;7;33;4;45;13;11;17;35;14	41;2;7;33;4;45;13;11;17;35;14_M7
41;2;7;33;4;45;13;11;17;35;14	41;2;7;33;4;45;13;11;17;35;14_M6
41;2;7;33;4;45;13;11;17;35;14	41;2;7;33;4;45;13;11;17;35;14_M1
41;2;7;33;4;45;13;11;17;35;14	41;2;7;33;4;45;13;11;17;35;14_M3
41;2;7;33;4;45;13;11;17;35;14	41;2;7;33;4;45;13;11;17;35;14_M2
0	61;9;5;27;22
61;9;5;27;22	61;9;5;27;22_P
61;9;5;27;22	61;9;5;27;22_M5
61;9;5;27;22	61;9;5;27;22_M4
61;9;5;27;22	61;9;5;27;22_M7
61;9;5;27;22	61;9;5;27;22_M6
61;9;5;27;22	61;9;5;27;22_M1
61;9;5;27;22	61;9;5;27;22_M3
61;9;5;27;22	61;9;5;27;22_M2
0	21;8;28
21;8;28	21;8;28_P
21;8;28	21;8;28_M5
21;8;28	21;8;28_M4
21;8;28	21;8;28_M7
21;8;28	21;8;28_M6
21;8;28	21;8;28_M1
21;8;28	21;8;28_M3
21;8;28	21;8;28_M2
0	48;15;3
48;15;3	48;15;3_P
48;15;3	48;15;3_M5
48;15;3	48;15;3_M4
48;15;3	48;15;3_M7
48;15;3	48;15;3_M6
48;15;3	48;15;3_M1
48;15;3	48;15;3_M3
48;15;3	48;15;3_M2
GL	0
0	0_P
0	0_M5
0	0_M4
0	0_M7
0	0_M6
0	0_M1
0	0_M3
0	0_M2
23	57;55;36;34
57;55;36;34	57;55;36;34_P
57;55;36;34	57;55;36;34_M5
57;55;36;34	57;55;36;34_M4
57;55;36;34	57;55;36;34_M7
57;55;36;34	57;55;36;34_M6
57;55;36;34	57;55;36;34_M1
57;55;36;34	57;55;36;34_M3
57;55;36;34	57;55;36;34_M2
23	38;56
38;56	38;56_P
38;56	38;56_M5
38;56	38;56_M4
38;56	38;56_M7
38;56	38;56_M6
38;56	38;56_M1
38;56	38;56_M3
38;56	38;56_M2
1;6;19;12;10;16	23
23	23_P
23	23_M5
23	23_M4
23	23_M7
23	23_M6
23	23_M1
23	23_M3
23	23_M2
1;6;19;12;10;16	53;39;37;46;49
53;39;37;46;49	53;39;37;46;49_P
53;39;37;46;49	53;39;37;46;49_M5
53;39;37;46;49	53;39;37;46;49_M4
53;39;37;46;49	53;39;37;46;49_M7
53;39;37;46;49	53;39;37;46;49_M6
53;39;37;46;49	53;39;37;46;49_M1
53;39;37;46;49	53;39;37;46;49_M3
53;39;37;46;49	53;39;37;46;49_M2
1;6;19;12;10;16	47;31
47;31	47;31_P
47;31	47;31_M5
47;31	47;31_M4
47;31	47;31_M7
47;31	47;31_M6
47;31	47;31_M1
47;31	47;31_M3
47;31	47;31_M2
57;55;36;34	68;67
68;67	68;67_P
68;67	68;67_M5
68;67	68;67_M4
68;67	68;67_M7
68;67	68;67_M6
68;67	68;67_M1
68;67	68;67_M3
68;67	68;67_M2
53;39;37;46;49	63;66
63;66	63;66_P
63;66	63;66_M5
63;66	63;66_M4
63;66	63;66_M7
63;66	63;66_M6
63;66	63;66_M1
63;66	63;66_M3
63;66	63;66_M2
47;31	50
50	50_P
50	50_M5
50	50_M4
50	50_M7
50	50_M6
50	50_M1
50	50_M3
50	50_M2
