id, 	 phi, 	 nChildren, 	 nGenes, 	 genes 
0,	[ 1.  1.  1.  1.  1.  1.  1.  1.  1.],	1,	0,	
1,	[ 0.991  0.988  0.984  0.986  0.992  0.996  0.986  0.99   0.99 ],	5,	1,	s0
2,	[ 0.415  0.568  0.246  0.247  0.17   0.694  0.716  0.737  0.758],	3,	6,	s1; s6; s18; s12; s10; s16
3,	[ 0.187  0.218  0.111  0.093  0.088  0.203  0.444  0.188  0.571],	2,	1,	s21
4,	[ 0.008  0.012  0.008  0.008  0.002  0.007  0.225  0.009  0.015],	0,	2,	s30; s42
5,	[ 0.014  0.031  0.015  0.017  0.018  0.026  0.041  0.017  0.385],	1,	4,	s43; s41; s28; s26
6,	[ 0.004  0.008  0.006  0.006  0.006  0.005  0.011  0.008  0.15 ],	0,	2,	s49; s48
7,	[ 0.024  0.026  0.013  0.014  0.01   0.273  0.021  0.01   0.026],	1,	2,	s36; s24
8,	[ 0.016  0.015  0.005  0.007  0.004  0.197  0.013  0.005  0.022],	0,	1,	s39
9,	[ 0.032  0.045  0.024  0.024  0.012  0.022  0.025  0.395  0.022],	1,	5,	s40; s31; s29; s35; s38
10,	[ 0.016  0.013  0.006  0.003  0.005  0.008  0.01   0.195  0.005],	0,	2,	s45; s47
11,	[ 0.163  0.058  0.013  0.011  0.007  0.008  0.008  0.01   0.008],	0,	3,	s37; s15; s3
12,	[ 0.006  0.012  0.338  0.008  0.008  0.005  0.014  0.007  0.003],	0,	3,	s19; s8; s23
13,	[ 0.014  0.019  0.013  0.335  0.015  0.014  0.011  0.01   0.007],	1,	5,	s44; s9; s5; s22; s20
14,	[ 0.004  0.008  0.004  0.259  0.006  0.009  0.003  0.005  0.005],	0,	2,	s46; s32
15,	[ 0.005  0.006  0.008  0.008  0.513  0.004  0.005  0.006  0.004],	0,	11,	s33; s2; s7; s25; s4; s34; s13; s11; s17; s27; s14



            /-4
         /3|
        |   \5 /-6
      /2|
     |  |-7 /-8
     |  |
     |   \9 /-10
     |
-0 /1|--11
     |
     |--12
     |
     |-13/-14
     |
      \-15

Number of non-empty nodes in the tree: 15


id, 	 phi, 	 nChildren, 	 nGenes, 	 genes 
0,	[ 1.  1.  1.  1.  1.  1.  1.  1.  1.],	1,	0,	
1,	[ 0.992  0.989  0.985  0.988  0.994  0.995  0.987  0.989  0.991],	5,	1,	s0
2,	[ 0.421  0.543  0.245  0.226  0.188  0.699  0.708  0.706  0.735],	3,	6,	s1; s6; s18; s12; s10; s16
3,	[ 0.199  0.177  0.112  0.091  0.092  0.21   0.435  0.203  0.551],	2,	1,	s21
4,	[ 0.011  0.01   0.012  0.01   0.002  0.008  0.225  0.013  0.014],	0,	2,	s30; s42
5,	[ 0.013  0.022  0.01   0.012  0.012  0.025  0.029  0.019  0.38 ],	1,	4,	s43; s41; s28; s26
6,	[ 0.006  0.007  0.005  0.008  0.009  0.007  0.009  0.009  0.165],	0,	2,	s49; s48
7,	[ 0.022  0.034  0.014  0.017  0.007  0.259  0.017  0.014  0.026],	1,	2,	s36; s24
8,	[ 0.014  0.022  0.004  0.009  0.004  0.179  0.013  0.008  0.02 ],	0,	1,	s39
9,	[ 0.033  0.049  0.025  0.017  0.016  0.022  0.035  0.362  0.019],	1,	5,	s40; s31; s29; s35; s38
10,	[ 0.019  0.018  0.008  0.005  0.003  0.01   0.008  0.181  0.004],	0,	2,	s45; s47
11,	[ 0.163  0.062  0.009  0.007  0.012  0.006  0.011  0.004  0.008],	0,	3,	s37; s15; s3
12,	[ 0.004  0.013  0.338  0.01   0.006  0.003  0.012  0.009  0.005],	0,	3,	s19; s8; s23
13,	[ 0.01   0.012  0.012  0.354  0.014  0.019  0.009  0.014  0.006],	1,	5,	s44; s9; s5; s22; s20
14,	[ 0.002  0.007  0.005  0.273  0.007  0.015  0.003  0.006  0.003],	0,	2,	s46; s32
15,	[ 0.006  0.01   0.006  0.005  0.502  0.004  0.004  0.003  0.007],	0,	11,	s33; s2; s7; s25; s4; s34; s13; s11; s17; s27; s14



            /-4
         /3|
        |   \5 /-6
      /2|
     |  |-7 /-8
     |  |
     |   \9 /-10
     |
-0 /1|--11
     |
     |--12
     |
     |-13/-14
     |
      \-15

Number of non-empty nodes in the tree: 15


id, 	 phi, 	 nChildren, 	 nGenes, 	 genes 
0,	[ 1.  1.  1.  1.  1.  1.  1.  1.  1.],	1,	0,	
1,	[ 0.99   0.987  0.986  0.989  0.99   0.998  0.994  0.988  0.986],	5,	1,	s0
2,	[ 0.447  0.566  0.263  0.249  0.192  0.681  0.729  0.737  0.722],	3,	6,	s1; s6; s18; s12; s10; s16
3,	[ 0.029  0.036  0.016  0.015  0.014  0.296  0.03   0.014  0.028],	1,	2,	s36; s24
4,	[ 0.006  0.012  0.003  0.004  0.003  0.168  0.007  0.003  0.014],	0,	1,	s39
5,	[ 0.207  0.222  0.136  0.108  0.089  0.19   0.433  0.19   0.518],	2,	1,	s21
6,	[ 0.006  0.012  0.003  0.009  0.004  0.003  0.206  0.01   0.008],	0,	2,	s30; s42
7,	[ 0.019  0.022  0.016  0.012  0.013  0.013  0.029  0.018  0.331],	1,	4,	s43; s41; s28; s26
8,	[ 0.005  0.006  0.009  0.006  0.003  0.004  0.01   0.009  0.128],	0,	2,	s49; s48
9,	[ 0.024  0.045  0.016  0.021  0.013  0.021  0.024  0.374  0.023],	1,	5,	s40; s31; s29; s35; s38
10,	[ 0.015  0.012  0.008  0.003  0.004  0.004  0.009  0.196  0.004],	0,	2,	s45; s47
11,	[ 0.012  0.013  0.333  0.006  0.007  0.003  0.022  0.011  0.003],	0,	3,	s19; s8; s23
12,	[ 0.128  0.063  0.008  0.01   0.009  0.008  0.004  0.009  0.017],	0,	3,	s37; s15; s3
13,	[ 0.016  0.024  0.023  0.351  0.011  0.021  0.012  0.015  0.013],	1,	5,	s44; s9; s5; s22; s20
14,	[ 0.003  0.01   0.007  0.265  0.003  0.01   0.003  0.006  0.004],	0,	2,	s46; s32
15,	[ 0.007  0.006  0.003  0.004  0.511  0.002  0.008  0.004  0.011],	0,	11,	s33; s2; s7; s25; s4; s34; s13; s11; s17; s27; s14



         /3 /-4
        |
        |   /-6
      /2|-5|
     |  |   \7 /-8
     |  |
     |   \9 /-10
     |
-0 /1|--11
     |
     |--12
     |
     |-13/-14
     |
      \-15

Number of non-empty nodes in the tree: 15


id, 	 phi, 	 nChildren, 	 nGenes, 	 genes 
0,	[ 1.  1.  1.  1.  1.  1.  1.  1.  1.],	1,	0,	
1,	[ 0.987  0.984  0.98   0.986  0.992  0.99   0.99   0.983  0.993],	5,	1,	s0
2,	[ 0.405  0.497  0.234  0.24   0.193  0.657  0.699  0.689  0.731],	3,	6,	s1; s6; s18; s12; s10; s16
3,	[ 0.209  0.172  0.113  0.116  0.094  0.178  0.436  0.174  0.516],	2,	1,	s21
4,	[ 0.017  0.007  0.017  0.008  0.003  0.019  0.227  0.009  0.009],	0,	2,	s30; s42
5,	[ 0.015  0.036  0.011  0.018  0.019  0.018  0.029  0.017  0.33 ],	1,	5,	s43; s41; s48; s28; s26
6,	[ 0.007  0.012  0.004  0.008  0.006  0.003  0.011  0.009  0.167],	0,	1,	s49
7,	[ 0.022  0.021  0.012  0.01   0.012  0.239  0.021  0.013  0.026],	1,	2,	s36; s24
8,	[ 0.016  0.007  0.004  0.006  0.006  0.17   0.017  0.005  0.019],	0,	1,	s39
9,	[ 0.021  0.032  0.019  0.015  0.013  0.018  0.027  0.38   0.023],	1,	5,	s40; s31; s29; s35; s38
10,	[ 0.006  0.011  0.009  0.004  0.002  0.007  0.012  0.188  0.01 ],	0,	2,	s45; s47
11,	[ 0.151  0.057  0.003  0.006  0.013  0.008  0.012  0.007  0.011],	0,	3,	s37; s15; s3
12,	[ 0.008  0.006  0.334  0.01   0.008  0.005  0.006  0.007  0.004],	0,	3,	s19; s8; s23
13,	[ 0.007  0.01   0.004  0.005  0.503  0.007  0.006  0.008  0.004],	0,	11,	s33; s2; s7; s25; s4; s34; s13; s11; s17; s27; s14
14,	[ 0.012  0.019  0.014  0.351  0.01   0.016  0.009  0.016  0.016],	1,	5,	s44; s9; s5; s22; s20
15,	[ 0.006  0.01   0.005  0.26   0.004  0.007  0.005  0.007  0.008],	0,	2,	s46; s32



            /-4
         /3|
        |   \5 /-6
      /2|
     |  |-7 /-8
     |  |
     |   \9 /-10
     |
-0 /1|--11
     |
     |--12
     |
     |--13
     |
      \14/-15

Number of non-empty nodes in the tree: 15


id, 	 phi, 	 nChildren, 	 nGenes, 	 genes 
0,	[ 1.  1.  1.  1.  1.  1.  1.  1.  1.],	1,	0,	
1,	[ 0.982  0.99   0.986  0.991  0.987  0.991  0.984  0.984  0.991],	5,	1,	s0
2,	[ 0.431  0.544  0.252  0.273  0.204  0.687  0.715  0.706  0.722],	3,	6,	s1; s6; s18; s12; s10; s16
3,	[ 0.192  0.194  0.105  0.105  0.082  0.175  0.47   0.148  0.49 ],	2,	1,	s21
4,	[ 0.004  0.008  0.008  0.006  0.005  0.007  0.177  0.011  0.012],	0,	2,	s30; s42
5,	[ 0.021  0.031  0.012  0.015  0.009  0.032  0.026  0.02   0.369],	1,	4,	s41; s43; s28; s26
6,	[ 0.005  0.011  0.003  0.004  0.004  0.009  0.009  0.009  0.161],	0,	2,	s49; s48
7,	[ 0.02   0.04   0.017  0.019  0.02   0.042  0.018  0.389  0.02 ],	1,	5,	s40; s31; s35; s29; s38
8,	[ 0.01   0.007  0.003  0.005  0.005  0.017  0.004  0.144  0.004],	0,	2,	s45; s47
9,	[ 0.037  0.056  0.019  0.021  0.017  0.274  0.021  0.033  0.031],	1,	2,	s36; s24
10,	[ 0.004  0.017  0.007  0.012  0.007  0.166  0.003  0.006  0.011],	0,	1,	s39
11,	[ 0.146  0.069  0.006  0.012  0.01   0.007  0.006  0.011  0.006],	0,	3,	s37; s15; s3
12,	[ 0.043  0.058  0.356  0.053  0.032  0.046  0.03   0.039  0.029],	1,	1,	s23
13,	[ 0.012  0.009  0.299  0.012  0.011  0.007  0.008  0.009  0.01 ],	0,	2,	s19; s8
14,	[ 0.033  0.031  0.009  0.353  0.016  0.016  0.01   0.011  0.017],	1,	4,	s9; s5; s22; s20
15,	[ 0.006  0.019  0.004  0.227  0.005  0.004  0.007  0.004  0.006],	0,	3,	s46; s32; s44
16,	[ 0.008  0.005  0.006  0.005  0.52   0.003  0.006  0.004  0.007],	0,	11,	s33; s2; s7; s25; s4; s34; s13; s11; s17; s27; s14



            /-4
         /3|
        |   \5 /-6
      /2|
     |  |-7 /-8
     |  |
     |   \9 /-10
     |
-0 /1|--11
     |
     |-12/-13
     |
     |-14/-15
     |
      \-16

Number of non-empty nodes in the tree: 16


