17;42;40;38	53;66;58
53;66;58	53;66;58_M6
0	7;18
7;18	7;18_P
7;18	7;18_M5
7;18	7;18_M4
7;18	7;18_M7
7;18	7;18_M6
7;18	7;18_M1
7;18	7;18_M3
7;18	7;18_M2
0	17;42;40;38
17;42;40;38	17;42;40;38_M6
0	50;55;32
50;55;32	50;55;32_M7
GL	0
0	0_P
0	0_M5
0	0_M4
0	0_M7
0	0_M6
0	0_M1
0	0_M3
0	0_M2
27;43	48;47
48;47	48;47_M5
7;18	27;43
27;43	27;43_M5
7;18	41;14;3;2;1;11;4;20
41;14;3;2;1;11;4;20	41;14;3;2;1;11;4;20_M4
7;18	56;29
56;29	56;29_M2
7;18	36;33;24
36;33;24	36;33;24_M3
7;18	26
26	26_M1
41;14;3;2;1;11;4;20	23;30;39;65;10
23;30;39;65;10	23;30;39;65;10_M4
