id, 	 phi, 	 nChildren, 	 nGenes, 	 genes 
0,	[ 1.  1.  1.  1.  1.  1.  1.  1.  1.],	1,	0,	
1,	[ 0.99   0.976  0.989  0.979  0.995  0.989  0.993  0.988  0.989],	3,	1,	s0
2,	[ 0.62   0.703  0.758  0.738  0.795  0.752  0.8    0.328  0.514],	5,	2,	s5; s10
3,	[ 0.01   0.02   0.016  0.255  0.015  0.009  0.012  0.007  0.016],	0,	2,	s32; s16
4,	[ 0.011  0.051  0.004  0.008  0.008  0.452  0.007  0.01   0.012],	1,	8,	s24; s8; s3; s2; s1; s7; s4; s11
5,	[ 0.003  0.008  0.002  0.004  0.003  0.1    0.002  0.004  0.008],	0,	5,	s12; s17; s22; s34; s6
6,	[ 0.009  0.012  0.178  0.014  0.006  0.006  0.008  0.01   0.008],	0,	1,	s14
7,	[ 0.024  0.031  0.036  0.021  0.033  0.022  0.338  0.019  0.043],	1,	2,	s15; s26
8,	[ 0.003  0.005  0.004  0.005  0.005  0.005  0.255  0.004  0.018],	0,	2,	s28; s27
9,	[ 0.012  0.005  0.004  0.017  0.271  0.008  0.008  0.006  0.008],	0,	3,	s20; s19; s13
10,	[ 0.017  0.01   0.014  0.012  0.02   0.01   0.01   0.495  0.009],	1,	4,	s9; s25; s23; s21
11,	[ 0.005  0.002  0.007  0.005  0.007  0.002  0.004  0.177  0.003],	0,	3,	s30; s35; s33
12,	[ 0.009  0.003  0.007  0.013  0.011  0.007  0.006  0.004  0.271],	0,	3,	s29; s31; s18



         /-3
        |
        |-4 /-5
        |
      /2|--6
     |  |
     |  |-7 /-8
     |  |
-0 /1|   \-9
     |
     |-10/-11
     |
      \-12

Number of non-empty nodes in the tree: 12


id, 	 phi, 	 nChildren, 	 nGenes, 	 genes 
0,	[ 1.  1.  1.  1.  1.  1.  1.  1.  1.],	1,	0,	
1,	[ 0.975  0.975  0.969  0.984  0.98   0.977  0.984  0.988  0.989],	3,	1,	s0
2,	[ 0.666  0.732  0.767  0.796  0.789  0.773  0.822  0.341  0.541],	5,	2,	s5; s10
3,	[ 0.015  0.015  0.009  0.276  0.01   0.009  0.013  0.008  0.009],	0,	2,	s32; s16
4,	[ 0.017  0.069  0.011  0.02   0.014  0.452  0.017  0.015  0.02 ],	2,	8,	s24; s8; s3; s2; s1; s7; s4; s11
5,	[ 0.003  0.008  0.003  0.006  0.005  0.111  0.006  0.003  0.005],	0,	4,	s17; s22; s34; s6
6,	[ 0.008  0.03   0.004  0.009  0.006  0.088  0.003  0.009  0.005],	0,	1,	s12
7,	[ 0.024  0.009  0.174  0.012  0.009  0.006  0.01   0.015  0.012],	0,	1,	s14
8,	[ 0.027  0.022  0.016  0.025  0.02   0.01   0.334  0.015  0.015],	1,	2,	s15; s26
9,	[ 0.01   0.008  0.007  0.01   0.007  0.003  0.173  0.009  0.007],	0,	2,	s28; s27
10,	[ 0.006  0.009  0.01   0.007  0.267  0.002  0.012  0.005  0.015],	0,	3,	s20; s19; s13
11,	[ 0.01   0.006  0.005  0.006  0.003  0.009  0.012  0.005  0.29 ],	0,	3,	s29; s31; s18
12,	[ 0.017  0.012  0.019  0.011  0.018  0.018  0.008  0.493  0.008],	1,	4,	s9; s25; s23; s21
13,	[ 0.007  0.004  0.004  0.004  0.008  0.007  0.002  0.224  0.004],	0,	3,	s30; s35; s33



         /-3
        |
        |   /-5
        |-4|
        |   \-6
      /2|
     |  |--7
     |  |
     |  |-8 /-9
-0 /1|  |
     |   \-10
     |
     |--11
     |
      \12/-13

Number of non-empty nodes in the tree: 13


id, 	 phi, 	 nChildren, 	 nGenes, 	 genes 
0,	[ 1.  1.  1.  1.  1.  1.  1.  1.  1.],	1,	0,	
1,	[ 0.987  0.974  0.989  0.989  0.983  0.982  0.992  0.997  0.981],	3,	1,	s0
2,	[ 0.729  0.713  0.8    0.782  0.751  0.742  0.766  0.333  0.585],	5,	2,	s5; s10
3,	[ 0.01   0.013  0.016  0.25   0.003  0.009  0.005  0.003  0.006],	0,	2,	s32; s16
4,	[ 0.014  0.057  0.007  0.008  0.014  0.439  0.009  0.011  0.01 ],	1,	8,	s24; s8; s3; s2; s1; s7; s4; s11
5,	[ 0.004  0.018  0.002  0.003  0.006  0.084  0.005  0.002  0.006],	0,	5,	s12; s17; s22; s34; s6
6,	[ 0.008  0.021  0.013  0.004  0.262  0.004  0.017  0.004  0.012],	0,	3,	s20; s19; s13
7,	[ 0.014  0.013  0.178  0.009  0.007  0.016  0.013  0.006  0.017],	0,	1,	s14
8,	[ 0.033  0.024  0.019  0.014  0.011  0.019  0.296  0.011  0.022],	1,	3,	s28; s15; s26
9,	[ 0.012  0.015  0.011  0.003  0.005  0.013  0.092  0.006  0.015],	0,	1,	s27
10,	[ 0.007  0.007  0.01   0.006  0.008  0.015  0.011  0.004  0.265],	0,	3,	s29; s31; s18
11,	[ 0.013  0.019  0.012  0.019  0.017  0.014  0.02   0.529  0.016],	1,	4,	s9; s25; s23; s21
12,	[ 0.005  0.007  0.005  0.008  0.003  0.006  0.007  0.142  0.007],	0,	3,	s30; s35; s33



         /-3
        |
        |-4 /-5
        |
      /2|--6
     |  |
     |  |--7
     |  |
-0 /1|   \8 /-9
     |
     |--10
     |
      \11/-12

Number of non-empty nodes in the tree: 12


id, 	 phi, 	 nChildren, 	 nGenes, 	 genes 
0,	[ 1.  1.  1.  1.  1.  1.  1.  1.  1.],	1,	0,	
1,	[ 0.99   0.975  0.975  0.987  0.986  0.992  0.99   0.989  0.988],	3,	1,	s0
2,	[ 0.665  0.708  0.754  0.781  0.81   0.765  0.755  0.332  0.548],	5,	2,	s5; s10
3,	[ 0.022  0.014  0.014  0.284  0.008  0.005  0.007  0.01   0.012],	0,	2,	s32; s16
4,	[ 0.011  0.054  0.007  0.012  0.004  0.464  0.012  0.01   0.014],	1,	8,	s24; s8; s3; s2; s1; s7; s4; s11
5,	[ 0.002  0.01   0.002  0.005  0.002  0.128  0.002  0.006  0.005],	0,	5,	s12; s17; s22; s34; s6
6,	[ 0.012  0.026  0.021  0.016  0.287  0.006  0.018  0.009  0.016],	1,	2,	s19; s13
7,	[ 0.008  0.01   0.016  0.011  0.182  0.002  0.007  0.004  0.008],	0,	1,	s20
8,	[ 0.012  0.014  0.172  0.009  0.02   0.005  0.014  0.007  0.01 ],	0,	1,	s14
9,	[ 0.007  0.005  0.014  0.008  0.01   0.003  0.277  0.004  0.013],	0,	4,	s28; s15; s26; s27
10,	[ 0.019  0.017  0.004  0.007  0.013  0.006  0.012  0.003  0.263],	0,	3,	s29; s31; s18
11,	[ 0.038  0.021  0.015  0.023  0.02   0.019  0.013  0.474  0.024],	1,	4,	s9; s25; s23; s21
12,	[ 0.007  0.005  0.003  0.006  0.006  0.007  0.005  0.197  0.007],	0,	3,	s30; s35; s33



         /-3
        |
        |-4 /-5
        |
      /2|-6 /-7
     |  |
     |  |--8
     |  |
-0 /1|   \-9
     |
     |--10
     |
      \11/-12

Number of non-empty nodes in the tree: 12


id, 	 phi, 	 nChildren, 	 nGenes, 	 genes 
0,	[ 1.  1.  1.  1.  1.  1.  1.  1.  1.],	1,	0,	
1,	[ 0.99   0.982  0.996  0.983  0.995  0.994  0.988  0.975  0.995],	3,	1,	s0
2,	[ 0.664  0.702  0.793  0.777  0.761  0.761  0.777  0.301  0.543],	5,	2,	s5; s10
3,	[ 0.009  0.01   0.007  0.279  0.006  0.007  0.009  0.008  0.005],	0,	2,	s32; s16
4,	[ 0.01   0.051  0.013  0.017  0.01   0.429  0.005  0.008  0.017],	1,	8,	s24; s8; s3; s2; s1; s7; s4; s11
5,	[ 0.005  0.013  0.002  0.004  0.003  0.097  0.003  0.003  0.003],	0,	5,	s12; s17; s22; s34; s6
6,	[ 0.027  0.027  0.03   0.019  0.25   0.015  0.015  0.016  0.02 ],	1,	2,	s19; s13
7,	[ 0.017  0.018  0.009  0.013  0.187  0.007  0.009  0.01   0.008],	0,	1,	s20
8,	[ 0.013  0.026  0.221  0.006  0.015  0.011  0.01   0.006  0.01 ],	0,	1,	s14
9,	[ 0.029  0.033  0.017  0.015  0.023  0.018  0.315  0.011  0.016],	1,	3,	s28; s15; s26
10,	[ 0.011  0.011  0.007  0.002  0.01   0.01   0.069  0.006  0.011],	0,	1,	s27
11,	[ 0.032  0.019  0.017  0.018  0.02   0.022  0.014  0.501  0.019],	2,	4,	s9; s25; s23; s21
12,	[ 0.013  0.003  0.007  0.005  0.004  0.006  0.003  0.159  0.004],	0,	1,	s33
13,	[ 0.007  0.009  0.005  0.006  0.006  0.004  0.005  0.199  0.006],	0,	2,	s30; s35
14,	[ 0.01   0.005  0.004  0.008  0.017  0.007  0.008  0.004  0.291],	0,	3,	s29; s31; s18



         /-3
        |
        |-4 /-5
        |
      /2|-6 /-7
     |  |
     |  |--8
     |  |
     |   \9 /-10
-0 /1|
     |   /-12
     |-11
     |   \-13
     |
      \-14

Number of non-empty nodes in the tree: 14


