0	8;28;6;4;30;24;11;19
8;28;6;4;30;24;11;19	8;28;6;4;30;24;11;19_M4
8;28;6;4;30;24;11;19	8;28;6;4;30;24;11;19_P
8;28;6;4;30;24;11;19	8;28;6;4;30;24;11;19_M1
8;28;6;4;30;24;11;19	8;28;6;4;30;24;11;19_M3
8;28;6;4;30;24;11;19	8;28;6;4;30;24;11;19_M2
0	61;59;3;1;34;48;55;10;35
61;59;3;1;34;48;55;10;35	61;59;3;1;34;48;55;10;35_M4
61;59;3;1;34;48;55;10;35	61;59;3;1;34;48;55;10;35_P
61;59;3;1;34;48;55;10;35	61;59;3;1;34;48;55;10;35_M1
61;59;3;1;34;48;55;10;35	61;59;3;1;34;48;55;10;35_M3
61;59;3;1;34;48;55;10;35	61;59;3;1;34;48;55;10;35_M2
0	2;31;5;27
2;31;5;27	2;31;5;27_M4
2;31;5;27	2;31;5;27_P
2;31;5;27	2;31;5;27_M1
2;31;5;27	2;31;5;27_M3
2;31;5;27	2;31;5;27_M2
0	7;13;22
7;13;22	7;13;22_M4
7;13;22	7;13;22_P
7;13;22	7;13;22_M1
7;13;22	7;13;22_M3
7;13;22	7;13;22_M2
0	14;54;9;37;25;26;32;29;33;39;52;45;23;49;12
14;54;9;37;25;26;32;29;33;39;52;45;23;49;12	14;54;9;37;25;26;32;29;33;39;52;45;23;49;12_M4
14;54;9;37;25;26;32;29;33;39;52;45;23;49;12	14;54;9;37;25;26;32;29;33;39;52;45;23;49;12_P
14;54;9;37;25;26;32;29;33;39;52;45;23;49;12	14;54;9;37;25;26;32;29;33;39;52;45;23;49;12_M1
14;54;9;37;25;26;32;29;33;39;52;45;23;49;12	14;54;9;37;25;26;32;29;33;39;52;45;23;49;12_M3
14;54;9;37;25;26;32;29;33;39;52;45;23;49;12	14;54;9;37;25;26;32;29;33;39;52;45;23;49;12_M2
0	57;62;36;68;70
57;62;36;68;70	57;62;36;68;70_M4
57;62;36;68;70	57;62;36;68;70_P
57;62;36;68;70	57;62;36;68;70_M1
57;62;36;68;70	57;62;36;68;70_M3
57;62;36;68;70	57;62;36;68;70_M2
GL	0
0	0_M4
0	0_P
0	0_M1
0	0_M3
0	0_M2
56;69;38;46	74;73
74;73	74;73_M4
74;73	74;73_P
74;73	74;73_M1
74;73	74;73_M3
74;73	74;73_M2
8;28;6;4;30;24;11;19	56;69;38;46
56;69;38;46	56;69;38;46_M4
56;69;38;46	56;69;38;46_P
56;69;38;46	56;69;38;46_M1
56;69;38;46	56;69;38;46_M3
56;69;38;46	56;69;38;46_M2
2;31;5;27	42
42	42_M4
42	42_P
42	42_M1
42	42_M3
42	42_M2
7;13;22	17
17	17_M4
17	17_P
17	17_M1
17	17_M3
17	17_M2
