0	8;28;6;4;30;24;11;19
8;28;6;4;30;24;11;19	8;28;6;4;30;24;11;19_M4
8;28;6;4;30;24;11;19	8;28;6;4;30;24;11;19_P
8;28;6;4;30;24;11;19	8;28;6;4;30;24;11;19_M1
8;28;6;4;30;24;11;19	8;28;6;4;30;24;11;19_M3
8;28;6;4;30;24;11;19	8;28;6;4;30;24;11;19_M2
0	61;59;3;1;34;48;55;10;35
61;59;3;1;34;48;55;10;35	61;59;3;1;34;48;55;10;35_M3
0	2;31;5;27
2;31;5;27	2;31;5;27_M4
2;31;5;27	2;31;5;27_P
2;31;5;27	2;31;5;27_M1
2;31;5;27	2;31;5;27_M3
2;31;5;27	2;31;5;27_M2
0	7;13;22
7;13;22	7;13;22_M4
7;13;22	7;13;22_P
7;13;22	7;13;22_M1
7;13;22	7;13;22_M3
7;13;22	7;13;22_M2
0	14;54;9;37;25;26;32;29;33;39;52;45;23;49;12
14;54;9;37;25;26;32;29;33;39;52;45;23;49;12	14;54;9;37;25;26;32;29;33;39;52;45;23;49;12_P
0	57;62;36;68;70
57;62;36;68;70	57;62;36;68;70_P
GL	0
0	0_M4
0	0_P
0	0_M1
0	0_M3
0	0_M2
56;69;38;46	74;73
74;73	74;73_P
74;73	74;73_M4
8;28;6;4;30;24;11;19	56;69;38;46
56;69;38;46	56;69;38;46_P
56;69;38;46	56;69;38;46_M1
56;69;38;46	56;69;38;46_M3
56;69;38;46	56;69;38;46_M4
2;31;5;27	42
42	42_M2
7;13;22	17
17	17_M1
