55;70;56	77
77	77_P
77	77_M5
77	77_M4
77	77_M7
77	77_M6
77	77_M1
77	77_M3
77	77_M2
77	77_M9
77	77_M8
3	48;33;60;39;46
48;33;60;39;46	48;33;60;39;46_P
48;33;60;39;46	48;33;60;39;46_M5
48;33;60;39;46	48;33;60;39;46_M4
48;33;60;39;46	48;33;60;39;46_M7
48;33;60;39;46	48;33;60;39;46_M6
48;33;60;39;46	48;33;60;39;46_M1
48;33;60;39;46	48;33;60;39;46_M3
48;33;60;39;46	48;33;60;39;46_M2
48;33;60;39;46	48;33;60;39;46_M9
48;33;60;39;46	48;33;60;39;46_M8
0	16;20;18;17;5;1;11
16;20;18;17;5;1;11	16;20;18;17;5;1;11_P
16;20;18;17;5;1;11	16;20;18;17;5;1;11_M5
16;20;18;17;5;1;11	16;20;18;17;5;1;11_M4
16;20;18;17;5;1;11	16;20;18;17;5;1;11_M7
16;20;18;17;5;1;11	16;20;18;17;5;1;11_M6
16;20;18;17;5;1;11	16;20;18;17;5;1;11_M1
16;20;18;17;5;1;11	16;20;18;17;5;1;11_M3
16;20;18;17;5;1;11	16;20;18;17;5;1;11_M2
16;20;18;17;5;1;11	16;20;18;17;5;1;11_M9
16;20;18;17;5;1;11	16;20;18;17;5;1;11_M8
0	3
3	3_P
3	3_M5
3	3_M4
3	3_M7
3	3_M6
3	3_M1
3	3_M3
3	3_M2
3	3_M9
3	3_M8
GL	0
0	0_P
0	0_M5
0	0_M4
0	0_M7
0	0_M6
0	0_M1
0	0_M3
0	0_M2
0	0_M9
0	0_M8
36;35	84;73;41;34;68;38;66;81
84;73;41;34;68;38;66;81	84;73;41;34;68;38;66;81_P
84;73;41;34;68;38;66;81	84;73;41;34;68;38;66;81_M5
84;73;41;34;68;38;66;81	84;73;41;34;68;38;66;81_M4
84;73;41;34;68;38;66;81	84;73;41;34;68;38;66;81_M7
84;73;41;34;68;38;66;81	84;73;41;34;68;38;66;81_M6
84;73;41;34;68;38;66;81	84;73;41;34;68;38;66;81_M1
84;73;41;34;68;38;66;81	84;73;41;34;68;38;66;81_M3
84;73;41;34;68;38;66;81	84;73;41;34;68;38;66;81_M2
84;73;41;34;68;38;66;81	84;73;41;34;68;38;66;81_M9
84;73;41;34;68;38;66;81	84;73;41;34;68;38;66;81_M8
36;35	14;13;10;7;6;28;23
14;13;10;7;6;28;23	14;13;10;7;6;28;23_P
14;13;10;7;6;28;23	14;13;10;7;6;28;23_M5
14;13;10;7;6;28;23	14;13;10;7;6;28;23_M4
14;13;10;7;6;28;23	14;13;10;7;6;28;23_M7
14;13;10;7;6;28;23	14;13;10;7;6;28;23_M6
14;13;10;7;6;28;23	14;13;10;7;6;28;23_M1
14;13;10;7;6;28;23	14;13;10;7;6;28;23_M3
14;13;10;7;6;28;23	14;13;10;7;6;28;23_M2
14;13;10;7;6;28;23	14;13;10;7;6;28;23_M9
14;13;10;7;6;28;23	14;13;10;7;6;28;23_M8
16;20;18;17;5;1;11	36;35
36;35	36;35_P
36;35	36;35_M5
36;35	36;35_M4
36;35	36;35_M7
36;35	36;35_M6
36;35	36;35_M1
36;35	36;35_M3
36;35	36;35_M2
36;35	36;35_M9
36;35	36;35_M8
16;20;18;17;5;1;11	43
43	43_P
43	43_M5
43	43_M4
43	43_M7
43	43_M6
43	43_M1
43	43_M3
43	43_M2
43	43_M9
43	43_M8
16;20;18;17;5;1;11	55;70;56
55;70;56	55;70;56_P
55;70;56	55;70;56_M5
55;70;56	55;70;56_M4
55;70;56	55;70;56_M7
55;70;56	55;70;56_M6
55;70;56	55;70;56_M1
55;70;56	55;70;56_M3
55;70;56	55;70;56_M2
55;70;56	55;70;56_M9
55;70;56	55;70;56_M8
16;20;18;17;5;1;11	63;83;40;47
63;83;40;47	63;83;40;47_P
63;83;40;47	63;83;40;47_M5
63;83;40;47	63;83;40;47_M4
63;83;40;47	63;83;40;47_M7
63;83;40;47	63;83;40;47_M6
63;83;40;47	63;83;40;47_M1
63;83;40;47	63;83;40;47_M3
63;83;40;47	63;83;40;47_M2
63;83;40;47	63;83;40;47_M9
63;83;40;47	63;83;40;47_M8
16;20;18;17;5;1;11	61;54;64;30
61;54;64;30	61;54;64;30_P
61;54;64;30	61;54;64;30_M5
61;54;64;30	61;54;64;30_M4
61;54;64;30	61;54;64;30_M7
61;54;64;30	61;54;64;30_M6
61;54;64;30	61;54;64;30_M1
61;54;64;30	61;54;64;30_M3
61;54;64;30	61;54;64;30_M2
61;54;64;30	61;54;64;30_M9
61;54;64;30	61;54;64;30_M8
16;20;18;17;5;1;11	71;57;75;44;78;65;53
71;57;75;44;78;65;53	71;57;75;44;78;65;53_P
71;57;75;44;78;65;53	71;57;75;44;78;65;53_M5
71;57;75;44;78;65;53	71;57;75;44;78;65;53_M4
71;57;75;44;78;65;53	71;57;75;44;78;65;53_M7
71;57;75;44;78;65;53	71;57;75;44;78;65;53_M6
71;57;75;44;78;65;53	71;57;75;44;78;65;53_M1
71;57;75;44;78;65;53	71;57;75;44;78;65;53_M3
71;57;75;44;78;65;53	71;57;75;44;78;65;53_M2
71;57;75;44;78;65;53	71;57;75;44;78;65;53_M9
71;57;75;44;78;65;53	71;57;75;44;78;65;53_M8
72	88
88	88_P
88	88_M5
88	88_M4
88	88_M7
88	88_M6
88	88_M1
88	88_M3
88	88_M2
88	88_M9
88	88_M8
43	72
72	72_P
72	72_M5
72	72_M4
72	72_M7
72	72_M6
72	72_M1
72	72_M3
72	72_M2
72	72_M9
72	72_M8
43	15;29;19;9;8;45;24;26;69;67;22
15;29;19;9;8;45;24;26;69;67;22	15;29;19;9;8;45;24;26;69;67;22_P
15;29;19;9;8;45;24;26;69;67;22	15;29;19;9;8;45;24;26;69;67;22_M5
15;29;19;9;8;45;24;26;69;67;22	15;29;19;9;8;45;24;26;69;67;22_M4
15;29;19;9;8;45;24;26;69;67;22	15;29;19;9;8;45;24;26;69;67;22_M7
15;29;19;9;8;45;24;26;69;67;22	15;29;19;9;8;45;24;26;69;67;22_M6
15;29;19;9;8;45;24;26;69;67;22	15;29;19;9;8;45;24;26;69;67;22_M1
15;29;19;9;8;45;24;26;69;67;22	15;29;19;9;8;45;24;26;69;67;22_M3
15;29;19;9;8;45;24;26;69;67;22	15;29;19;9;8;45;24;26;69;67;22_M2
15;29;19;9;8;45;24;26;69;67;22	15;29;19;9;8;45;24;26;69;67;22_M9
15;29;19;9;8;45;24;26;69;67;22	15;29;19;9;8;45;24;26;69;67;22_M8
