55;70;56	77
77	77_M2
3	48;33;60;39;46
48;33;60;39;46	48;33;60;39;46_M5
0	16;20;18;17;5;1;11
16;20;18;17;5;1;11	16;20;18;17;5;1;11_P
16;20;18;17;5;1;11	16;20;18;17;5;1;11_M5
16;20;18;17;5;1;11	16;20;18;17;5;1;11_M4
16;20;18;17;5;1;11	16;20;18;17;5;1;11_M7
16;20;18;17;5;1;11	16;20;18;17;5;1;11_M6
16;20;18;17;5;1;11	16;20;18;17;5;1;11_M1
16;20;18;17;5;1;11	16;20;18;17;5;1;11_M3
16;20;18;17;5;1;11	16;20;18;17;5;1;11_M2
16;20;18;17;5;1;11	16;20;18;17;5;1;11_M9
16;20;18;17;5;1;11	16;20;18;17;5;1;11_M8
0	3
3	3_P
GL	0
0	0_P
0	0_M8
0	0_M4
36;35	84;73;41;34;68;38;66;81
84;73;41;34;68;38;66;81	84;73;41;34;68;38;66;81_M7
36;35	14;13;10;7;6;28;23
14;13;10;7;6;28;23	14;13;10;7;6;28;23_M4
16;20;18;17;5;1;11	36;35
36;35	36;35_P
36;35	36;35_M5
36;35	36;35_M4
36;35	36;35_M7
36;35	36;35_M6
36;35	36;35_M1
36;35	36;35_M3
36;35	36;35_M2
36;35	36;35_M9
36;35	36;35_M8
16;20;18;17;5;1;11	43
43	43_M4
43	43_M5
43	43_P
43	43_M7
43	43_M6
43	43_M1
43	43_M3
43	43_M8
16;20;18;17;5;1;11	55;70;56
55;70;56	55;70;56_M2
16;20;18;17;5;1;11	63;83;40;47
63;83;40;47	63;83;40;47_M9
16;20;18;17;5;1;11	61;54;64;30
61;54;64;30	61;54;64;30_M6
16;20;18;17;5;1;11	71;57;75;44;78;65;53
71;57;75;44;78;65;53	71;57;75;44;78;65;53_M1
72	88
88	88_M8
43	72
72	72_M8
43	15;29;19;9;8;45;24;26;69;67;22
15;29;19;9;8;45;24;26;69;67;22	15;29;19;9;8;45;24;26;69;67;22_M3
