id, 	 phi, 	 nChildren, 	 nGenes, 	 genes 
0,	[ 1.  1.  1.  1.  1.  1.  1.  1.  1.  1.  1.],	1,	0,	
1,	[ 0.972  0.971  0.995  0.992  0.99   0.987  0.995  0.996  0.992  0.99
  0.994],	2,	1,	s0
2,	[ 0.611  0.591  0.884  0.85   0.854  0.751  0.734  0.861  0.856  0.817
  0.88 ],	6,	7,	s13; s17; s15; s14; s3; s1; s9
3,	[ 0.217  0.205  0.301  0.315  0.241  0.308  0.248  0.226  0.375  0.232
  0.36 ],	2,	2,	s28; s27
4,	[ 0.008  0.007  0.006  0.007  0.006  0.005  0.008  0.003  0.132  0.011
  0.004],	0,	8,	s62; s56; s32; s26; s51; s29; s49; s60
5,	[ 0.005  0.007  0.007  0.009  0.007  0.107  0.004  0.005  0.007  0.009
  0.019],	0,	7,	s11; s10; s8; s5; s4; s22; s19
6,	[ 0.145  0.12   0.154  0.109  0.307  0.213  0.182  0.158  0.178  0.307
  0.109],	2,	1,	s33
7,	[ 0.038  0.012  0.024  0.008  0.024  0.023  0.03   0.019  0.014  0.137
  0.018],	1,	1,	s55
8,	[ 0.013  0.004  0.01   0.002  0.009  0.006  0.015  0.004  0.009  0.035
  0.012],	0,	1,	s63
9,	[ 0.004  0.006  0.004  0.003  0.183  0.009  0.005  0.007  0.003  0.005
  0.004],	0,	11,	s12; s23; s16; s7; s6; s35; s20; s21; s52; s50; s18
10,	[ 0.005  0.006  0.01   0.013  0.009  0.006  0.009  0.008  0.004  0.012
  0.217],	0,	4,	s46; s61; s31; s37
11,	[ 0.004  0.008  0.009  0.004  0.005  0.002  0.002  0.203  0.003  0.009
  0.005],	0,	4,	s45; s40; s47; s24
12,	[ 0.02   0.021  0.013  0.206  0.034  0.015  0.017  0.015  0.022  0.03
  0.015],	1,	3,	s41; s53; s42
13,	[ 0.006  0.008  0.002  0.112  0.007  0.006  0.006  0.003  0.006  0.013
  0.004],	0,	1,	s58
14,	[ 0.01   0.01   0.154  0.009  0.006  0.008  0.006  0.008  0.004  0.004
  0.003],	0,	7,	s54; s43; s57; s34; s59; s48; s39
15,	[ 0.189  0.182  0.049  0.063  0.075  0.106  0.182  0.066  0.064  0.072
  0.057],	1,	1,	s2
16,	[ 0.017  0.009  0.004  0.005  0.006  0.017  0.128  0.005  0.005  0.004
  0.006],	0,	5,	s38; s25; s44; s30; s36



            /-4
         /3|
        |   \-5
        |
        |   /7 /-8
        |-6|
        |   \-9
      /2|
     |  |--10
     |  |
     |  |--11
-0 /1|  |
     |  |-12/-13
     |  |
     |   \-14
     |
      \15/-16

Number of non-empty nodes in the tree: 16


id, 	 phi, 	 nChildren, 	 nGenes, 	 genes 
0,	[ 1.  1.  1.  1.  1.  1.  1.  1.  1.  1.  1.],	1,	0,	
1,	[ 0.987  0.983  0.997  0.993  0.994  0.992  0.985  0.996  0.993  0.995
  0.994],	2,	1,	s0
2,	[ 0.579  0.558  0.867  0.849  0.822  0.761  0.707  0.86   0.821  0.83
  0.892],	6,	7,	s13; s17; s15; s14; s3; s1; s9
3,	[ 0.129  0.114  0.124  0.092  0.299  0.165  0.151  0.149  0.146  0.284
  0.128],	2,	1,	s33
4,	[ 0.004  0.009  0.004  0.005  0.01   0.013  0.006  0.016  0.005  0.116
  0.015],	0,	2,	s63; s55
5,	[ 0.008  0.003  0.003  0.004  0.182  0.004  0.009  0.007  0.005  0.006
  0.005],	0,	11,	s12; s23; s16; s7; s6; s35; s20; s21; s52; s50; s18
6,	[ 0.201  0.168  0.303  0.323  0.224  0.267  0.247  0.204  0.347  0.237
  0.335],	2,	2,	s28; s27
7,	[ 0.006  0.005  0.01   0.006  0.005  0.005  0.007  0.003  0.122  0.003
  0.005],	0,	8,	s62; s56; s32; s26; s51; s29; s49; s60
8,	[ 0.009  0.002  0.004  0.007  0.004  0.086  0.009  0.01   0.004  0.006
  0.007],	0,	7,	s11; s10; s8; s5; s4; s22; s19
9,	[ 0.006  0.007  0.134  0.008  0.01   0.005  0.005  0.006  0.007  0.002
  0.006],	0,	7,	s54; s43; s57; s34; s59; s48; s39
10,	[ 0.01   0.006  0.01   0.179  0.018  0.004  0.009  0.005  0.009  0.005
  0.01 ],	0,	4,	s41; s53; s58; s42
11,	[ 0.005  0.006  0.007  0.009  0.012  0.003  0.013  0.017  0.006  0.009
  0.206],	0,	4,	s46; s61; s31; s37
12,	[ 0.006  0.003  0.01   0.006  0.003  0.01   0.012  0.199  0.01   0.008
  0.007],	0,	4,	s45; s40; s47; s24
13,	[ 0.122  0.152  0.04   0.048  0.055  0.062  0.156  0.038  0.054  0.036
  0.04 ],	1,	1,	s2
14,	[ 0.011  0.019  0.006  0.006  0.011  0.004  0.117  0.003  0.008  0.002
  0.005],	0,	5,	s38; s25; s44; s30; s36



            /-4
         /3|
        |   \-5
        |
        |   /-7
        |-6|
        |   \-8
      /2|
     |  |--9
     |  |
     |  |--10
-0 /1|  |
     |  |--11
     |  |
     |   \-12
     |
      \13/-14

Number of non-empty nodes in the tree: 14


id, 	 phi, 	 nChildren, 	 nGenes, 	 genes 
0,	[ 1.  1.  1.  1.  1.  1.  1.  1.  1.  1.  1.],	1,	0,	
1,	[ 0.97   0.961  0.993  0.995  0.996  0.981  0.993  0.996  0.989  0.993
  0.993],	2,	1,	s0
2,	[ 0.616  0.597  0.87   0.863  0.823  0.74   0.725  0.848  0.845  0.808
  0.88 ],	6,	7,	s13; s17; s15; s14; s3; s1; s9
3,	[ 0.221  0.194  0.313  0.334  0.212  0.292  0.234  0.207  0.359  0.196
  0.328],	2,	2,	s28; s27
4,	[ 0.002  0.007  0.006  0.004  0.006  0.09   0.004  0.004  0.008  0.007
  0.01 ],	0,	7,	s11; s10; s8; s5; s4; s22; s19
5,	[ 0.011  0.008  0.006  0.005  0.009  0.006  0.004  0.003  0.125  0.003
  0.009],	0,	8,	s62; s56; s32; s26; s51; s29; s49; s60
6,	[ 0.017  0.004  0.144  0.006  0.003  0.005  0.009  0.003  0.009  0.003
  0.006],	0,	7,	s54; s43; s57; s34; s59; s48; s39
7,	[ 0.003  0.006  0.011  0.014  0.011  0.004  0.01   0.01   0.009  0.004
  0.231],	0,	4,	s46; s61; s31; s37
8,	[ 0.008  0.004  0.01   0.005  0.008  0.006  0.001  0.212  0.007  0.016
  0.008],	0,	4,	s45; s40; s47; s24
9,	[ 0.129  0.103  0.144  0.105  0.306  0.156  0.162  0.134  0.152  0.278
  0.112],	2,	1,	s33
10,	[ 0.034  0.015  0.038  0.017  0.024  0.025  0.036  0.016  0.015  0.135
  0.025],	1,	1,	s55
11,	[ 0.014  0.004  0.023  0.006  0.008  0.007  0.01   0.004  0.009  0.039
  0.012],	0,	1,	s63
12,	[ 0.007  0.002  0.007  0.001  0.186  0.004  0.003  0.003  0.003  0.003
  0.007],	0,	11,	s12; s23; s16; s7; s6; s35; s20; s21; s52; s50; s18
13,	[ 0.025  0.021  0.015  0.182  0.029  0.021  0.027  0.025  0.028  0.02
  0.012],	1,	3,	s41; s53; s42
14,	[ 0.008  0.008  0.005  0.09   0.006  0.004  0.011  0.01   0.008  0.008
  0.004],	0,	1,	s58
15,	[ 0.198  0.192  0.047  0.049  0.071  0.104  0.184  0.056  0.058  0.084
  0.06 ],	1,	1,	s2
16,	[ 0.014  0.01   0.005  0.002  0.007  0.022  0.136  0.006  0.012  0.012
  0.005],	0,	5,	s38; s25; s44; s30; s36



            /-4
         /3|
        |   \-5
        |
        |--6
        |
        |--7
      /2|
     |  |--8
     |  |
     |  |   /10/-11
-0 /1|  |-9|
     |  |   \-12
     |  |
     |   \13/-14
     |
      \15/-16

Number of non-empty nodes in the tree: 16


id, 	 phi, 	 nChildren, 	 nGenes, 	 genes 
0,	[ 1.  1.  1.  1.  1.  1.  1.  1.  1.  1.  1.],	1,	0,	
1,	[ 0.982  0.984  0.995  0.991  0.992  0.99   0.995  0.993  0.995  0.992
  0.981],	2,	1,	s0
2,	[ 0.578  0.596  0.875  0.863  0.856  0.739  0.747  0.842  0.834  0.856
  0.862],	6,	7,	s13; s17; s15; s14; s3; s1; s9
3,	[ 0.18   0.203  0.303  0.283  0.217  0.296  0.276  0.23   0.351  0.252
  0.319],	2,	2,	s28; s27
4,	[ 0.006  0.002  0.009  0.005  0.003  0.068  0.008  0.008  0.009  0.011
  0.006],	0,	7,	s11; s10; s8; s5; s4; s22; s19
5,	[ 0.006  0.004  0.006  0.006  0.006  0.014  0.003  0.01   0.104  0.013
  0.003],	0,	8,	s62; s56; s32; s26; s51; s29; s49; s60
6,	[ 0.009  0.006  0.17   0.006  0.003  0.003  0.005  0.009  0.005  0.009
  0.003],	0,	7,	s54; s43; s57; s34; s59; s48; s39
7,	[ 0.113  0.128  0.138  0.125  0.354  0.178  0.146  0.168  0.157  0.319
  0.134],	2,	1,	s33
8,	[ 0.016  0.024  0.026  0.027  0.018  0.028  0.04   0.038  0.044  0.144
  0.023],	1,	1,	s55
9,	[ 0.003  0.003  0.004  0.008  0.002  0.004  0.007  0.004  0.006  0.016
  0.004],	0,	1,	s63
10,	[ 0.002  0.003  0.01   0.002  0.233  0.003  0.002  0.002  0.005  0.008
  0.007],	0,	11,	s12; s23; s16; s7; s6; s35; s20; s21; s52; s50; s18
11,	[ 0.009  0.004  0.005  0.016  0.006  0.009  0.007  0.002  0.012  0.005
  0.205],	0,	4,	s46; s61; s31; s37
12,	[ 0.009  0.008  0.006  0.009  0.014  0.01   0.003  0.176  0.003  0.005
  0.007],	0,	4,	s45; s40; s47; s24
13,	[ 0.016  0.014  0.018  0.19   0.019  0.023  0.025  0.024  0.021  0.021
  0.013],	1,	2,	s41; s53
14,	[ 0.005  0.011  0.008  0.166  0.009  0.007  0.01   0.011  0.009  0.011
  0.007],	0,	2,	s58; s42
15,	[ 0.197  0.176  0.035  0.044  0.047  0.062  0.161  0.045  0.042  0.041
  0.038],	1,	1,	s2
16,	[ 0.025  0.01   0.004  0.009  0.007  0.006  0.125  0.007  0.007  0.007
  0.004],	0,	5,	s38; s25; s44; s30; s36



            /-4
         /3|
        |   \-5
        |
        |--6
        |
        |   /8 /-9
      /2|-7|
     |  |   \-10
     |  |
     |  |--11
-0 /1|  |
     |  |--12
     |  |
     |   \13/-14
     |
      \15/-16

Number of non-empty nodes in the tree: 16


id, 	 phi, 	 nChildren, 	 nGenes, 	 genes 
0,	[ 1.  1.  1.  1.  1.  1.  1.  1.  1.  1.  1.],	1,	0,	
1,	[ 0.973  0.978  0.997  0.995  0.996  0.993  0.996  0.993  0.992  0.992
  0.992],	2,	1,	s0
2,	[ 0.622  0.587  0.902  0.876  0.876  0.776  0.766  0.863  0.872  0.848
  0.881],	6,	7,	s13; s17; s15; s14; s3; s1; s9
3,	[ 0.212  0.214  0.337  0.34   0.251  0.299  0.253  0.245  0.396  0.225
  0.332],	2,	2,	s28; s27
4,	[ 0.008  0.005  0.009  0.009  0.005  0.093  0.003  0.002  0.018  0.002
  0.01 ],	0,	7,	s11; s10; s8; s5; s4; s22; s19
5,	[ 0.004  0.006  0.006  0.009  0.005  0.006  0.006  0.003  0.13   0.012
  0.007],	0,	8,	s62; s56; s32; s26; s51; s29; s49; s60
6,	[ 0.125  0.107  0.124  0.108  0.325  0.187  0.152  0.13   0.148  0.295
  0.081],	2,	1,	s33
7,	[ 0.032  0.026  0.027  0.023  0.034  0.029  0.03   0.021  0.029  0.169
  0.014],	1,	1,	s55
8,	[ 0.014  0.012  0.01   0.004  0.008  0.013  0.009  0.005  0.01   0.052
  0.009],	0,	1,	s63
9,	[ 0.008  0.009  0.005  0.005  0.192  0.004  0.004  0.007  0.006  0.006
  0.003],	0,	11,	s12; s23; s16; s7; s6; s35; s20; s21; s52; s50; s18
10,	[ 0.014  0.009  0.006  0.006  0.01   0.003  0.003  0.192  0.004  0.01
  0.006],	0,	4,	s45; s40; s47; s24
11,	[ 0.006  0.007  0.005  0.024  0.007  0.004  0.009  0.01   0.003  0.014
  0.234],	0,	4,	s46; s61; s31; s37
12,	[ 0.008  0.004  0.146  0.011  0.006  0.007  0.01   0.011  0.004  0.006
  0.004],	0,	7,	s54; s43; s57; s34; s59; s48; s39
13,	[ 0.02   0.02   0.021  0.187  0.03   0.018  0.013  0.017  0.026  0.033
  0.016],	1,	3,	s41; s53; s42
14,	[ 0.01   0.008  0.006  0.118  0.006  0.009  0.003  0.006  0.012  0.015
  0.003],	0,	1,	s58
15,	[ 0.184  0.2    0.038  0.059  0.071  0.098  0.146  0.06   0.052  0.06
  0.046],	1,	1,	s2
16,	[ 0.021  0.019  0.004  0.008  0.001  0.013  0.105  0.007  0.007  0.008
  0.005],	0,	5,	s38; s25; s44; s30; s36



            /-4
         /3|
        |   \-5
        |
        |   /7 /-8
        |-6|
        |   \-9
      /2|
     |  |--10
     |  |
     |  |--11
-0 /1|  |
     |  |--12
     |  |
     |   \13/-14
     |
      \15/-16

Number of non-empty nodes in the tree: 16


