3;2	13;12;11;9;41;35;58;24;49;32;60
13;12;11;9;41;35;58;24;49;32;60	13;12;11;9;41;35;58;24;49;32;60_P
13;12;11;9;41;35;58;24;49;32;60	13;12;11;9;41;35;58;24;49;32;60_M5
13;12;11;9;41;35;58;24;49;32;60	13;12;11;9;41;35;58;24;49;32;60_M4
13;12;11;9;41;35;58;24;49;32;60	13;12;11;9;41;35;58;24;49;32;60_M7
13;12;11;9;41;35;58;24;49;32;60	13;12;11;9;41;35;58;24;49;32;60_M6
13;12;11;9;41;35;58;24;49;32;60	13;12;11;9;41;35;58;24;49;32;60_M1
13;12;11;9;41;35;58;24;49;32;60	13;12;11;9;41;35;58;24;49;32;60_M3
13;12;11;9;41;35;58;24;49;32;60	13;12;11;9;41;35;58;24;49;32;60_M2
52;44;7;84;5;81;25;26;66;65;31;19;23	89
89	89_P
89	89_M5
89	89_M4
89	89_M7
89	89_M6
89	89_M1
89	89_M3
89	89_M2
51;53;21;47	55
55	55_P
55	55_M5
55	55_M4
55	55_M7
55	55_M6
55	55_M1
55	55_M3
55	55_M2
1;0	4;8
4;8	4;8_P
4;8	4;8_M5
4;8	4;8_M4
4;8	4;8_M7
4;8	4;8_M6
4;8	4;8_M1
4;8	4;8_M3
4;8	4;8_M2
1;0	29;30;18;17;16
29;30;18;17;16	29;30;18;17;16_P
29;30;18;17;16	29;30;18;17;16_M5
29;30;18;17;16	29;30;18;17;16_M4
29;30;18;17;16	29;30;18;17;16_M7
29;30;18;17;16	29;30;18;17;16_M6
29;30;18;17;16	29;30;18;17;16_M1
29;30;18;17;16	29;30;18;17;16_M3
29;30;18;17;16	29;30;18;17;16_M2
1;0	3;2
3;2	3;2_P
3;2	3;2_M5
3;2	3;2_M4
3;2	3;2_M7
3;2	3;2_M6
3;2	3;2_M1
3;2	3;2_M3
3;2	3;2_M2
1;0	52;44;7;84;5;81;25;26;66;65;31;19;23
52;44;7;84;5;81;25;26;66;65;31;19;23	52;44;7;84;5;81;25;26;66;65;31;19;23_P
52;44;7;84;5;81;25;26;66;65;31;19;23	52;44;7;84;5;81;25;26;66;65;31;19;23_M5
52;44;7;84;5;81;25;26;66;65;31;19;23	52;44;7;84;5;81;25;26;66;65;31;19;23_M4
52;44;7;84;5;81;25;26;66;65;31;19;23	52;44;7;84;5;81;25;26;66;65;31;19;23_M7
52;44;7;84;5;81;25;26;66;65;31;19;23	52;44;7;84;5;81;25;26;66;65;31;19;23_M6
52;44;7;84;5;81;25;26;66;65;31;19;23	52;44;7;84;5;81;25;26;66;65;31;19;23_M1
52;44;7;84;5;81;25;26;66;65;31;19;23	52;44;7;84;5;81;25;26;66;65;31;19;23_M3
52;44;7;84;5;81;25;26;66;65;31;19;23	52;44;7;84;5;81;25;26;66;65;31;19;23_M2
1;0	51;53;21;47
51;53;21;47	51;53;21;47_P
51;53;21;47	51;53;21;47_M5
51;53;21;47	51;53;21;47_M4
51;53;21;47	51;53;21;47_M7
51;53;21;47	51;53;21;47_M6
51;53;21;47	51;53;21;47_M1
51;53;21;47	51;53;21;47_M3
51;53;21;47	51;53;21;47_M2
GL	1;0
1;0	1;0_P
1;0	1;0_M5
1;0	1;0_M4
1;0	1;0_M7
1;0	1;0_M6
1;0	1;0_M1
1;0	1;0_M3
1;0	1;0_M2
46;73;43;77;63	14;27;10
14;27;10	14;27;10_P
14;27;10	14;27;10_M5
14;27;10	14;27;10_M4
14;27;10	14;27;10_M7
14;27;10	14;27;10_M6
14;27;10	14;27;10_M1
14;27;10	14;27;10_M3
14;27;10	14;27;10_M2
4;8	46;73;43;77;63
46;73;43;77;63	46;73;43;77;63_P
46;73;43;77;63	46;73;43;77;63_M5
46;73;43;77;63	46;73;43;77;63_M4
46;73;43;77;63	46;73;43;77;63_M7
46;73;43;77;63	46;73;43;77;63_M6
46;73;43;77;63	46;73;43;77;63_M1
46;73;43;77;63	46;73;43;77;63_M3
46;73;43;77;63	46;73;43;77;63_M2
4;8	54;69;68;62;83
54;69;68;62;83	54;69;68;62;83_P
54;69;68;62;83	54;69;68;62;83_M5
54;69;68;62;83	54;69;68;62;83_M4
54;69;68;62;83	54;69;68;62;83_M7
54;69;68;62;83	54;69;68;62;83_M6
54;69;68;62;83	54;69;68;62;83_M1
54;69;68;62;83	54;69;68;62;83_M3
54;69;68;62;83	54;69;68;62;83_M2
4;8	6
6	6_P
6	6_M5
6	6_M4
6	6_M7
6	6_M6
6	6_M1
6	6_M3
6	6_M2
29;30;18;17;16	42;74;34
42;74;34	42;74;34_P
42;74;34	42;74;34_M5
42;74;34	42;74;34_M4
42;74;34	42;74;34_M7
42;74;34	42;74;34_M6
42;74;34	42;74;34_M1
42;74;34	42;74;34_M3
42;74;34	42;74;34_M2
29;30;18;17;16	67;61;50;40;71;70;45;37
67;61;50;40;71;70;45;37	67;61;50;40;71;70;45;37_P
67;61;50;40;71;70;45;37	67;61;50;40;71;70;45;37_M5
67;61;50;40;71;70;45;37	67;61;50;40;71;70;45;37_M4
67;61;50;40;71;70;45;37	67;61;50;40;71;70;45;37_M7
67;61;50;40;71;70;45;37	67;61;50;40;71;70;45;37_M6
67;61;50;40;71;70;45;37	67;61;50;40;71;70;45;37_M1
67;61;50;40;71;70;45;37	67;61;50;40;71;70;45;37_M3
67;61;50;40;71;70;45;37	67;61;50;40;71;70;45;37_M2
42;74;34	78
78	78_P
78	78_M5
78	78_M4
78	78_M7
78	78_M6
78	78_M1
78	78_M3
78	78_M2
