3;2	13;12;11;9;41;35;58;24;49;32;60
13;12;11;9;41;35;58;24;49;32;60	13;12;11;9;41;35;58;24;49;32;60_M4
52;44;7;84;5;81;25;26;66;65;31;19;23	89
89	89_M7
51;53;21;47	55
55	55_M3
1;0	4;8
4;8	4;8_P
4;8	4;8_M5
4;8	4;8_M4
4;8	4;8_M7
4;8	4;8_M6
4;8	4;8_M1
4;8	4;8_M3
4;8	4;8_M2
1;0	29;30;18;17;16
29;30;18;17;16	29;30;18;17;16_P
29;30;18;17;16	29;30;18;17;16_M5
29;30;18;17;16	29;30;18;17;16_M4
29;30;18;17;16	29;30;18;17;16_M7
29;30;18;17;16	29;30;18;17;16_M6
29;30;18;17;16	29;30;18;17;16_M1
29;30;18;17;16	29;30;18;17;16_M3
29;30;18;17;16	29;30;18;17;16_M2
1;0	3;2
3;2	3;2_P
3;2	3;2_M3
3;2	3;2_M4
1;0	52;44;7;84;5;81;25;26;66;65;31;19;23
52;44;7;84;5;81;25;26;66;65;31;19;23	52;44;7;84;5;81;25;26;66;65;31;19;23_M7
1;0	51;53;21;47
51;53;21;47	51;53;21;47_P
51;53;21;47	51;53;21;47_M3
GL	1;0
1;0	1;0_P
1;0	1;0_M5
1;0	1;0_M4
1;0	1;0_M7
1;0	1;0_M6
1;0	1;0_M1
1;0	1;0_M3
1;0	1;0_M2
46;73;43;77;63	14;27;10
14;27;10	14;27;10_M2
4;8	46;73;43;77;63
46;73;43;77;63	46;73;43;77;63_M2
4;8	54;69;68;62;83
54;69;68;62;83	54;69;68;62;83_M6
4;8	6
29;30;18;17;16	42;74;34
42;74;34	42;74;34_M5
29;30;18;17;16	67;61;50;40;71;70;45;37
67;61;50;40;71;70;45;37	67;61;50;40;71;70;45;37_M1
42;74;34	78
78	78_M5
