id, 	 phi, 	 nChildren, 	 nGenes, 	 genes 
0,	[ 1.  1.  1.  1.  1.  1.  1.  1.  1.],	1,	0,	
1,	[ 0.993  0.995  0.993  0.987  0.993  0.98   0.991  0.991  0.987],	5,	2,	s1; s0
2,	[ 0.247  0.206  0.18   0.492  0.177  0.169  0.153  0.536  0.124],	3,	2,	s4; s8
3,	[ 0.026  0.006  0.011  0.016  0.01   0.007  0.01   0.011  0.005],	0,	1,	s6
4,	[ 0.017  0.021  0.019  0.278  0.014  0.014  0.01   0.012  0.006],	1,	5,	s38; s59; s35; s61; s51
5,	[ 0.006  0.007  0.014  0.167  0.006  0.012  0.002  0.006  0.002],	0,	3,	s14; s24; s10
6,	[ 0.006  0.005  0.007  0.007  0.006  0.008  0.009  0.322  0.003],	0,	5,	s45; s56; s55; s50; s64
7,	[ 0.159  0.176  0.506  0.127  0.139  0.118  0.505  0.107  0.089],	2,	5,	s25; s26; s17; s16; s15
8,	[ 0.028  0.019  0.046  0.024  0.025  0.019  0.313  0.024  0.011],	1,	3,	s34; s60; s29
9,	[ 0.005  0.004  0.012  0.011  0.011  0.009  0.123  0.011  0.005],	0,	1,	s62
10,	[ 0.006  0.004  0.2    0.007  0.009  0.003  0.01   0.004  0.004],	0,	8,	s54; s49; s41; s32; s58; s57; s37; s31
11,	[ 0.065  0.138  0.032  0.04   0.058  0.342  0.049  0.032  0.028],	1,	2,	s3; s2
12,	[ 0.008  0.004  0.003  0.007  0.006  0.27   0.012  0.005  0.001],	0,	11,	s13; s12; s11; s9; s33; s30; s47; s21; s40; s28; s48
13,	[ 0.017  0.013  0.009  0.01   0.014  0.01   0.016  0.017  0.497],	1,	13,	s43; s36; s7; s65; s5; s63; s22; s23; s53; s52; s27; s18; s20
14,	[ 0.008  0.006  0.004  0.005  0.004  0.005  0.005  0.005  0.228],	0,	1,	s66
15,	[ 0.059  0.031  0.03   0.043  0.254  0.02   0.031  0.028  0.022],	1,	4,	s42; s44; s19; s39
16,	[ 0.004  0.003  0.005  0.009  0.158  0.005  0.006  0.005  0.003],	0,	1,	s46



         /-3
        |
      /2|-4 /-5
     |  |
     |   \-6
     |
     |   /8 /-9
     |-7|
-0 /1|   \-10
     |
     |-11/-12
     |
     |-13/-14
     |
      \15/-16

Number of non-empty nodes in the tree: 16


id, 	 phi, 	 nChildren, 	 nGenes, 	 genes 
0,	[ 1.  1.  1.  1.  1.  1.  1.  1.  1.],	1,	0,	
1,	[ 0.992  0.996  0.992  0.988  0.986  0.981  0.988  0.99   0.989],	5,	2,	s1; s0
2,	[ 0.249  0.216  0.159  0.497  0.176  0.175  0.139  0.537  0.124],	3,	2,	s4; s8
3,	[ 0.006  0.007  0.006  0.006  0.008  0.011  0.012  0.319  0.007],	1,	4,	s45; s56; s55; s50
4,	[ 0.004  0.004  0.004  0.004  0.006  0.008  0.01   0.306  0.005],	0,	1,	s64
5,	[ 0.021  0.005  0.007  0.013  0.014  0.004  0.006  0.009  0.003],	0,	1,	s6
6,	[ 0.013  0.017  0.02   0.278  0.017  0.013  0.01   0.014  0.005],	1,	5,	s38; s59; s35; s61; s51
7,	[ 0.007  0.005  0.015  0.168  0.004  0.012  0.003  0.007  0.001],	0,	3,	s14; s24; s10
8,	[ 0.057  0.138  0.032  0.045  0.053  0.366  0.055  0.034  0.04 ],	1,	2,	s3; s2
9,	[ 0.004  0.004  0.003  0.006  0.003  0.287  0.007  0.004  0.003],	0,	11,	s13; s12; s11; s9; s33; s30; s47; s21; s40; s28; s48
10,	[ 0.018  0.016  0.012  0.02   0.012  0.01   0.016  0.02   0.494],	1,	13,	s43; s36; s7; s65; s5; s63; s22; s23; s53; s52; s27; s18; s20
11,	[ 0.007  0.008  0.004  0.01   0.002  0.004  0.005  0.004  0.202],	0,	1,	s66
12,	[ 0.158  0.166  0.523  0.126  0.134  0.116  0.487  0.114  0.078],	2,	5,	s25; s26; s17; s16; s15
13,	[ 0.02   0.02   0.055  0.025  0.022  0.019  0.308  0.022  0.012],	1,	3,	s34; s60; s29
14,	[ 0.004  0.002  0.015  0.015  0.007  0.008  0.122  0.007  0.002],	0,	1,	s62
15,	[ 0.005  0.004  0.2    0.006  0.008  0.007  0.017  0.004  0.004],	0,	8,	s54; s49; s41; s32; s58; s57; s37; s31
16,	[ 0.062  0.034  0.034  0.054  0.257  0.02   0.037  0.028  0.026],	1,	4,	s42; s44; s19; s39
17,	[ 0.007  0.002  0.005  0.012  0.161  0.005  0.005  0.005  0.005],	0,	1,	s46



         /3 /-4
        |
      /2|--5
     |  |
     |   \6 /-7
     |
     |-8 /-9
     |
-0 /1|-10/-11
     |
     |   /13/-14
     |-12
     |   \-15
     |
      \16/-17

Number of non-empty nodes in the tree: 17


id, 	 phi, 	 nChildren, 	 nGenes, 	 genes 
0,	[ 1.  1.  1.  1.  1.  1.  1.  1.  1.],	1,	0,	
1,	[ 0.988  0.995  0.993  0.986  0.991  0.988  0.997  0.989  0.996],	5,	2,	s1; s0
2,	[ 0.29   0.193  0.153  0.458  0.214  0.188  0.15   0.532  0.123],	3,	2,	s4; s8
3,	[ 0.008  0.006  0.006  0.019  0.005  0.006  0.006  0.311  0.005],	0,	5,	s45; s56; s55; s50; s64
4,	[ 0.022  0.011  0.008  0.02   0.01   0.021  0.005  0.007  0.006],	0,	1,	s6
5,	[ 0.036  0.026  0.026  0.261  0.024  0.012  0.017  0.028  0.023],	1,	1,	s59
6,	[ 0.021  0.019  0.018  0.251  0.016  0.008  0.007  0.014  0.016],	1,	4,	s38; s35; s61; s51
7,	[ 0.007  0.008  0.006  0.146  0.006  0.005  0.003  0.006  0.009],	0,	3,	s14; s24; s10
8,	[ 0.15   0.161  0.507  0.141  0.141  0.101  0.502  0.113  0.103],	2,	5,	s25; s26; s17; s16; s15
9,	[ 0.025  0.012  0.043  0.011  0.028  0.016  0.269  0.017  0.012],	1,	3,	s34; s60; s29
10,	[ 0.016  0.007  0.022  0.004  0.014  0.009  0.131  0.004  0.005],	0,	1,	s62
11,	[ 0.007  0.006  0.225  0.006  0.005  0.004  0.011  0.007  0.005],	0,	8,	s54; s49; s41; s32; s58; s57; s37; s31
12,	[ 0.014  0.022  0.019  0.007  0.01   0.011  0.013  0.015  0.499],	1,	13,	s43; s36; s7; s65; s5; s63; s22; s23; s53; s52; s27; s18; s20
13,	[ 0.003  0.009  0.009  0.003  0.005  0.004  0.008  0.005  0.243],	0,	1,	s66
14,	[ 0.047  0.123  0.036  0.036  0.047  0.345  0.032  0.042  0.032],	1,	2,	s3; s2
15,	[ 0.005  0.01   0.004  0.004  0.009  0.308  0.008  0.007  0.003],	0,	11,	s13; s12; s11; s9; s33; s30; s47; s21; s40; s28; s48
16,	[ 0.029  0.015  0.014  0.029  0.222  0.02   0.015  0.017  0.008],	1,	3,	s42; s19; s39
17,	[ 0.013  0.008  0.007  0.005  0.152  0.013  0.007  0.004  0.004],	0,	2,	s46; s44



         /-3
        |
      /2|--4
     |  |
     |   \5 /6 /-7
     |
     |   /9 /-10
     |-8|
-0 /1|   \-11
     |
     |-12/-13
     |
     |-14/-15
     |
      \16/-17

Number of non-empty nodes in the tree: 17


id, 	 phi, 	 nChildren, 	 nGenes, 	 genes 
0,	[ 1.  1.  1.  1.  1.  1.  1.  1.  1.],	1,	0,	
1,	[ 0.992  0.996  0.991  0.994  0.987  0.991  0.996  0.986  0.994],	6,	2,	s1; s0
2,	[ 0.173  0.214  0.15   0.443  0.178  0.129  0.145  0.463  0.118],	3,	2,	s4; s8
3,	[ 0.002  0.003  0.005  0.009  0.011  0.007  0.004  0.286  0.004],	0,	5,	s45; s56; s55; s50; s64
4,	[ 0.006  0.003  0.005  0.234  0.003  0.005  0.002  0.005  0.006],	0,	8,	s38; s61; s10; s14; s35; s51; s24; s59
5,	[ 0.017  0.005  0.004  0.012  0.011  0.002  0.008  0.009  0.005],	0,	1,	s6
6,	[ 0.005  0.005  0.138  0.005  0.007  0.009  0.007  0.009  0.007],	0,	8,	s54; s49; s41; s32; s58; s57; s37; s31
7,	[ 0.082  0.097  0.268  0.08   0.071  0.077  0.445  0.065  0.049],	1,	5,	s25; s26; s17; s16; s15
8,	[ 0.043  0.061  0.17   0.043  0.038  0.049  0.377  0.031  0.027],	1,	3,	s34; s60; s29
9,	[ 0.013  0.013  0.031  0.006  0.003  0.011  0.083  0.004  0.002],	0,	1,	s62
10,	[ 0.071  0.136  0.05   0.042  0.036  0.392  0.037  0.056  0.033],	1,	2,	s3; s2
11,	[ 0.01   0.006  0.004  0.008  0.003  0.307  0.004  0.001  0.004],	0,	11,	s13; s12; s11; s9; s33; s30; s47; s21; s40; s28; s48
12,	[ 0.022  0.01   0.012  0.01   0.016  0.011  0.018  0.007  0.51 ],	1,	13,	s43; s36; s7; s65; s5; s63; s22; s23; s53; s52; s27; s18; s20
13,	[ 0.006  0.003  0.006  0.004  0.006  0.004  0.005  0.004  0.197],	0,	1,	s66
14,	[ 0.032  0.036  0.023  0.022  0.247  0.037  0.019  0.033  0.014],	1,	3,	s42; s19; s39
15,	[ 0.025  0.026  0.015  0.015  0.223  0.03   0.013  0.024  0.007],	1,	1,	s44
16,	[ 0.013  0.01   0.008  0.009  0.149  0.01   0.005  0.007  0.003],	0,	1,	s46



         /-3
        |
      /2|--4
     |  |
     |   \-5
     |
     |--6
     |
-0 /1|-7 /8 /-9
     |
     |-10/-11
     |
     |-12/-13
     |
      \14/15/-16

Number of non-empty nodes in the tree: 16


id, 	 phi, 	 nChildren, 	 nGenes, 	 genes 
0,	[ 1.  1.  1.  1.  1.  1.  1.  1.  1.],	1,	0,	
1,	[ 0.985  0.987  0.982  0.994  0.992  0.984  0.992  0.988  0.994],	7,	2,	s1; s0
2,	[ 0.171  0.187  0.111  0.47   0.154  0.125  0.079  0.465  0.104],	2,	2,	s4; s8
3,	[ 0.01   0.013  0.006  0.009  0.01   0.01   0.011  0.299  0.007],	0,	5,	s45; s56; s55; s50; s64
4,	[ 0.022  0.008  0.013  0.282  0.015  0.019  0.008  0.014  0.012],	1,	5,	s38; s59; s35; s61; s51
5,	[ 0.014  0.007  0.004  0.14   0.005  0.009  0.004  0.008  0.008],	0,	3,	s14; s24; s10
6,	[ 0.032  0.005  0.007  0.006  0.006  0.013  0.003  0.022  0.01 ],	0,	1,	s6
7,	[ 0.019  0.02   0.012  0.023  0.02   0.018  0.017  0.015  0.487],	1,	13,	s43; s36; s7; s65; s5; s63; s22; s23; s53; s52; s27; s18; s20
8,	[ 0.005  0.009  0.002  0.005  0.002  0.003  0.003  0.007  0.161],	0,	1,	s66
9,	[ 0.126  0.183  0.1    0.088  0.086  0.377  0.057  0.062  0.053],	1,	1,	s2
10,	[ 0.062  0.094  0.043  0.042  0.038  0.338  0.03   0.035  0.021],	1,	1,	s3
11,	[ 0.003  0.009  0.011  0.008  0.001  0.297  0.01   0.004  0.005],	0,	11,	s13; s12; s11; s9; s33; s30; s47; s21; s40; s28; s48
12,	[ 0.004  0.006  0.115  0.008  0.002  0.007  0.006  0.006  0.011],	0,	8,	s54; s49; s41; s32; s58; s57; s37; s31
13,	[ 0.065  0.059  0.259  0.025  0.072  0.028  0.456  0.041  0.036],	1,	7,	s17; s16; s15; s26; s34; s25; s29
14,	[ 0.018  0.016  0.088  0.018  0.028  0.016  0.255  0.012  0.013],	1,	1,	s60
15,	[ 0.009  0.007  0.018  0.005  0.015  0.005  0.101  0.004  0.006],	0,	1,	s62
16,	[ 0.028  0.028  0.02   0.031  0.24   0.024  0.017  0.012  0.018],	1,	4,	s42; s44; s19; s39
17,	[ 0.008  0.015  0.005  0.006  0.116  0.011  0.005  0.004  0.005],	0,	1,	s46



         /-3
      /2|
     |   \4 /-5
     |
     |--6
     |
     |-7 /-8
-0 /1|
     |-9 /10/-11
     |
     |--12
     |
     |-13/14/-15
     |
      \16/-17

Number of non-empty nodes in the tree: 17


