4;2;1;0;9;7;6	19
19	19_M4
19	19_P
19	19_M1
19	19_M3
19	19_M2
4;2;1;0;9;7;6	11
11	11_P
11	11_M1
11	11_M4
GL	4;2;1;0;9;7;6
4;2;1;0;9;7;6	4;2;1;0;9;7;6_M4
4;2;1;0;9;7;6	4;2;1;0;9;7;6_P
4;2;1;0;9;7;6	4;2;1;0;9;7;6_M1
4;2;1;0;9;7;6	4;2;1;0;9;7;6_M3
4;2;1;0;9;7;6	4;2;1;0;9;7;6_M2
20	21
21	21_M4
21	21_P
21	21_M1
21	21_M3
21	21_M2
19	20
20	20_M4
20	20_P
20	20_M1
20	20_M3
20	20_M2
19	35;22;40
35;22;40	35;22;40_M4
35;22;40	35;22;40_P
35;22;40	35;22;40_M1
35;22;40	35;22;40_M3
35;22;40	35;22;40_M2
19	27;33
27;33	27;33_P
27;33	27;33_M1
27;33	27;33_M3
27;33	27;33_M4
19	25;32;39
25;32;39	25;32;39_P
25;32;39	25;32;39_M3
25;32;39	25;32;39_M2
