0;1;2;3
4;6
5;7;8;9
13;14;16;20;22;24
31;34;37;40;44;45;53;54;55;58;65;67;74;75;77;79;83;90;97;103;107;108;114
117
121;127;135;156;162;171;175;183;195;200;219;229;250;261;270;277;288;297;309;314;320;327;334;341;347;376;380;395;405;412;421;436;437;446;456
471
123;134;138
160;165;169;173;189;193;206;228;243;259;275;298;305;315;325;354;365;369;388;393;419;433;434
469
480;489
120;126
213
222;231;239;247;254
230;246;253;262
129
308;317
324
344
339;358;363
322;342;348
371
385
390
397;401;409
428;440
451;463
389
396;400;427
423
416
442;453;476
459
466;475;484;492;499
483;491
432;441
548;551;587
554
559;570;576;586
574;584;594
583;615
571;580
623;651;663
589;598;648;660;673;679
581;592
601;612;620;641;655;667
611;626
591;600;610;625;675;680
366;372;377;381;406;413;422;438;447;457;497;501;512;515;519;524;534;542;547;557;562
496;504;513;523;526;529;531;533;537;541;545;549;553;558;563;568;572;593;602;632
132;141;144;148;163;167;179;186;191;197;204;216;249;281;291;300;302;307;311;316;321;329;335;370;379;384;394;411;420;435;445;455;462;503;508;510;517;522;528;530;532;535;538;540;544;546;566
26;36;38;41;46;48;51;61;68;71;80;84;88;93;98;100;101;104;109;112;113;119;128;166;178;203;211;215;226;233;256;263;266;272;280;283;290;295;303;313;319;332;340;383;392;403;417;479;495;502;507;509;516;520;521;525;527;536;539;543
146;150;155;161;170;174;182;190;194;207;218;234;260;269;276;282;285;287;294;296;304;328;360;382;386;391;402;410
133;137;149;154;159;168;181;188;192;199;205;227;258;264;268;274;284;286;293;299;306;310;326;333;346;355;375;378
136;145;153;158;164;180;187;198;217;242;257;267;273;292;301
11;17;28;30;32;35;42;49;52;56;59;60;62;69;72;78;81;86;89;91;94;96;102;105;111;116;122;125;131;139;142;151;157;172;176;184;208
