0;1;2
3
4;7;10
18;22;25;28;34;35;38;40;44;47;64;65;79;85;86;90;96;101;104;115;119;123;129;132;135;138;141;144;149;151;154;156;162;167;171;174;178;186;189;193;197;200;203;204;206;211;214;217;223;225;234;236;238;239;244;246;251;252;257;266;271;283;295;300;317;329;349;351;354;358;363;367;380;388;390;394;395;399;403;407;419;422;429;434;437;445;447;450;453;458;466;469;478;485;488;502;519;529;545;553;554;566;581
584;591
595;602
601;606;609
623;628;630;638;647;650;653;658;665;669;672;674;677;687;691;692;694;697;702;712;721;735;736
757
783
795
772
782
5;6
254
259;268;273;303;319;325;338;342
492
501;509;518;544;564;570
527;536;563;569
497
500;508;526;535;541
507;534;550;562;573;577;583;586
700;704;715;723;739;760
703;707;746;774;784
695;699;709;716;725
698;705;732;742;764
828
832;840
839;843
848;859;866;873
857;864
842
849;853;856;862
852
248;255;274;280;287;292;305;312;316;320;333;348;357;365;370;372;378;387;389;391;398;409;412;415;417;423;425;431;436;440;443;449;451;455;460;463;470;474;479;481;494;503;511;531;556;585;593;597;611;613;616;619;625;629;631;636;639;643;645;649;651;654;655;660;664;666;671;682;685
272;278;286;290;296;309;332;355;362;364;369;371;374;377;384;386;397;401;405;411;414;416;421;428;433;439;448;454;459;462;465;471;475;482;483;487;491;548;560;568;572
588;599;614;618;621;633;637;641;644;646;652;657;662;668;680;683;690;696;701;706;711;717;720;726;756;771;781;794;824;835
8;9;11;12;14;17;20;23;27;31;32;37;41;43;46;49;53;56;59;61;63;67;69;72;74;77;78;82;89;92;95;98;99;107;110;113;117;121;122;125;128;131;137;143;146;148;150;153;159;161;163;166;169;173;177;180;182;185;188;192;195;196;202;209;213;219;229;231;232;233;243;245;253;258;262;267;301;318;330;336;346;350;352;359;361;368;373;376;381;383;385;392;396;400;404;408;410;413;420;427;432;435;441;457;468;473;477;484;489;493;510;530;555;565;571;575;580;594;598;604;608;612;617;620;626;627;632;635;640;656;661;667;673;676;679;686;689;693;710;713;719;734;769;779;792;800;805;810;816;822
615;622;624;634;642;648;659;663;670;675;678;681;684;688
13;16;21;26;29;45;51;58;60;62;66;68;70;71;73;75;81;84;88;91;94;103;106;109;112;114;116;120;124;130;133;140;145;147;158;165;176;179;184;190;194;199;208;210;216;221;227;228;230;241;242;250;285;294;299;308;322;328;345;356;360;366;375;379;382;393;402;406;418;424;426;430;438;442;444;446;452;456;461;464;467;472;476;480
15;19;24;30;33;36;39;42;48;50;52;54;55;57;76;80;83;87;93;97;100;102;105;108;111;118;126;127;134;136;139;142;152;155;157;160;164;168;170;172;175;181;183;187;191;198;201;205;207;212;215;218;220;222;224;226;235;237;240
