0;1;2;3;4
5;9
11
16;20;24;27;31;58;67;72;75;81;85;92;101;112;115;118;122;127;133;147;152;156;165;170;174;176;182;188;193;211;217;232;240;245;256;260;263;266;274;277;280;284;288;291;294;296;306;310;315;319;328;331;337;339;342;346;349;356;359;363;366;379;384;388;392;401;410;415;426;440;454;465;472;481;490;498;507;511;515;520;525;530;535;540;549;550;554;567;571
13;23;26;30;36;41;44;47;51;54;57;60;66;69;80;84;91;95;98;100;106;111;114;126;138;142;146;151;155;158;162;164;171;179;191;195;200;205;212;226;242;246;258;264;268;272;275;276;282;286;289;293;298;304;305;309;314;327;330;336;338;340;341
351;358;361
372;375;381;387;399;411;416;429;436;441;448;455;483;492;513;517;522;528;537;543;565;570;579;587;607;648;658;677;682;689;697;698
707
713;720
357;371;374;386;394;421;428;447;460;466;474;491;500;512;527;531;536;545;547;552;559;563;581;597;610;630;656;671;690;705;706;714;722
6;7;8
172;178;181;187;192;197;209;216;223;231;262;270;273
175;180
186
207;218;265;269
185
12;19;25
391;396;408;414;434
395;407
413
424;433;439;445;452;471;479;488;496
432;444;451;464
419;423;431;438;443;463;494
568;573;583;589;593;602;627;633
572;613;625;639;660
756
771
779;785;793;828;839;849
784;808;822;827;834;842
791;799;807;815
763;770;777;782;797;813
365;376;382;390;400;404
687;695;703;711
719;725;745;752;766
744
761
765
694;702;709;717;733;741;754;759;764;773
845;856
850;855;862;877
861
857;869;884;890;896;916
863;879;883;888
892;913;921
901;912
898;909;919;929;939
926
936
940
737;746;762;768;774;788;811;817;831;836;847;852;858;865;871
600;608;624;638;649;666;679;683;699;723;727;747;755;775;780;789;796;804;823;846;851
406;412;457;485;493;510;518;529;534;539;548;558;566;580;588;598;605;611;623;631;636;688;696;704;712;767;787;795;803;830;835;840
417;449;456;467;484;501;505;509;523;533;538;544;553;557;562;569;575;578;586;599;606;612;637;647;657;665;672;678
14;18;21;28;33;37;42;48;55;61;70;76;87;93;96;102;107;123;130;134;143;148;153;157;166;169;177;184;190;199;234;252;279;297;300;301;308;313;318;322;326;329;332;335;345;348;355;360;368;370;378;380;389;393;398;403;405;409;420;425;459;473;482;499;504;508;516;521;526;541;546;556;561;564;574;577;585;596;609;617;629;646;681;686;693;708;716;728;739;748
34;39;43;50;56;62;65;68;74;86;89;104;109;117;119;124;129;131;136;140;145;150;160;163;168;173;198;203;210;224;239;251;255;283;287;290;299;302;307;311;317;320;323;325;333;343;347;350;353;364;367;373;377;383;385;397;402;427;435;446;453;480;489;497;503;514;519;524;532;542;551;555;560
38;45;49;52;59;64;73;77;82;88;94;99;103;108;113;116;121;128;135;139;144;149;159;167;183;189;194;204;225;233;241;257;267;271;278;281;285;292;295;303;312;316;321;324;334;344;352;354;362;369
10;15;17;22;29;32;35;40;46;53;63;71;78;79;83;90;97;105;110;120;125;132;137;141;154;161
