0
1;2;8;11;15;18;20;24;28;29;36;49;57;65;73;81;86;89;90;91;97;100;106;109;116;120;122;127;132;133;142;148;155;163;169;194;203;221;240;247;263;290;297;301;314;323;349;365;374;398;407;414;446;457;458;462;464;470;475;479;484;485;492;506;534
3
4;7;9;12;16;21;25;30;33;37;42;51;54;58;62;66;68;74;77;82;87;92;94;101;104;110;117;121;124;128;131;135;147;154;158;161;162
172;182;186;197;206
214;223;234
176
188;195
6;17;19;22;26
190
207;224;258;267;280
603;614;620
608;619;625;632;641
332;337;340;344;348;357;360;381;389;406;413
343;356;359;363;377;386;394
474;489;498;518;527;541
478;483;488;497;510
487;495;509;517;540;548
494;507;537
512;521;530;543;568;580;592;600;606
529;542;556;567
572;577;584;589
582
623
638;646
656
659;663;672;681
662;667;671;677;680;682
657;658;665
670;674
233;243;256;265;278;292;302;306;316;322;324;330;335;342;346;354;358;362;366;372;408;416;425;444;449;454;461;471;480;491;505;514;522;532;544;551;559;564;575;585;594;602;631;651
204;213;231;242;291;299;303;308;318;327;329;334;338;341;351;353;361;371;383;391;400;415;424;430;438;448;453;460;467;472;476;481;490;499;513;531;550;558;569;593;601;607;617
249;257;266;279;285;293;312;317;319;331;336;339;347;352;355;367;376;384;392;401;409;426;431;439;445;455;468;477;486;504
181;185;189;230;241;248;255;264;277;284;298;305;311;315;326;333;345;350;375;382;390;399;423;443;447;452;459;463;465;469
5;10;13;14;23;27;32;35;41;45;48;53;55;59;67;70;80;85;88;96;103;112;115;119;123;130;134;137;140;143;145;150;165;171;184;212;229;239;254;262;276;283;289;304;310;313;321;325;328
31;39;40;47;50;52;56;61;64;72;76;79;84;99;102;105;108;111;114;126;136;139;149;153;156;159;164;170;175;180;211;220;228;246;253;275;282;288;300;307;309;320;368;385;393;402;417;432;450;466;473;482;493;525;536;554;562;565;571;581;586;587;595
34;38;43;44;46;60;63;69;71;75;78;83;93;95;98;107;113;118;125;129;138;141;144;151;166
