0;1;2;3;4
5;6;8;13;15;22;26;30;35;40;43;57;61;63;69;74;77;80;84;91;95;98;99;101;103;107;116;119;123;124;139;146;150;156;168;177;191;198;199;203;205;210
215;219;228;231;243;250
266;276;280;291;293;296;301;303;307;311;314;316;323;326;331;334;335;341;344;346;350;353;359;363;366;369;370;372
386;393;401;408;418;437;443;449;461;471;479;487;495;507;520;521;538
552;595;609
569;582;608
7
144;157;180;182;188;193
204;209;213;218
235;242;256;263;270;286
241
208;212;217;226
234;255
240;246;254
413;422
426;435
434;464;474
417;421;425;430;433;441
452;468;483
500;513;527
512;526;557;574
458;490;509
523;540;584;596
539
448;453;476;504;517;532;546;562
459;491;501;514;528;542;558
470;494;506;578
477;486;493;505;518;534;548;564;577;589;600;618;630
567;580;606;615;623;628
579;593
631;634
637
633;636;642
141;166;190;197;201;206;207;211;232;238;251;261;277;281;289;309;315;328;347;354;356;371;375;381;388;391;396;403;410;416;428;440;445;454;460
374;380;390;395;400;402;405;420;439;456;462;465;472;480;496;551;568;581;594;607;624;629
379;389;394;399;409;415;419;438;444;455;488;508;522;537
260;267;272;285;294;297;298;308;317;319;321;324;327;332;338;342;345;352;355;357;360;362;365;378;384;385;398;404;407;427;431;436
223;230;237;249;259;265;275;284;288;290;300;302;306;310;313;318;320;322;330;333;337;340;349;358;368;377;383;392;412;414;423;447
9;11;12;17;21;25;29;32;34;42;45;48;50;53;60;62;66;68;71;76;79;83;87;89;94;97;100;110;113;120;122;126;127;130;132;134;143;151;164;178;186;192;200;214;222;236;248;258;279;283;287;292;295;299;304;305;312;325;329;336;339;343;348;351;361;364;367;373;376;382;397;406;411
18;23;27;31;33;36;38;41;44;46;51;54;56;58;64;72;78;81;85;88;90;92;96;102;104;105;108;109;112;114;117;125;128;135;137;140;152;163;173;176;185;196;202
10;14;16;19;20;24;28;37;39;47;49;52;55;59;65;67;70;73;75;82;86;93;106;111;115;118;121;129;131;133;136
