0;1
2;3;5
13;17
22
33;36;45;48;52;55;60;62;65;67;74;80;85;88;93;96;100;105;119;123;127;133;136;145;150;157;160;164;171;173;176;178;186;190;193;198;202;206;211;214;217;219;220;232;235;239;242;244;247;248;251;255;259;262;264;267
272;282;288
294;302;313;320;330
281
293;301;329
291;306;316;332;339;363;370;376
296;305;323;338
304;315
412;420;431;440;453;463;484;495
419
438;449;459;468
448;458;483;486;491
487;489;518;526
492;500
504;517;540
509;516;524;538;547;554;563;567;572
311;343
574;579;586;602;612;627;634
578;600
585;591;611
568;583;590;597;608
617
625;631;651;656;660;663
570;575;580;588;594;604;622;640
674;678
681;682;694
685;688;690
677;680
358;375;380;387;390;395;397;401;406;411;418;430;437;447;457;467;481;494;499;537;546;562;569;571;576;598;609;618;644;652;657;665
10;14;18;20;23;26;30;35;38;40;43;49;58;64;69;78;83;89;92;95;102;114;117;121;125;129;132;138;142;146;151;154;161;167;174;177;181;191;194;199;203;215;216;224;227;231;234;238;246;258;261;276;286;327;334;341;349;356;366;373;382;384;392;396;399;414;421;434;441;464;470;488;498;513;523;536;553;558;561
300;310;328;335;342;357;360;367;378;385;386;400;410;416;422;428;435;445;456;466;471;476;482;490;514;545;566
361;368;374;379;383;389;393;394;403;405;417;423;429;436;446;477;506;519
7;8;12;15;21;27;31;41;46;50;53;56;71;75;79;90;98;103;106;109;115;130;135;143;147;148;152;155;158;162;165;168;179;182;184;187;192;195;197;200;204;207;209;212;218;221;229;233;236;241;253;257;271;280;299;318;325;365;377;388;391;409;415;442;444;455;465;485
25;29;34;37;39;57;63;66;68;72;77;82;86;87;91;94;97;101;108;111;113;116;120;124;128;134;137;140;141;144;149;153;156;159;163;166;169;172;175;180;185;188;208;210;213;222;223;226;230;237;250;254;285;292;309;319;326;348;355;372;381;398;402;407
4;6;9;11;16;19;24;28;32;42;44;47;51;54;59;61;70;73;76;81;84;99;104;107;110;112;118;122;126;131;139;170;183;189;196;201;205;225;228;240;243;245;249;252;263;270
