2;0	8;21;13;12;26;33
8;21;13;12;26;33	8;21;13;12;26;33_M4
8;21;13;12;26;33	8;21;13;12;26;33_P
8;21;13;12;26;33	8;21;13;12;26;33_M1
8;21;13;12;26;33	8;21;13;12;26;33_M3
8;21;13;12;26;33	8;21;13;12;26;33_M2
2;0	7;6;4;11;10;15;14
7;6;4;11;10;15;14	7;6;4;11;10;15;14_M4
7;6;4;11;10;15;14	7;6;4;11;10;15;14_P
7;6;4;11;10;15;14	7;6;4;11;10;15;14_M1
7;6;4;11;10;15;14	7;6;4;11;10;15;14_M3
7;6;4;11;10;15;14	7;6;4;11;10;15;14_M2
2;0	9;3;5;20;25;24
9;3;5;20;25;24	9;3;5;20;25;24_M4
9;3;5;20;25;24	9;3;5;20;25;24_P
9;3;5;20;25;24	9;3;5;20;25;24_M1
9;3;5;20;25;24	9;3;5;20;25;24_M3
9;3;5;20;25;24	9;3;5;20;25;24_M2
2;0	1
1	1_M4
1	1_P
1	1_M1
1	1_M3
1	1_M2
GL	2;0
2;0	2;0_M4
2;0	2;0_P
2;0	2;0_M1
2;0	2;0_M3
2;0	2;0_M2
38;41	43
43	43_M4
43	43_P
43	43_M1
43	43_M3
43	43_M2
8;21;13;12;26;33	38;41
38;41	38;41_M4
38;41	38;41_P
38;41	38;41_M1
38;41	38;41_M3
38;41	38;41_M2
8;21;13;12;26;33	40;42;39
40;42;39	40;42;39_M4
40;42;39	40;42;39_P
40;42;39	40;42;39_M1
40;42;39	40;42;39_M3
40;42;39	40;42;39_M2
23;16;22	30
30	30_M4
30	30_P
30	30_M1
30	30_M3
30	30_M2
7;6;4;11;10;15;14	23;16;22
23;16;22	23;16;22_M4
23;16;22	23;16;22_P
23;16;22	23;16;22_M1
23;16;22	23;16;22_M3
23;16;22	23;16;22_M2
9;3;5;20;25;24	29
29	29_M4
29	29_P
29	29_M1
29	29_M3
29	29_M2
