4;3;2;0;7;6;5	12;11;18
12;11;18	12;11;18_P
12;11;18	12;11;18_M4
12;11;18	12;11;18_M7
12;11;18	12;11;18_M6
12;11;18	12;11;18_M1
12;11;18	12;11;18_M3
12;11;18	12;11;18_M2
12;11;18	12;11;18_M8
4;3;2;0;7;6;5	10
10	10_P
10	10_M5
10	10_M4
10	10_M7
10	10_M6
10	10_M1
10	10_M3
10	10_M2
10	10_M8
4;3;2;0;7;6;5	30;9;33;26;13;17;22
30;9;33;26;13;17;22	30;9;33;26;13;17;22_M5
4;3;2;0;7;6;5	24;48;36
24;48;36	24;48;36_P
24;48;36	24;48;36_M4
24;48;36	24;48;36_M7
24;48;36	24;48;36_M1
24;48;36	24;48;36_M3
24;48;36	24;48;36_M2
24;48;36	24;48;36_M8
4;3;2;0;7;6;5	44;25
44;25	44;25_M8
44;25	44;25_M3
4;3;2;0;7;6;5	31;8
31;8	31;8_P
31;8	31;8_M4
4;3;2;0;7;6;5	39;23
39;23	39;23_M3
GL	4;3;2;0;7;6;5
4;3;2;0;7;6;5	4;3;2;0;7;6;5_P
4;3;2;0;7;6;5	4;3;2;0;7;6;5_M5
4;3;2;0;7;6;5	4;3;2;0;7;6;5_M4
4;3;2;0;7;6;5	4;3;2;0;7;6;5_M7
4;3;2;0;7;6;5	4;3;2;0;7;6;5_M6
4;3;2;0;7;6;5	4;3;2;0;7;6;5_M1
4;3;2;0;7;6;5	4;3;2;0;7;6;5_M3
4;3;2;0;7;6;5	4;3;2;0;7;6;5_M2
4;3;2;0;7;6;5	4;3;2;0;7;6;5_M8
12;11;18	27
27	27_M6
27	27_M2
12;11;18	46
46	46_P
46	46_M6
10	21;20;14;19;15;35;28
21;20;14;19;15;35;28	21;20;14;19;15;35;28_M1
30;9;33;26;13;17;22	41
41	41_M5
24;48;36	50
50	50_M7
