4;3;2;0;7;6;5	12;11;18
12;11;18	12;11;18_P
12;11;18	12;11;18_M5
12;11;18	12;11;18_M4
12;11;18	12;11;18_M7
12;11;18	12;11;18_M6
12;11;18	12;11;18_M1
12;11;18	12;11;18_M3
12;11;18	12;11;18_M2
12;11;18	12;11;18_M8
4;3;2;0;7;6;5	10
10	10_P
10	10_M5
10	10_M4
10	10_M7
10	10_M6
10	10_M1
10	10_M3
10	10_M2
10	10_M8
4;3;2;0;7;6;5	30;9;33;26;13;17;22
30;9;33;26;13;17;22	30;9;33;26;13;17;22_P
30;9;33;26;13;17;22	30;9;33;26;13;17;22_M5
30;9;33;26;13;17;22	30;9;33;26;13;17;22_M4
30;9;33;26;13;17;22	30;9;33;26;13;17;22_M7
30;9;33;26;13;17;22	30;9;33;26;13;17;22_M6
30;9;33;26;13;17;22	30;9;33;26;13;17;22_M1
30;9;33;26;13;17;22	30;9;33;26;13;17;22_M3
30;9;33;26;13;17;22	30;9;33;26;13;17;22_M2
30;9;33;26;13;17;22	30;9;33;26;13;17;22_M8
4;3;2;0;7;6;5	24;48;36
24;48;36	24;48;36_P
24;48;36	24;48;36_M5
24;48;36	24;48;36_M4
24;48;36	24;48;36_M7
24;48;36	24;48;36_M6
24;48;36	24;48;36_M1
24;48;36	24;48;36_M3
24;48;36	24;48;36_M2
24;48;36	24;48;36_M8
4;3;2;0;7;6;5	44;25
44;25	44;25_P
44;25	44;25_M5
44;25	44;25_M4
44;25	44;25_M7
44;25	44;25_M6
44;25	44;25_M1
44;25	44;25_M3
44;25	44;25_M2
44;25	44;25_M8
4;3;2;0;7;6;5	31;8
31;8	31;8_P
31;8	31;8_M5
31;8	31;8_M4
31;8	31;8_M7
31;8	31;8_M6
31;8	31;8_M1
31;8	31;8_M3
31;8	31;8_M2
31;8	31;8_M8
4;3;2;0;7;6;5	39;23
39;23	39;23_P
39;23	39;23_M5
39;23	39;23_M4
39;23	39;23_M7
39;23	39;23_M6
39;23	39;23_M1
39;23	39;23_M3
39;23	39;23_M2
39;23	39;23_M8
GL	4;3;2;0;7;6;5
4;3;2;0;7;6;5	4;3;2;0;7;6;5_P
4;3;2;0;7;6;5	4;3;2;0;7;6;5_M5
4;3;2;0;7;6;5	4;3;2;0;7;6;5_M4
4;3;2;0;7;6;5	4;3;2;0;7;6;5_M7
4;3;2;0;7;6;5	4;3;2;0;7;6;5_M6
4;3;2;0;7;6;5	4;3;2;0;7;6;5_M1
4;3;2;0;7;6;5	4;3;2;0;7;6;5_M3
4;3;2;0;7;6;5	4;3;2;0;7;6;5_M2
4;3;2;0;7;6;5	4;3;2;0;7;6;5_M8
12;11;18	27
27	27_P
27	27_M5
27	27_M4
27	27_M7
27	27_M6
27	27_M1
27	27_M3
27	27_M2
27	27_M8
12;11;18	46
46	46_P
46	46_M5
46	46_M4
46	46_M7
46	46_M6
46	46_M1
46	46_M3
46	46_M2
46	46_M8
10	21;20;14;19;15;35;28
21;20;14;19;15;35;28	21;20;14;19;15;35;28_P
21;20;14;19;15;35;28	21;20;14;19;15;35;28_M5
21;20;14;19;15;35;28	21;20;14;19;15;35;28_M4
21;20;14;19;15;35;28	21;20;14;19;15;35;28_M7
21;20;14;19;15;35;28	21;20;14;19;15;35;28_M6
21;20;14;19;15;35;28	21;20;14;19;15;35;28_M1
21;20;14;19;15;35;28	21;20;14;19;15;35;28_M3
21;20;14;19;15;35;28	21;20;14;19;15;35;28_M2
21;20;14;19;15;35;28	21;20;14;19;15;35;28_M8
30;9;33;26;13;17;22	41
41	41_P
41	41_M5
41	41_M4
41	41_M7
41	41_M6
41	41_M1
41	41_M3
41	41_M2
41	41_M8
24;48;36	50
50	50_P
50	50_M5
50	50_M4
50	50_M7
50	50_M6
50	50_M1
50	50_M3
50	50_M2
50	50_M8
