id, 	 phi, 	 nChildren, 	 nGenes, 	 genes 
0,	[ 1.  1.  1.  1.  1.  1.  1.  1.  1.  1.],	1,	0,	
1,	[ 0.978  0.955  0.997  0.982  0.986  0.973  0.985  0.985  0.992  0.982],	7,	7,	s3; s2; s1; s0; s6; s5; s4
2,	[ 0.052  0.062  0.046  0.424  0.042  0.034  0.027  0.396  0.059  0.043],	2,	3,	s11; s10; s16
3,	[ 0.017  0.013  0.01   0.3    0.007  0.005  0.005  0.024  0.011  0.004],	0,	1,	s25
4,	[ 0.011  0.021  0.009  0.01   0.004  0.006  0.01   0.149  0.012  0.008],	0,	1,	s35
5,	[ 0.038  0.027  0.025  0.041  0.027  0.036  0.014  0.021  0.364  0.035],	1,	3,	s22; s36; s31
6,	[ 0.012  0.006  0.004  0.01   0.006  0.013  0.004  0.006  0.064  0.004],	0,	1,	s37
7,	[ 0.018  0.013  0.01   0.005  0.013  0.015  0.567  0.008  0.015  0.016],	1,	7,	s27; s8; s29; s24; s12; s15; s20
8,	[ 0.013  0.005  0.003  0.002  0.005  0.011  0.182  0.006  0.007  0.005],	0,	1,	s33
9,	[ 0.008  0.008  0.007  0.01   0.054  0.019  0.007  0.015  0.009  0.3  ],	0,	2,	s34; s23
10,	[ 0.15   0.064  0.335  0.054  0.07   0.075  0.027  0.053  0.044  0.073],	1,	1,	s9
11,	[ 0.009  0.01   0.264  0.004  0.008  0.007  0.004  0.004  0.004  0.003],	0,	7,	s19; s18; s13; s17; s14; s30; s26
12,	[ 0.024  0.035  0.007  0.011  0.013  0.29   0.006  0.008  0.002  0.005],	0,	2,	s28; s7
13,	[ 0.017  0.011  0.007  0.013  0.162  0.008  0.01   0.012  0.005  0.01 ],	0,	2,	s32; s21



         /-3
      /2|
     |   \-4
     |
     |-5 /-6
     |
     |-7 /-8
-0 /1|
     |--9
     |
     |-10/-11
     |
     |--12
     |
      \-13

Number of non-empty nodes in the tree: 13


id, 	 phi, 	 nChildren, 	 nGenes, 	 genes 
0,	[ 1.  1.  1.  1.  1.  1.  1.  1.  1.  1.],	1,	0,	
1,	[ 0.981  0.949  0.99   0.991  0.992  0.975  0.992  0.991  0.991  0.985],	7,	7,	s3; s2; s1; s0; s6; s5; s4
2,	[ 0.072  0.041  0.034  0.411  0.03   0.043  0.038  0.389  0.037  0.035],	2,	3,	s11; s10; s16
3,	[ 0.015  0.008  0.004  0.275  0.007  0.007  0.014  0.046  0.004  0.003],	0,	1,	s25
4,	[ 0.01   0.009  0.008  0.021  0.009  0.014  0.011  0.178  0.012  0.008],	0,	1,	s35
5,	[ 0.02   0.018  0.015  0.018  0.011  0.023  0.022  0.017  0.353  0.014],	1,	3,	s22; s36; s31
6,	[ 0.009  0.006  0.007  0.01   0.008  0.013  0.006  0.006  0.085  0.004],	0,	1,	s37
7,	[ 0.033  0.01   0.015  0.006  0.013  0.012  0.549  0.013  0.013  0.012],	1,	7,	s27; s8; s29; s24; s12; s15; s20
8,	[ 0.012  0.005  0.007  0.004  0.006  0.004  0.115  0.006  0.007  0.01 ],	0,	1,	s33
9,	[ 0.016  0.007  0.009  0.011  0.069  0.007  0.008  0.017  0.004  0.275],	0,	2,	s34; s23
10,	[ 0.074  0.036  0.291  0.019  0.047  0.03   0.026  0.03   0.032  0.022],	1,	1,	s9
11,	[ 0.005  0.005  0.265  0.006  0.01   0.005  0.006  0.005  0.006  0.002],	0,	7,	s19; s18; s13; s17; s14; s30; s26
12,	[ 0.016  0.023  0.005  0.007  0.005  0.269  0.007  0.014  0.008  0.009],	0,	2,	s28; s7
13,	[ 0.009  0.006  0.013  0.007  0.145  0.012  0.003  0.004  0.008  0.005],	0,	2,	s32; s21



         /-3
      /2|
     |   \-4
     |
     |-5 /-6
     |
     |-7 /-8
-0 /1|
     |--9
     |
     |-10/-11
     |
     |--12
     |
      \-13

Number of non-empty nodes in the tree: 13


id, 	 phi, 	 nChildren, 	 nGenes, 	 genes 
0,	[ 1.  1.  1.  1.  1.  1.  1.  1.  1.  1.],	1,	0,	
1,	[ 0.982  0.938  0.989  0.992  0.99   0.986  0.989  0.985  0.998  0.986],	7,	7,	s3; s2; s1; s0; s6; s5; s4
2,	[ 0.031  0.055  0.039  0.442  0.037  0.035  0.03   0.378  0.044  0.033],	2,	3,	s11; s10; s16
3,	[ 0.004  0.01   0.012  0.291  0.01   0.01   0.009  0.028  0.011  0.008],	0,	1,	s25
4,	[ 0.009  0.012  0.009  0.01   0.004  0.004  0.007  0.164  0.005  0.008],	0,	1,	s35
5,	[ 0.024  0.031  0.009  0.012  0.02   0.014  0.544  0.015  0.013  0.015],	1,	7,	s27; s8; s29; s24; s12; s15; s20
6,	[ 0.011  0.013  0.003  0.007  0.007  0.004  0.171  0.004  0.006  0.004],	0,	1,	s33
7,	[ 0.053  0.041  0.042  0.043  0.04   0.034  0.03   0.034  0.363  0.041],	1,	3,	s22; s36; s31
8,	[ 0.02   0.009  0.005  0.012  0.011  0.008  0.006  0.002  0.064  0.006],	0,	1,	s37
9,	[ 0.007  0.018  0.006  0.006  0.083  0.009  0.007  0.01   0.012  0.289],	0,	2,	s34; s23
10,	[ 0.101  0.05   0.315  0.03   0.049  0.051  0.02   0.035  0.029  0.06 ],	1,	1,	s9
11,	[ 0.01   0.002  0.272  0.01   0.008  0.006  0.003  0.002  0.01   0.003],	0,	7,	s19; s18; s13; s17; s14; s30; s26
12,	[ 0.014  0.022  0.011  0.015  0.01   0.293  0.009  0.016  0.006  0.007],	0,	2,	s28; s7
13,	[ 0.027  0.013  0.002  0.009  0.174  0.007  0.008  0.007  0.017  0.003],	0,	2,	s32; s21



         /-3
      /2|
     |   \-4
     |
     |-5 /-6
     |
     |-7 /-8
-0 /1|
     |--9
     |
     |-10/-11
     |
     |--12
     |
      \-13

Number of non-empty nodes in the tree: 13


id, 	 phi, 	 nChildren, 	 nGenes, 	 genes 
0,	[ 1.  1.  1.  1.  1.  1.  1.  1.  1.  1.],	1,	0,	
1,	[ 0.981  0.966  0.978  0.989  0.991  0.982  0.995  0.986  0.982  0.987],	7,	7,	s3; s2; s1; s0; s6; s5; s4
2,	[ 0.011  0.006  0.009  0.014  0.067  0.006  0.009  0.009  0.008  0.268],	0,	2,	s34; s23
3,	[ 0.099  0.016  0.321  0.011  0.02   0.016  0.015  0.02   0.019  0.019],	1,	1,	s9
4,	[ 0.012  0.003  0.312  0.001  0.009  0.007  0.008  0.007  0.008  0.005],	0,	7,	s19; s18; s13; s17; s14; s30; s26
5,	[ 0.013  0.012  0.005  0.007  0.159  0.009  0.005  0.006  0.011  0.007],	0,	2,	s32; s21
6,	[ 0.01   0.009  0.008  0.002  0.013  0.267  0.003  0.021  0.014  0.008],	0,	2,	s28; s7
7,	[ 0.039  0.043  0.02   0.413  0.027  0.036  0.024  0.351  0.038  0.044],	2,	3,	s11; s10; s16
8,	[ 0.013  0.006  0.002  0.035  0.005  0.007  0.008  0.219  0.01   0.018],	0,	1,	s35
9,	[ 0.01   0.009  0.003  0.295  0.009  0.007  0.007  0.066  0.011  0.015],	0,	1,	s25
10,	[ 0.025  0.034  0.016  0.019  0.015  0.02   0.577  0.013  0.016  0.021],	1,	7,	s27; s8; s29; s24; s12; s15; s20
11,	[ 0.005  0.017  0.008  0.005  0.006  0.006  0.159  0.004  0.005  0.007],	0,	1,	s33
12,	[ 0.037  0.03   0.025  0.031  0.023  0.031  0.017  0.018  0.323  0.024],	1,	3,	s22; s36; s31
13,	[ 0.009  0.011  0.006  0.011  0.01   0.008  0.002  0.005  0.101  0.01 ],	0,	1,	s37



      /-2
     |
     |-3 /-4
     |
     |--5
     |
     |--6
-0 /1|
     |   /-8
     |-7|
     |   \-9
     |
     |-10/-11
     |
      \12/-13

Number of non-empty nodes in the tree: 13


id, 	 phi, 	 nChildren, 	 nGenes, 	 genes 
0,	[ 1.  1.  1.  1.  1.  1.  1.  1.  1.  1.],	1,	0,	
1,	[ 0.986  0.976  0.989  0.993  0.985  0.991  0.984  0.99   0.99   0.986],	7,	7,	s3; s2; s1; s0; s6; s5; s4
2,	[ 0.014  0.007  0.01   0.019  0.151  0.008  0.011  0.007  0.014  0.021],	0,	2,	s32; s21
3,	[ 0.018  0.014  0.021  0.027  0.051  0.012  0.007  0.013  0.013  0.283],	0,	2,	s34; s23
4,	[ 0.113  0.047  0.382  0.043  0.049  0.043  0.038  0.051  0.042  0.042],	1,	1,	s9
5,	[ 0.007  0.005  0.328  0.003  0.004  0.004  0.003  0.009  0.006  0.007],	0,	7,	s19; s18; s13; s17; s14; s30; s26
6,	[ 0.002  0.015  0.007  0.01   0.009  0.312  0.009  0.016  0.008  0.015],	0,	2,	s28; s7
7,	[ 0.033  0.056  0.022  0.423  0.036  0.038  0.026  0.412  0.051  0.032],	2,	3,	s11; s10; s16
8,	[ 0.005  0.02   0.005  0.315  0.014  0.006  0.006  0.024  0.01   0.011],	0,	1,	s25
9,	[ 0.009  0.011  0.004  0.019  0.006  0.011  0.007  0.211  0.013  0.012],	0,	1,	s35
10,	[ 0.009  0.012  0.011  0.011  0.012  0.009  0.496  0.008  0.007  0.017],	1,	7,	s27; s8; s29; s24; s12; s15; s20
11,	[ 0.004  0.009  0.005  0.003  0.002  0.004  0.21   0.002  0.003  0.01 ],	0,	1,	s33
12,	[ 0.056  0.035  0.033  0.034  0.042  0.027  0.03   0.026  0.333  0.022],	1,	3,	s22; s36; s31
13,	[ 0.014  0.009  0.008  0.008  0.006  0.003  0.004  0.007  0.104  0.008],	0,	1,	s37



      /-2
     |
     |--3
     |
     |-4 /-5
     |
     |--6
-0 /1|
     |   /-8
     |-7|
     |   \-9
     |
     |-10/-11
     |
      \12/-13

Number of non-empty nodes in the tree: 13


