0	12;11;26;16
12;11;26;16	12;11;26;16_P
12;11;26;16	12;11;26;16_M5
12;11;26;16	12;11;26;16_M4
12;11;26;16	12;11;26;16_M1
12;11;26;16	12;11;26;16_M3
12;11;26;16	12;11;26;16_M2
12;11;26;16	12;11;26;16_M8
0	1
1	1_M5
1	1_P
1	1_M1
1	1_M3
0	8;7;31;14
8;7;31;14	8;7;31;14_M8
0	28;44;47;40;32
28;44;47;40;32	28;44;47;40;32_M7
0	4;25
4;25	4;25_P
4;25	4;25_M3
0	29;38;35;46
29;38;35;46	29;38;35;46_M5
0	17
17	17_M1
0	18
18	18_M7
GL	0
0	0_P
0	0_M5
0	0_M4
0	0_M7
0	0_M6
0	0_M1
0	0_M3
0	0_M2
0	0_M8
12;11;26;16	24;23
24;23	24;23_M2
1	6;10;9;15;13;36;42
6;10;9;15;13;36;42	6;10;9;15;13;36;42_M6
