0	12;11;26;16
12;11;26;16	12;11;26;16_P
12;11;26;16	12;11;26;16_M5
12;11;26;16	12;11;26;16_M4
12;11;26;16	12;11;26;16_M7
12;11;26;16	12;11;26;16_M6
12;11;26;16	12;11;26;16_M1
12;11;26;16	12;11;26;16_M3
12;11;26;16	12;11;26;16_M2
12;11;26;16	12;11;26;16_M8
0	1
1	1_P
1	1_M5
1	1_M4
1	1_M7
1	1_M6
1	1_M1
1	1_M3
1	1_M2
1	1_M8
0	8;7;31;14
8;7;31;14	8;7;31;14_P
8;7;31;14	8;7;31;14_M5
8;7;31;14	8;7;31;14_M4
8;7;31;14	8;7;31;14_M7
8;7;31;14	8;7;31;14_M6
8;7;31;14	8;7;31;14_M1
8;7;31;14	8;7;31;14_M3
8;7;31;14	8;7;31;14_M2
8;7;31;14	8;7;31;14_M8
0	28;44;47;40;32
28;44;47;40;32	28;44;47;40;32_P
28;44;47;40;32	28;44;47;40;32_M5
28;44;47;40;32	28;44;47;40;32_M4
28;44;47;40;32	28;44;47;40;32_M7
28;44;47;40;32	28;44;47;40;32_M6
28;44;47;40;32	28;44;47;40;32_M1
28;44;47;40;32	28;44;47;40;32_M3
28;44;47;40;32	28;44;47;40;32_M2
28;44;47;40;32	28;44;47;40;32_M8
0	4;25
4;25	4;25_P
4;25	4;25_M5
4;25	4;25_M4
4;25	4;25_M7
4;25	4;25_M6
4;25	4;25_M1
4;25	4;25_M3
4;25	4;25_M2
4;25	4;25_M8
0	29;38;35;46
29;38;35;46	29;38;35;46_P
29;38;35;46	29;38;35;46_M5
29;38;35;46	29;38;35;46_M4
29;38;35;46	29;38;35;46_M7
29;38;35;46	29;38;35;46_M6
29;38;35;46	29;38;35;46_M1
29;38;35;46	29;38;35;46_M3
29;38;35;46	29;38;35;46_M2
29;38;35;46	29;38;35;46_M8
0	17
17	17_P
17	17_M5
17	17_M4
17	17_M7
17	17_M6
17	17_M1
17	17_M3
17	17_M2
17	17_M8
0	18
18	18_P
18	18_M5
18	18_M4
18	18_M7
18	18_M6
18	18_M1
18	18_M3
18	18_M2
18	18_M8
GL	0
0	0_P
0	0_M5
0	0_M4
0	0_M7
0	0_M6
0	0_M1
0	0_M3
0	0_M2
0	0_M8
12;11;26;16	24;23
24;23	24;23_P
24;23	24;23_M5
24;23	24;23_M4
24;23	24;23_M7
24;23	24;23_M6
24;23	24;23_M1
24;23	24;23_M3
24;23	24;23_M2
24;23	24;23_M8
1	6;10;9;15;13;36;42
6;10;9;15;13;36;42	6;10;9;15;13;36;42_P
6;10;9;15;13;36;42	6;10;9;15;13;36;42_M5
6;10;9;15;13;36;42	6;10;9;15;13;36;42_M4
6;10;9;15;13;36;42	6;10;9;15;13;36;42_M7
6;10;9;15;13;36;42	6;10;9;15;13;36;42_M6
6;10;9;15;13;36;42	6;10;9;15;13;36;42_M1
6;10;9;15;13;36;42	6;10;9;15;13;36;42_M3
6;10;9;15;13;36;42	6;10;9;15;13;36;42_M2
6;10;9;15;13;36;42	6;10;9;15;13;36;42_M8
