id, 	 phi, 	 nChildren, 	 nGenes, 	 genes 
0,	[ 1.  1.  1.  1.  1.  1.  1.  1.  1.  1.],	1,	0,	
1,	[ 0.981  0.988  0.985  0.993  0.993  0.99   0.993  0.998  0.986  0.995],	8,	1,	s0
2,	[ 0.045  0.054  0.033  0.023  0.035  0.021  0.049  0.455  0.021  0.019],	1,	1,	s1
3,	[ 0.01   0.002  0.01   0.005  0.006  0.003  0.006  0.441  0.008  0.005],	0,	7,	s3; s7; s6; s12; s10; s25; s28
4,	[ 0.012  0.01   0.006  0.007  0.004  0.006  0.006  0.005  0.004  0.391],	0,	4,	s5; s4; s22; s11
5,	[ 0.038  0.042  0.04   0.355  0.023  0.38   0.041  0.02   0.02   0.044],	1,	4,	s9; s8; s19; s13
6,	[ 0.006  0.007  0.006  0.25   0.003  0.017  0.006  0.003  0.003  0.005],	0,	2,	s17; s16
7,	[ 0.009  0.011  0.01   0.004  0.009  0.004  0.005  0.008  0.013  0.006],	0,	1,	s15
8,	[ 0.009  0.012  0.007  0.009  0.012  0.009  0.27   0.003  0.009  0.01 ],	0,	4,	s21; s26; s24; s30
9,	[ 0.022  0.007  0.017  0.004  0.257  0.006  0.011  0.018  0.009  0.01 ],	0,	2,	s2; s18
10,	[ 0.012  0.006  0.027  0.005  0.008  0.008  0.008  0.005  0.014  0.006],	0,	1,	s14
11,	[ 0.005  0.012  0.011  0.005  0.005  0.012  0.008  0.008  0.355  0.004],	0,	5,	s20; s29; s31; s27; s23



      /2 /-3
     |
     |--4
     |
     |-5 /-6
     |
     |--7
-0 /1|
     |--8
     |
     |--9
     |
     |--10
     |
      \-11

Number of non-empty nodes in the tree: 11


id, 	 phi, 	 nChildren, 	 nGenes, 	 genes 
0,	[ 1.  1.  1.  1.  1.  1.  1.  1.  1.  1.],	1,	0,	
1,	[ 0.982  0.997  0.99   0.986  0.989  0.989  0.989  0.994  0.984  0.983],	7,	1,	s0
2,	[ 0.007  0.013  0.03   0.007  0.242  0.017  0.018  0.008  0.005  0.011],	0,	2,	s2; s18
3,	[ 0.012  0.003  0.015  0.005  0.005  0.005  0.008  0.004  0.332  0.005],	0,	5,	s20; s29; s31; s27; s23
4,	[ 0.057  0.052  0.045  0.357  0.055  0.384  0.029  0.03   0.044  0.029],	1,	4,	s9; s8; s19; s13
5,	[ 0.013  0.008  0.006  0.243  0.004  0.042  0.002  0.004  0.004  0.004],	0,	2,	s17; s16
6,	[ 0.006  0.008  0.007  0.014  0.005  0.006  0.008  0.01   0.009  0.408],	0,	4,	s5; s4; s22; s11
7,	[ 0.023  0.011  0.032  0.005  0.021  0.004  0.021  0.006  0.01   0.019],	0,	2,	s15; s14
8,	[ 0.032  0.057  0.034  0.013  0.024  0.021  0.027  0.467  0.017  0.017],	1,	1,	s1
9,	[ 0.006  0.003  0.008  0.003  0.005  0.007  0.004  0.429  0.007  0.005],	0,	7,	s3; s7; s6; s12; s10; s25; s28
10,	[ 0.006  0.015  0.008  0.01   0.014  0.003  0.299  0.009  0.008  0.004],	0,	4,	s21; s26; s24; s30



      /-2
     |
     |--3
     |
     |-4 /-5
     |
-0 /1|--6
     |
     |--7
     |
     |-8 /-9
     |
      \-10

Number of non-empty nodes in the tree: 10


id, 	 phi, 	 nChildren, 	 nGenes, 	 genes 
0,	[ 1.  1.  1.  1.  1.  1.  1.  1.  1.  1.],	1,	0,	
1,	[ 0.985  0.987  0.992  0.978  0.987  0.99   0.984  0.992  0.994  0.991],	8,	1,	s0
2,	[ 0.05   0.052  0.054  0.388  0.051  0.375  0.056  0.046  0.037  0.041],	1,	4,	s9; s8; s19; s13
3,	[ 0.011  0.005  0.012  0.253  0.009  0.037  0.004  0.007  0.008  0.003],	0,	2,	s17; s16
4,	[ 0.005  0.007  0.038  0.012  0.011  0.005  0.016  0.016  0.007  0.004],	0,	1,	s14
5,	[ 0.009  0.01   0.012  0.011  0.011  0.004  0.299  0.008  0.012  0.003],	0,	4,	s21; s26; s24; s30
6,	[ 0.012  0.01   0.014  0.011  0.009  0.016  0.009  0.005  0.007  0.412],	0,	4,	s5; s4; s22; s11
7,	[ 0.032  0.097  0.026  0.025  0.021  0.032  0.021  0.459  0.016  0.022],	1,	1,	s1
8,	[ 0.004  0.006  0.008  0.008  0.008  0.009  0.003  0.437  0.002  0.006],	0,	7,	s3; s7; s6; s12; s10; s25; s28
9,	[ 0.006  0.013  0.025  0.009  0.01   0.005  0.008  0.006  0.018  0.016],	0,	1,	s15
10,	[ 0.01   0.013  0.013  0.006  0.245  0.009  0.015  0.008  0.004  0.005],	0,	2,	s2; s18
11,	[ 0.009  0.003  0.018  0.011  0.004  0.004  0.009  0.003  0.327  0.005],	0,	5,	s20; s29; s31; s27; s23



      /2 /-3
     |
     |--4
     |
     |--5
     |
     |--6
-0 /1|
     |-7 /-8
     |
     |--9
     |
     |--10
     |
      \-11

Number of non-empty nodes in the tree: 11


id, 	 phi, 	 nChildren, 	 nGenes, 	 genes 
0,	[ 1.  1.  1.  1.  1.  1.  1.  1.  1.  1.],	1,	0,	
1,	[ 0.984  0.981  0.983  0.992  0.986  0.994  0.988  0.992  0.994  0.982],	8,	1,	s0
2,	[ 0.029  0.038  0.047  0.37   0.03   0.365  0.033  0.036  0.039  0.021],	1,	4,	s9; s8; s19; s13
3,	[ 0.008  0.01   0.015  0.22   0.007  0.038  0.006  0.003  0.006  0.005],	0,	2,	s17; s16
4,	[ 0.007  0.005  0.019  0.004  0.005  0.009  0.276  0.005  0.002  0.012],	0,	4,	s21; s26; s24; s30
5,	[ 0.008  0.005  0.009  0.004  0.017  0.01   0.004  0.01   0.008  0.37 ],	0,	4,	s5; s4; s22; s11
6,	[ 0.028  0.072  0.048  0.022  0.036  0.026  0.028  0.418  0.019  0.016],	1,	1,	s1
7,	[ 0.002  0.005  0.009  0.004  0.007  0.007  0.004  0.405  0.002  0.006],	0,	7,	s3; s7; s6; s12; s10; s25; s28
8,	[ 0.003  0.004  0.027  0.012  0.006  0.006  0.015  0.013  0.008  0.007],	0,	1,	s15
9,	[ 0.013  0.014  0.005  0.017  0.238  0.012  0.007  0.004  0.009  0.004],	0,	2,	s2; s18
10,	[ 0.019  0.02   0.031  0.01   0.008  0.009  0.016  0.004  0.013  0.005],	0,	1,	s14
11,	[ 0.012  0.008  0.005  0.004  0.008  0.005  0.007  0.002  0.332  0.003],	0,	5,	s20; s29; s31; s27; s23



      /2 /-3
     |
     |--4
     |
     |--5
     |
     |-6 /-7
-0 /1|
     |--8
     |
     |--9
     |
     |--10
     |
      \-11

Number of non-empty nodes in the tree: 11


id, 	 phi, 	 nChildren, 	 nGenes, 	 genes 
0,	[ 1.  1.  1.  1.  1.  1.  1.  1.  1.  1.],	1,	0,	
1,	[ 0.956  0.975  0.977  0.995  0.992  0.987  0.992  0.99   0.985  0.985],	7,	1,	s0
2,	[ 0.042  0.029  0.031  0.328  0.034  0.423  0.029  0.021  0.035  0.033],	1,	4,	s9; s8; s19; s13
3,	[ 0.009  0.004  0.01   0.221  0.004  0.036  0.004  0.005  0.01   0.004],	0,	2,	s17; s16
4,	[ 0.011  0.012  0.01   0.017  0.009  0.008  0.011  0.005  0.012  0.399],	0,	4,	s5; s4; s22; s11
5,	[ 0.053  0.073  0.036  0.049  0.041  0.039  0.039  0.448  0.037  0.023],	1,	1,	s1
6,	[ 0.005  0.004  0.006  0.007  0.005  0.004  0.007  0.409  0.006  0.004],	0,	7,	s3; s7; s6; s12; s10; s25; s28
7,	[ 0.009  0.014  0.011  0.004  0.006  0.01   0.262  0.009  0.01   0.01 ],	0,	4,	s21; s26; s24; s30
8,	[ 0.04   0.048  0.047  0.028  0.274  0.024  0.023  0.023  0.026  0.023],	1,	2,	s2; s18
9,	[ 0.012  0.015  0.01   0.007  0.042  0.009  0.011  0.01   0.006  0.006],	0,	1,	s15
10,	[ 0.013  0.017  0.027  0.008  0.007  0.008  0.013  0.011  0.01   0.006],	0,	1,	s14
11,	[ 0.007  0.007  0.008  0.006  0.004  0.005  0.004  0.005  0.324  0.007],	0,	5,	s20; s29; s31; s27; s23



      /2 /-3
     |
     |--4
     |
     |-5 /-6
     |
-0 /1|--7
     |
     |-8 /-9
     |
     |--10
     |
      \-11

Number of non-empty nodes in the tree: 11


