0	14;6
14;6	14;6_M1
14;6	14;6_M2
0	18
18	18_M4
0	5;3
5;3	5;3_P
0	9
9	9_P
GL	0
0	0_M4
0	0_P
0	0_M1
0	0_M3
0	0_M2
19	56;53;57;38;58;33;29;43;45;24;36;51;50;20
56;53;57;38;58;33;29;43;45;24;36;51;50;20	56;53;57;38;58;33;29;43;45;24;36;51;50;20_M4
14;6	19
19	19_M1
19	19_M2
56;53;57;38;58;33;29;43;45;24;36;51;50;20	65;67;70
65;67;70	65;67;70_M4
18	41;2;11;10;32;37;26;39;23;22;35
41;2;11;10;32;37;26;39;23;22;35	41;2;11;10;32;37;26;39;23;22;35_M2
5;3	63;40;13;12;27;28;25;64;42;52;48;17;16;15;54
63;40;13;12;27;28;25;64;42;52;48;17;16;15;54	63;40;13;12;27;28;25;64;42;52;48;17;16;15;54_M3
