0	14;6
14;6	14;6_M4
14;6	14;6_P
14;6	14;6_M1
14;6	14;6_M3
14;6	14;6_M2
0	18
18	18_M4
18	18_P
18	18_M1
18	18_M3
18	18_M2
0	5;3
5;3	5;3_M4
5;3	5;3_P
5;3	5;3_M1
5;3	5;3_M3
5;3	5;3_M2
0	9
9	9_M4
9	9_P
9	9_M1
9	9_M3
9	9_M2
GL	0
0	0_M4
0	0_P
0	0_M1
0	0_M3
0	0_M2
19	56;53;57;38;58;33;29;43;45;24;36;51;50;20
56;53;57;38;58;33;29;43;45;24;36;51;50;20	56;53;57;38;58;33;29;43;45;24;36;51;50;20_M4
56;53;57;38;58;33;29;43;45;24;36;51;50;20	56;53;57;38;58;33;29;43;45;24;36;51;50;20_P
56;53;57;38;58;33;29;43;45;24;36;51;50;20	56;53;57;38;58;33;29;43;45;24;36;51;50;20_M1
56;53;57;38;58;33;29;43;45;24;36;51;50;20	56;53;57;38;58;33;29;43;45;24;36;51;50;20_M3
56;53;57;38;58;33;29;43;45;24;36;51;50;20	56;53;57;38;58;33;29;43;45;24;36;51;50;20_M2
14;6	19
19	19_M4
19	19_P
19	19_M1
19	19_M3
19	19_M2
56;53;57;38;58;33;29;43;45;24;36;51;50;20	65;67;70
65;67;70	65;67;70_M4
65;67;70	65;67;70_P
65;67;70	65;67;70_M1
65;67;70	65;67;70_M3
65;67;70	65;67;70_M2
18	41;2;11;10;32;37;26;39;23;22;35
41;2;11;10;32;37;26;39;23;22;35	41;2;11;10;32;37;26;39;23;22;35_M4
41;2;11;10;32;37;26;39;23;22;35	41;2;11;10;32;37;26;39;23;22;35_P
41;2;11;10;32;37;26;39;23;22;35	41;2;11;10;32;37;26;39;23;22;35_M1
41;2;11;10;32;37;26;39;23;22;35	41;2;11;10;32;37;26;39;23;22;35_M3
41;2;11;10;32;37;26;39;23;22;35	41;2;11;10;32;37;26;39;23;22;35_M2
5;3	63;40;13;12;27;28;25;64;42;52;48;17;16;15;54
63;40;13;12;27;28;25;64;42;52;48;17;16;15;54	63;40;13;12;27;28;25;64;42;52;48;17;16;15;54_M4
63;40;13;12;27;28;25;64;42;52;48;17;16;15;54	63;40;13;12;27;28;25;64;42;52;48;17;16;15;54_P
63;40;13;12;27;28;25;64;42;52;48;17;16;15;54	63;40;13;12;27;28;25;64;42;52;48;17;16;15;54_M1
63;40;13;12;27;28;25;64;42;52;48;17;16;15;54	63;40;13;12;27;28;25;64;42;52;48;17;16;15;54_M3
63;40;13;12;27;28;25;64;42;52;48;17;16;15;54	63;40;13;12;27;28;25;64;42;52;48;17;16;15;54_M2
