18	40;41;33;24;31
40;41;33;24;31	40;41;33;24;31_M2
0	23;2;6;5;19;14;13;12;16;15;25
23;2;6;5;19;14;13;12;16;15;25	23;2;6;5;19;14;13;12;16;15;25_M4
23;2;6;5;19;14;13;12;16;15;25	23;2;6;5;19;14;13;12;16;15;25_P
23;2;6;5;19;14;13;12;16;15;25	23;2;6;5;19;14;13;12;16;15;25_M1
23;2;6;5;19;14;13;12;16;15;25	23;2;6;5;19;14;13;12;16;15;25_M2
0	10;9;3;1;8;7;11;17
10;9;3;1;8;7;11;17	10;9;3;1;8;7;11;17_M4
10;9;3;1;8;7;11;17	10;9;3;1;8;7;11;17_P
10;9;3;1;8;7;11;17	10;9;3;1;8;7;11;17_M1
10;9;3;1;8;7;11;17	10;9;3;1;8;7;11;17_M3
10;9;3;1;8;7;11;17	10;9;3;1;8;7;11;17_M2
GL	0
0	0_P
28	52;30
52;30	52;30_M4
23;2;6;5;19;14;13;12;16;15;25	28
28	28_M4
28	28_P
28	28_M1
28	28_M2
23;2;6;5;19;14;13;12;16;15;25	45;38
45;38	45;38_P
52;30	50;49
50;49	50;49_M4
10;9;3;1;8;7;11;17	22;39;26
22;39;26	22;39;26_M3
10;9;3;1;8;7;11;17	18
18	18_M1
10;9;3;1;8;7;11;17	29;27;20
29;27;20	29;27;20_M1
22;39;26	47;48
47;48	47;48_M3
