62;40;43;59;38	55;58;54;48
55;58;54;48	55;58;54;48_M4
55;58;54;48	55;58;54;48_P
55;58;54;48	55;58;54;48_M1
55;58;54;48	55;58;54;48_M3
55;58;54;48	55;58;54;48_M2
26	62;40;43;59;38
62;40;43;59;38	62;40;43;59;38_M4
62;40;43;59;38	62;40;43;59;38_P
62;40;43;59;38	62;40;43;59;38_M1
62;40;43;59;38	62;40;43;59;38_M3
62;40;43;59;38	62;40;43;59;38_M2
42;27;19;23;47	50
50	50_M4
50	50_P
50	50_M1
50	50_M3
50	50_M2
0	2
2	2_M4
2	2_P
2	2_M1
2	2_M3
2	2_M2
0	1
1	1_M4
1	1_P
1	1_M1
1	1_M3
1	1_M2
0	42;27;19;23;47
42;27;19;23;47	42;27;19;23;47_M4
42;27;19;23;47	42;27;19;23;47_P
42;27;19;23;47	42;27;19;23;47_M1
42;27;19;23;47	42;27;19;23;47_M3
42;27;19;23;47	42;27;19;23;47_M2
GL	0
0	0_M4
0	0_P
0	0_M1
0	0_M3
0	0_M2
6;9;16;4;15	12;18;22;13
12;18;22;13	12;18;22;13_M4
12;18;22;13	12;18;22;13_P
12;18;22;13	12;18;22;13_M1
12;18;22;13	12;18;22;13_M3
12;18;22;13	12;18;22;13_M2
2	6;9;16;4;15
6;9;16;4;15	6;9;16;4;15_M4
6;9;16;4;15	6;9;16;4;15_P
6;9;16;4;15	6;9;16;4;15_M1
6;9;16;4;15	6;9;16;4;15_M3
6;9;16;4;15	6;9;16;4;15_M2
2	41;39;3;21;35;44;49;46;45;11;17
41;39;3;21;35;44;49;46;45;11;17	41;39;3;21;35;44;49;46;45;11;17_M4
41;39;3;21;35;44;49;46;45;11;17	41;39;3;21;35;44;49;46;45;11;17_P
41;39;3;21;35;44;49;46;45;11;17	41;39;3;21;35;44;49;46;45;11;17_M1
41;39;3;21;35;44;49;46;45;11;17	41;39;3;21;35;44;49;46;45;11;17_M3
41;39;3;21;35;44;49;46;45;11;17	41;39;3;21;35;44;49;46;45;11;17_M2
12;18;22;13	7
7	7_M4
7	7_P
7	7_M1
7	7_M3
7	7_M2
41;39;3;21;35;44;49;46;45;11;17	24;25
24;25	24;25_M4
24;25	24;25_P
24;25	24;25_M1
24;25	24;25_M3
24;25	24;25_M2
5;10;8;14;20	26
26	26_M4
26	26_P
26	26_M1
26	26_M3
26	26_M2
1	5;10;8;14;20
5;10;8;14;20	5;10;8;14;20_M4
5;10;8;14;20	5;10;8;14;20_P
5;10;8;14;20	5;10;8;14;20_M1
5;10;8;14;20	5;10;8;14;20_M3
5;10;8;14;20	5;10;8;14;20_M2
