0	19;24;9;2
19;24;9;2	19;24;9;2_P
19;24;9;2	19;24;9;2_M5
19;24;9;2	19;24;9;2_M4
19;24;9;2	19;24;9;2_M1
19;24;9;2	19;24;9;2_M3
19;24;9;2	19;24;9;2_M2
0	49;50;31;8;6;5;34;20;12;11;16
49;50;31;8;6;5;34;20;12;11;16	49;50;31;8;6;5;34;20;12;11;16_P
49;50;31;8;6;5;34;20;12;11;16	49;50;31;8;6;5;34;20;12;11;16_M5
49;50;31;8;6;5;34;20;12;11;16	49;50;31;8;6;5;34;20;12;11;16_M4
49;50;31;8;6;5;34;20;12;11;16	49;50;31;8;6;5;34;20;12;11;16_M1
49;50;31;8;6;5;34;20;12;11;16	49;50;31;8;6;5;34;20;12;11;16_M3
49;50;31;8;6;5;34;20;12;11;16	49;50;31;8;6;5;34;20;12;11;16_M2
0	47;35;27;40;42;36;41;51
47;35;27;40;42;36;41;51	47;35;27;40;42;36;41;51_P
47;35;27;40;42;36;41;51	47;35;27;40;42;36;41;51_M5
47;35;27;40;42;36;41;51	47;35;27;40;42;36;41;51_M4
47;35;27;40;42;36;41;51	47;35;27;40;42;36;41;51_M1
47;35;27;40;42;36;41;51	47;35;27;40;42;36;41;51_M3
47;35;27;40;42;36;41;51	47;35;27;40;42;36;41;51_M2
0	46;32;38;37;58
46;32;38;37;58	46;32;38;37;58_P
46;32;38;37;58	46;32;38;37;58_M5
46;32;38;37;58	46;32;38;37;58_M4
46;32;38;37;58	46;32;38;37;58_M1
46;32;38;37;58	46;32;38;37;58_M3
46;32;38;37;58	46;32;38;37;58_M2
0	14;26;1;25;4;13
14;26;1;25;4;13	14;26;1;25;4;13_P
14;26;1;25;4;13	14;26;1;25;4;13_M5
14;26;1;25;4;13	14;26;1;25;4;13_M4
14;26;1;25;4;13	14;26;1;25;4;13_M1
14;26;1;25;4;13	14;26;1;25;4;13_M3
14;26;1;25;4;13	14;26;1;25;4;13_M2
0	15;7;18;10;3
15;7;18;10;3	15;7;18;10;3_P
15;7;18;10;3	15;7;18;10;3_M5
15;7;18;10;3	15;7;18;10;3_M4
15;7;18;10;3	15;7;18;10;3_M1
15;7;18;10;3	15;7;18;10;3_M3
15;7;18;10;3	15;7;18;10;3_M2
GL	0
0	0_P
0	0_M5
0	0_M4
0	0_M1
0	0_M3
0	0_M2
33;43;39;29;30	44
44	44_P
44	44_M5
44	44_M4
44	44_M1
44	44_M3
44	44_M2
19;24;9;2	33;43;39;29;30
33;43;39;29;30	33;43;39;29;30_P
33;43;39;29;30	33;43;39;29;30_M5
33;43;39;29;30	33;43;39;29;30_M4
33;43;39;29;30	33;43;39;29;30_M1
33;43;39;29;30	33;43;39;29;30_M3
33;43;39;29;30	33;43;39;29;30_M2
49;50;31;8;6;5;34;20;12;11;16	48
48	48_P
48	48_M5
48	48_M4
48	48_M1
48	48_M3
48	48_M2
47;35;27;40;42;36;41;51	52;54;55
52;54;55	52;54;55_P
52;54;55	52;54;55_M5
52;54;55	52;54;55_M4
52;54;55	52;54;55_M1
52;54;55	52;54;55_M3
52;54;55	52;54;55_M2
46;32;38;37;58	59;56;53
59;56;53	59;56;53_P
59;56;53	59;56;53_M5
59;56;53	59;56;53_M4
59;56;53	59;56;53_M1
59;56;53	59;56;53_M3
59;56;53	59;56;53_M2
