31	35
35	35_M2
2;1;0	10;21;24;11
10;21;24;11	10;21;24;11_M4
10;21;24;11	10;21;24;11_P
10;21;24;11	10;21;24;11_M3
10;21;24;11	10;21;24;11_M2
2;1;0	8;3;7;6;5;4;22;14;25
8;3;7;6;5;4;22;14;25	8;3;7;6;5;4;22;14;25_M1
2;1;0	29
29	29_P
2;1;0	31
31	31_M2
GL	2;1;0
2;1;0	2;1;0_M4
2;1;0	2;1;0_P
2;1;0	2;1;0_M1
2;1;0	2;1;0_M3
2;1;0	2;1;0_M2
42	47;45
47;45	47;45_M4
42	44
44	44_M4
10;21;24;11	42
42	42_M4
8;3;7;6;5;4;22;14;25	27
27	27_M1
8;3;7;6;5;4;22;14;25	26
26	26_M1
29	9;23;13;19;17;16;30
9;23;13;19;17;16;30	9;23;13;19;17;16;30_M3
