31	35
35	35_M4
35	35_P
35	35_M1
35	35_M3
35	35_M2
2;1;0	10;21;24;11
10;21;24;11	10;21;24;11_M4
10;21;24;11	10;21;24;11_P
10;21;24;11	10;21;24;11_M1
10;21;24;11	10;21;24;11_M3
10;21;24;11	10;21;24;11_M2
2;1;0	8;3;7;6;5;4;22;14;25
8;3;7;6;5;4;22;14;25	8;3;7;6;5;4;22;14;25_M4
8;3;7;6;5;4;22;14;25	8;3;7;6;5;4;22;14;25_P
8;3;7;6;5;4;22;14;25	8;3;7;6;5;4;22;14;25_M1
8;3;7;6;5;4;22;14;25	8;3;7;6;5;4;22;14;25_M3
8;3;7;6;5;4;22;14;25	8;3;7;6;5;4;22;14;25_M2
2;1;0	29
29	29_M4
29	29_P
29	29_M1
29	29_M3
29	29_M2
2;1;0	31
31	31_M4
31	31_P
31	31_M1
31	31_M3
31	31_M2
GL	2;1;0
2;1;0	2;1;0_M4
2;1;0	2;1;0_P
2;1;0	2;1;0_M1
2;1;0	2;1;0_M3
2;1;0	2;1;0_M2
42	47;45
47;45	47;45_M4
47;45	47;45_P
47;45	47;45_M1
47;45	47;45_M3
47;45	47;45_M2
42	44
44	44_M4
44	44_P
44	44_M1
44	44_M3
44	44_M2
10;21;24;11	42
42	42_M4
42	42_P
42	42_M1
42	42_M3
42	42_M2
8;3;7;6;5;4;22;14;25	27
27	27_M4
27	27_P
27	27_M1
27	27_M3
27	27_M2
8;3;7;6;5;4;22;14;25	26
26	26_M4
26	26_P
26	26_M1
26	26_M3
26	26_M2
29	9;23;13;19;17;16;30
9;23;13;19;17;16;30	9;23;13;19;17;16;30_M4
9;23;13;19;17;16;30	9;23;13;19;17;16;30_P
9;23;13;19;17;16;30	9;23;13;19;17;16;30_M1
9;23;13;19;17;16;30	9;23;13;19;17;16;30_M3
9;23;13;19;17;16;30	9;23;13;19;17;16;30_M2
