64;67;55;57	1
1	1_P
1	1_M5
1	1_M4
1	1_M7
1	1_M6
1	1_M1
1	1_M3
1	1_M2
2;0	9;15;33;27;16;43
9;15;33;27;16;43	9;15;33;27;16;43_P
9;15;33;27;16;43	9;15;33;27;16;43_M5
9;15;33;27;16;43	9;15;33;27;16;43_M4
9;15;33;27;16;43	9;15;33;27;16;43_M7
9;15;33;27;16;43	9;15;33;27;16;43_M6
9;15;33;27;16;43	9;15;33;27;16;43_M1
9;15;33;27;16;43	9;15;33;27;16;43_M3
9;15;33;27;16;43	9;15;33;27;16;43_M2
2;0	12;11;17;8;7;4;18
12;11;17;8;7;4;18	12;11;17;8;7;4;18_P
12;11;17;8;7;4;18	12;11;17;8;7;4;18_M5
12;11;17;8;7;4;18	12;11;17;8;7;4;18_M4
12;11;17;8;7;4;18	12;11;17;8;7;4;18_M7
12;11;17;8;7;4;18	12;11;17;8;7;4;18_M6
12;11;17;8;7;4;18	12;11;17;8;7;4;18_M1
12;11;17;8;7;4;18	12;11;17;8;7;4;18_M3
12;11;17;8;7;4;18	12;11;17;8;7;4;18_M2
2;0	14;35;5;51;62;28;58;46;13
14;35;5;51;62;28;58;46;13	14;35;5;51;62;28;58;46;13_P
14;35;5;51;62;28;58;46;13	14;35;5;51;62;28;58;46;13_M5
14;35;5;51;62;28;58;46;13	14;35;5;51;62;28;58;46;13_M4
14;35;5;51;62;28;58;46;13	14;35;5;51;62;28;58;46;13_M7
14;35;5;51;62;28;58;46;13	14;35;5;51;62;28;58;46;13_M6
14;35;5;51;62;28;58;46;13	14;35;5;51;62;28;58;46;13_M1
14;35;5;51;62;28;58;46;13	14;35;5;51;62;28;58;46;13_M3
14;35;5;51;62;28;58;46;13	14;35;5;51;62;28;58;46;13_M2
2;0	10;3;6;26;31;32
10;3;6;26;31;32	10;3;6;26;31;32_P
10;3;6;26;31;32	10;3;6;26;31;32_M5
10;3;6;26;31;32	10;3;6;26;31;32_M4
10;3;6;26;31;32	10;3;6;26;31;32_M7
10;3;6;26;31;32	10;3;6;26;31;32_M6
10;3;6;26;31;32	10;3;6;26;31;32_M1
10;3;6;26;31;32	10;3;6;26;31;32_M3
10;3;6;26;31;32	10;3;6;26;31;32_M2
2;0	22;53;25;40;23;56;60;37;44;34
22;53;25;40;23;56;60;37;44;34	22;53;25;40;23;56;60;37;44;34_P
22;53;25;40;23;56;60;37;44;34	22;53;25;40;23;56;60;37;44;34_M5
22;53;25;40;23;56;60;37;44;34	22;53;25;40;23;56;60;37;44;34_M4
22;53;25;40;23;56;60;37;44;34	22;53;25;40;23;56;60;37;44;34_M7
22;53;25;40;23;56;60;37;44;34	22;53;25;40;23;56;60;37;44;34_M6
22;53;25;40;23;56;60;37;44;34	22;53;25;40;23;56;60;37;44;34_M1
22;53;25;40;23;56;60;37;44;34	22;53;25;40;23;56;60;37;44;34_M3
22;53;25;40;23;56;60;37;44;34	22;53;25;40;23;56;60;37;44;34_M2
2;0	64;67;55;57
64;67;55;57	64;67;55;57_P
64;67;55;57	64;67;55;57_M5
64;67;55;57	64;67;55;57_M4
64;67;55;57	64;67;55;57_M7
64;67;55;57	64;67;55;57_M6
64;67;55;57	64;67;55;57_M1
64;67;55;57	64;67;55;57_M3
64;67;55;57	64;67;55;57_M2
GL	2;0
2;0	2;0_P
2;0	2;0_M5
2;0	2;0_M4
2;0	2;0_M7
2;0	2;0_M6
2;0	2;0_M1
2;0	2;0_M3
2;0	2;0_M2
9;15;33;27;16;43	59;54
59;54	59;54_P
59;54	59;54_M5
59;54	59;54_M4
59;54	59;54_M7
59;54	59;54_M6
59;54	59;54_M1
59;54	59;54_M3
59;54	59;54_M2
9;15;33;27;16;43	50;52;61
50;52;61	50;52;61_P
50;52;61	50;52;61_M5
50;52;61	50;52;61_M4
50;52;61	50;52;61_M7
50;52;61	50;52;61_M6
50;52;61	50;52;61_M1
50;52;61	50;52;61_M3
50;52;61	50;52;61_M2
9;15;33;27;16;43	47;48
47;48	47;48_P
47;48	47;48_M5
47;48	47;48_M4
47;48	47;48_M7
47;48	47;48_M6
47;48	47;48_M1
47;48	47;48_M3
47;48	47;48_M2
19	36;29;30
36;29;30	36;29;30_P
36;29;30	36;29;30_M5
36;29;30	36;29;30_M4
36;29;30	36;29;30_M7
36;29;30	36;29;30_M6
36;29;30	36;29;30_M1
36;29;30	36;29;30_M3
36;29;30	36;29;30_M2
12;11;17;8;7;4;18	19
19	19_P
19	19_M5
19	19_M4
19	19_M7
19	19_M6
19	19_M1
19	19_M3
19	19_M2
14;35;5;51;62;28;58;46;13	71;69
71;69	71;69_P
71;69	71;69_M5
71;69	71;69_M4
71;69	71;69_M7
71;69	71;69_M6
71;69	71;69_M1
71;69	71;69_M3
71;69	71;69_M2
14;35;5;51;62;28;58;46;13	73;72
73;72	73;72_P
73;72	73;72_M5
73;72	73;72_M4
73;72	73;72_M7
73;72	73;72_M6
73;72	73;72_M1
73;72	73;72_M3
73;72	73;72_M2
