64;67;55;57	1
1	1_P
2;0	9;15;33;27;16;43
9;15;33;27;16;43	9;15;33;27;16;43_P
9;15;33;27;16;43	9;15;33;27;16;43_M5
9;15;33;27;16;43	9;15;33;27;16;43_M4
9;15;33;27;16;43	9;15;33;27;16;43_M7
9;15;33;27;16;43	9;15;33;27;16;43_M6
9;15;33;27;16;43	9;15;33;27;16;43_M1
9;15;33;27;16;43	9;15;33;27;16;43_M3
9;15;33;27;16;43	9;15;33;27;16;43_M2
2;0	12;11;17;8;7;4;18
12;11;17;8;7;4;18	12;11;17;8;7;4;18_P
12;11;17;8;7;4;18	12;11;17;8;7;4;18_M5
12;11;17;8;7;4;18	12;11;17;8;7;4;18_M4
12;11;17;8;7;4;18	12;11;17;8;7;4;18_M7
12;11;17;8;7;4;18	12;11;17;8;7;4;18_M6
12;11;17;8;7;4;18	12;11;17;8;7;4;18_M1
12;11;17;8;7;4;18	12;11;17;8;7;4;18_M3
12;11;17;8;7;4;18	12;11;17;8;7;4;18_M2
2;0	14;35;5;51;62;28;58;46;13
14;35;5;51;62;28;58;46;13	14;35;5;51;62;28;58;46;13_M6
2;0	10;3;6;26;31;32
10;3;6;26;31;32	10;3;6;26;31;32_M3
2;0	22;53;25;40;23;56;60;37;44;34
22;53;25;40;23;56;60;37;44;34	22;53;25;40;23;56;60;37;44;34_M4
2;0	64;67;55;57
64;67;55;57	64;67;55;57_P
GL	2;0
2;0	2;0_P
2;0	2;0_M5
2;0	2;0_M4
2;0	2;0_M7
2;0	2;0_M6
2;0	2;0_M1
2;0	2;0_M3
2;0	2;0_M2
9;15;33;27;16;43	59;54
59;54	59;54_M5
59;54	59;54_P
9;15;33;27;16;43	50;52;61
50;52;61	50;52;61_P
50;52;61	50;52;61_M7
9;15;33;27;16;43	47;48
47;48	47;48_M5
47;48	47;48_P
19	36;29;30
36;29;30	36;29;30_M1
36;29;30	36;29;30_M2
12;11;17;8;7;4;18	19
19	19_P
19	19_M5
19	19_M4
19	19_M7
19	19_M6
19	19_M1
19	19_M3
19	19_M2
14;35;5;51;62;28;58;46;13	71;69
71;69	71;69_M6
14;35;5;51;62;28;58;46;13	73;72
73;72	73;72_M6
