id, 	 phi, 	 nChildren, 	 nGenes, 	 genes 
0,	[ 1.  1.  1.  1.  1.  1.  1.  1.  1.],	1,	0,	
1,	[ 0.989  0.988  0.988  0.989  0.991  0.991  0.995  0.973  0.989],	6,	2,	s2; s0
2,	[ 0.083  0.114  0.651  0.638  0.122  0.362  0.099  0.109  0.093],	1,	7,	s12; s11; s17; s8; s7; s4; s18
3,	[ 0.052  0.054  0.439  0.54   0.072  0.231  0.062  0.062  0.06 ],	1,	1,	s19
4,	[ 0.004  0.005  0.026  0.367  0.006  0.009  0.006  0.004  0.009],	0,	3,	s33; s26; s27
5,	[ 0.341  0.425  0.061  0.061  0.088  0.045  0.596  0.046  0.613],	3,	6,	s9; s15; s30; s24; s16; s36
6,	[ 0.036  0.057  0.008  0.008  0.013  0.006  0.411  0.004  0.018],	0,	2,	s50; s45
7,	[ 0.025  0.021  0.008  0.005  0.012  0.003  0.014  0.007  0.437],	0,	3,	s41; s43; s52
8,	[ 0.011  0.136  0.008  0.007  0.009  0.006  0.022  0.008  0.016],	0,	2,	s39; s40
9,	[ 0.015  0.025  0.02   0.011  0.011  0.017  0.018  0.538  0.023],	2,	9,	s14; s32; s5; s42; s53; s25; s49; s38; s13
10,	[ 0.005  0.009  0.008  0.002  0.004  0.008  0.003  0.106  0.005],	0,	2,	s59; s58
11,	[ 0.006  0.008  0.006  0.006  0.001  0.003  0.008  0.381  0.006],	0,	2,	s57; s56
12,	[ 0.007  0.011  0.004  0.003  0.008  0.398  0.013  0.006  0.007],	0,	10,	s20; s44; s22; s35; s21; s47; s51; s34; s37; s31
13,	[ 0.013  0.014  0.006  0.006  0.473  0.004  0.005  0.006  0.004],	0,	6,	s10; s3; s6; s23; s28; s29
14,	[ 0.242  0.061  0.008  0.012  0.006  0.009  0.014  0.014  0.008],	1,	4,	s54; s55; s46; s48
15,	[ 0.107  0.033  0.003  0.007  0.003  0.003  0.006  0.006  0.004],	0,	1,	s1



      /2 /3 /-4
     |
     |   /-6
     |  |
     |-5|--7
     |  |
     |   \-8
     |
-0 /1|   /-10
     |-9|
     |   \-11
     |
     |--12
     |
     |--13
     |
      \14/-15

Number of non-empty nodes in the tree: 15


id, 	 phi, 	 nChildren, 	 nGenes, 	 genes 
0,	[ 1.  1.  1.  1.  1.  1.  1.  1.  1.],	1,	0,	
1,	[ 0.992  0.991  0.986  0.985  0.992  0.992  0.992  0.968  0.991],	6,	2,	s2; s0
2,	[ 0.088  0.117  0.655  0.638  0.129  0.368  0.094  0.113  0.098],	1,	7,	s12; s11; s17; s8; s7; s4; s18
3,	[ 0.053  0.053  0.439  0.534  0.072  0.235  0.062  0.063  0.061],	1,	1,	s19
4,	[ 0.005  0.004  0.031  0.375  0.007  0.008  0.005  0.005  0.009],	0,	3,	s33; s26; s27
5,	[ 0.344  0.441  0.06   0.056  0.091  0.037  0.584  0.044  0.602],	3,	6,	s9; s15; s30; s24; s16; s36
6,	[ 0.02   0.02   0.006  0.004  0.016  0.002  0.012  0.008  0.433],	0,	3,	s41; s43; s52
7,	[ 0.038  0.056  0.008  0.011  0.011  0.005  0.404  0.004  0.014],	0,	2,	s50; s45
8,	[ 0.011  0.149  0.006  0.008  0.009  0.004  0.018  0.008  0.018],	0,	2,	s39; s40
9,	[ 0.016  0.021  0.021  0.013  0.014  0.018  0.024  0.53   0.019],	2,	9,	s14; s32; s5; s42; s53; s25; s49; s38; s13
10,	[ 0.006  0.009  0.006  0.005  0.002  0.004  0.012  0.372  0.005],	0,	2,	s57; s56
11,	[ 0.007  0.007  0.007  0.004  0.004  0.007  0.005  0.107  0.006],	0,	2,	s59; s58
12,	[ 0.008  0.006  0.002  0.004  0.009  0.397  0.017  0.008  0.005],	0,	10,	s20; s44; s22; s35; s21; s47; s51; s34; s37; s31
13,	[ 0.014  0.014  0.005  0.006  0.485  0.006  0.004  0.005  0.004],	0,	6,	s10; s3; s6; s23; s28; s29
14,	[ 0.232  0.057  0.006  0.008  0.004  0.007  0.013  0.014  0.005],	0,	5,	s54; s1; s46; s48; s55



      /2 /3 /-4
     |
     |   /-6
     |  |
     |-5|--7
     |  |
     |   \-8
     |
-0 /1|   /-10
     |-9|
     |   \-11
     |
     |--12
     |
     |--13
     |
      \-14

Number of non-empty nodes in the tree: 14


id, 	 phi, 	 nChildren, 	 nGenes, 	 genes 
0,	[ 1.  1.  1.  1.  1.  1.  1.  1.  1.],	1,	0,	
1,	[ 0.992  0.987  0.992  0.99   0.99   0.994  0.994  0.983  0.993],	6,	2,	s2; s0
2,	[ 0.091  0.116  0.64   0.628  0.111  0.367  0.094  0.113  0.098],	1,	7,	s12; s11; s17; s8; s7; s4; s18
3,	[ 0.048  0.029  0.296  0.471  0.039  0.161  0.043  0.045  0.048],	1,	1,	s19
4,	[ 0.003  0.005  0.023  0.363  0.005  0.006  0.007  0.007  0.004],	0,	3,	s33; s26; s27
5,	[ 0.353  0.401  0.079  0.069  0.087  0.037  0.588  0.052  0.623],	3,	6,	s9; s15; s30; s24; s16; s36
6,	[ 0.022  0.016  0.008  0.006  0.015  0.001  0.01   0.002  0.431],	0,	3,	s41; s43; s52
7,	[ 0.03   0.043  0.009  0.01   0.004  0.005  0.394  0.004  0.015],	0,	2,	s45; s50
8,	[ 0.018  0.124  0.012  0.011  0.007  0.004  0.018  0.005  0.013],	0,	2,	s39; s40
9,	[ 0.018  0.017  0.013  0.01   0.019  0.018  0.01   0.529  0.02 ],	2,	9,	s14; s32; s5; s42; s53; s25; s49; s38; s13
10,	[ 0.005  0.005  0.004  0.005  0.003  0.005  0.003  0.406  0.01 ],	0,	2,	s57; s56
11,	[ 0.007  0.003  0.005  0.002  0.007  0.009  0.006  0.079  0.003],	0,	2,	s59; s58
12,	[ 0.006  0.014  0.007  0.002  0.007  0.39   0.014  0.011  0.005],	0,	10,	s20; s44; s22; s35; s21; s47; s51; s34; s37; s31
13,	[ 0.012  0.014  0.006  0.006  0.488  0.004  0.006  0.009  0.008],	0,	6,	s10; s3; s6; s23; s28; s29
14,	[ 0.228  0.078  0.016  0.012  0.011  0.013  0.016  0.011  0.018],	1,	4,	s54; s55; s46; s48
15,	[ 0.108  0.041  0.007  0.004  0.002  0.003  0.004  0.004  0.009],	0,	1,	s1



      /2 /3 /-4
     |
     |   /-6
     |  |
     |-5|--7
     |  |
     |   \-8
     |
-0 /1|   /-10
     |-9|
     |   \-11
     |
     |--12
     |
     |--13
     |
      \14/-15

Number of non-empty nodes in the tree: 15


id, 	 phi, 	 nChildren, 	 nGenes, 	 genes 
0,	[ 1.  1.  1.  1.  1.  1.  1.  1.  1.],	1,	0,	
1,	[ 0.993  0.986  0.992  0.993  0.988  0.99   0.995  0.982  0.991],	6,	2,	s2; s0
2,	[ 0.083  0.116  0.657  0.637  0.111  0.374  0.103  0.126  0.091],	1,	7,	s12; s11; s17; s8; s7; s4; s18
3,	[ 0.033  0.034  0.311  0.479  0.033  0.16   0.041  0.047  0.044],	1,	1,	s19
4,	[ 0.004  0.007  0.024  0.366  0.005  0.009  0.008  0.006  0.009],	0,	3,	s33; s26; s27
5,	[ 0.354  0.409  0.075  0.058  0.087  0.04   0.595  0.046  0.633],	3,	6,	s9; s15; s30; s24; s16; s36
6,	[ 0.026  0.02   0.009  0.011  0.015  0.003  0.01   0.003  0.45 ],	0,	3,	s41; s43; s52
7,	[ 0.031  0.047  0.01   0.007  0.011  0.007  0.406  0.002  0.014],	0,	2,	s45; s50
8,	[ 0.015  0.133  0.007  0.006  0.01   0.004  0.017  0.007  0.016],	0,	2,	s39; s40
9,	[ 0.234  0.074  0.031  0.025  0.02   0.016  0.019  0.023  0.021],	1,	1,	s46
10,	[ 0.224  0.063  0.012  0.01   0.009  0.011  0.014  0.015  0.014],	1,	3,	s54; s55; s48
11,	[ 0.112  0.035  0.004  0.004  0.003  0.003  0.006  0.005  0.006],	0,	1,	s1
12,	[ 0.014  0.017  0.008  0.008  0.463  0.006  0.007  0.006  0.007],	0,	6,	s10; s3; s6; s23; s28; s29
13,	[ 0.007  0.017  0.003  0.003  0.004  0.39   0.01   0.007  0.003],	0,	10,	s20; s44; s22; s35; s21; s47; s51; s34; s37; s31
14,	[ 0.018  0.024  0.018  0.01   0.025  0.02   0.012  0.523  0.021],	2,	9,	s14; s32; s5; s42; s53; s25; s49; s38; s13
15,	[ 0.007  0.008  0.006  0.002  0.006  0.01   0.004  0.087  0.004],	0,	2,	s59; s58
16,	[ 0.004  0.01   0.006  0.005  0.004  0.004  0.006  0.391  0.007],	0,	2,	s57; s56



      /2 /3 /-4
     |
     |   /-6
     |  |
     |-5|--7
     |  |
     |   \-8
-0 /1|
     |-9 /10/-11
     |
     |--12
     |
     |--13
     |
     |   /-15
      \14
         \-16

Number of non-empty nodes in the tree: 16


id, 	 phi, 	 nChildren, 	 nGenes, 	 genes 
0,	[ 1.  1.  1.  1.  1.  1.  1.  1.  1.],	1,	0,	
1,	[ 0.988  0.991  0.99   0.995  0.985  0.994  0.987  0.984  0.993],	6,	2,	s2; s0
2,	[ 0.098  0.113  0.685  0.656  0.108  0.4    0.113  0.105  0.109],	1,	7,	s12; s11; s17; s8; s7; s4; s18
3,	[ 0.051  0.062  0.375  0.507  0.062  0.218  0.063  0.055  0.063],	1,	1,	s19
4,	[ 0.009  0.012  0.016  0.386  0.019  0.017  0.015  0.001  0.006],	0,	3,	s33; s26; s27
5,	[ 0.38   0.427  0.064  0.046  0.065  0.04   0.548  0.053  0.638],	3,	6,	s9; s15; s30; s24; s16; s36
6,	[ 0.028  0.028  0.005  0.009  0.007  0.008  0.007  0.009  0.451],	0,	3,	s41; s43; s52
7,	[ 0.024  0.029  0.005  0.008  0.002  0.008  0.363  0.007  0.016],	0,	2,	s45; s50
8,	[ 0.039  0.153  0.013  0.006  0.016  0.007  0.032  0.013  0.035],	1,	1,	s39
9,	[ 0.02   0.129  0.005  0.004  0.013  0.003  0.023  0.003  0.018],	0,	1,	s40
10,	[ 0.244  0.087  0.018  0.038  0.021  0.02   0.044  0.031  0.042],	1,	2,	s54; s48
11,	[ 0.222  0.064  0.009  0.018  0.013  0.014  0.03   0.023  0.026],	1,	2,	s55; s46
12,	[ 0.128  0.034  0.004  0.007  0.007  0.006  0.016  0.006  0.009],	0,	1,	s1
13,	[ 0.004  0.007  0.003  0.003  0.006  0.364  0.005  0.001  0.004],	0,	10,	s20; s44; s22; s35; s21; s47; s51; s34; s37; s31
14,	[ 0.008  0.022  0.003  0.008  0.43   0.003  0.006  0.013  0.005],	0,	6,	s10; s3; s6; s23; s28; s29
15,	[ 0.018  0.022  0.02   0.026  0.033  0.013  0.027  0.542  0.019],	2,	9,	s14; s32; s5; s42; s53; s25; s49; s38; s13
16,	[ 0.004  0.003  0.005  0.013  0.008  0.003  0.013  0.085  0.003],	0,	2,	s59; s58
17,	[ 0.007  0.004  0.004  0.005  0.006  0.004  0.006  0.411  0.005],	0,	2,	s57; s56



      /2 /3 /-4
     |
     |   /-6
     |  |
     |-5|--7
     |  |
     |   \8 /-9
-0 /1|
     |-10/11/-12
     |
     |--13
     |
     |--14
     |
     |   /-16
      \15
         \-17

Number of non-empty nodes in the tree: 17


