59;37;1;51;4;66;64;35;12	65;71
65;71	65;71_M1
65;71	65;71_M3
73;36;11;74;41;2	90;95
90;95	90;95_M4
0	25;31;29;9;21;7;5;13
25;31;29;9;21;7;5;13	25;31;29;9;21;7;5;13_P
25;31;29;9;21;7;5;13	25;31;29;9;21;7;5;13_M5
25;31;29;9;21;7;5;13	25;31;29;9;21;7;5;13_M4
25;31;29;9;21;7;5;13	25;31;29;9;21;7;5;13_M7
25;31;29;9;21;7;5;13	25;31;29;9;21;7;5;13_M6
25;31;29;9;21;7;5;13	25;31;29;9;21;7;5;13_M1
25;31;29;9;21;7;5;13	25;31;29;9;21;7;5;13_M3
25;31;29;9;21;7;5;13	25;31;29;9;21;7;5;13_M2
25;31;29;9;21;7;5;13	25;31;29;9;21;7;5;13_M8
0	26;42;24;48;33;10;56;16;52;14;34;58;39;27;30
26;42;24;48;33;10;56;16;52;14;34;58;39;27;30	26;42;24;48;33;10;56;16;52;14;34;58;39;27;30_P
26;42;24;48;33;10;56;16;52;14;34;58;39;27;30	26;42;24;48;33;10;56;16;52;14;34;58;39;27;30_M4
26;42;24;48;33;10;56;16;52;14;34;58;39;27;30	26;42;24;48;33;10;56;16;52;14;34;58;39;27;30_M7
26;42;24;48;33;10;56;16;52;14;34;58;39;27;30	26;42;24;48;33;10;56;16;52;14;34;58;39;27;30_M6
26;42;24;48;33;10;56;16;52;14;34;58;39;27;30	26;42;24;48;33;10;56;16;52;14;34;58;39;27;30_M1
26;42;24;48;33;10;56;16;52;14;34;58;39;27;30	26;42;24;48;33;10;56;16;52;14;34;58;39;27;30_M3
26;42;24;48;33;10;56;16;52;14;34;58;39;27;30	26;42;24;48;33;10;56;16;52;14;34;58;39;27;30_M2
26;42;24;48;33;10;56;16;52;14;34;58;39;27;30	26;42;24;48;33;10;56;16;52;14;34;58;39;27;30_M8
0	59;37;1;51;4;66;64;35;12
59;37;1;51;4;66;64;35;12	59;37;1;51;4;66;64;35;12_P
59;37;1;51;4;66;64;35;12	59;37;1;51;4;66;64;35;12_M5
59;37;1;51;4;66;64;35;12	59;37;1;51;4;66;64;35;12_M4
59;37;1;51;4;66;64;35;12	59;37;1;51;4;66;64;35;12_M7
59;37;1;51;4;66;64;35;12	59;37;1;51;4;66;64;35;12_M1
59;37;1;51;4;66;64;35;12	59;37;1;51;4;66;64;35;12_M3
59;37;1;51;4;66;64;35;12	59;37;1;51;4;66;64;35;12_M2
59;37;1;51;4;66;64;35;12	59;37;1;51;4;66;64;35;12_M8
0	73;36;11;74;41;2
73;36;11;74;41;2	73;36;11;74;41;2_M4
73;36;11;74;41;2	73;36;11;74;41;2_P
73;36;11;74;41;2	73;36;11;74;41;2_M6
73;36;11;74;41;2	73;36;11;74;41;2_M1
73;36;11;74;41;2	73;36;11;74;41;2_M2
0	104;76;67;38;89;62;78
104;76;67;38;89;62;78	104;76;67;38;89;62;78_M5
104;76;67;38;89;62;78	104;76;67;38;89;62;78_P
104;76;67;38;89;62;78	104;76;67;38;89;62;78_M1
104;76;67;38;89;62;78	104;76;67;38;89;62;78_M3
104;76;67;38;89;62;78	104;76;67;38;89;62;78_M2
104;76;67;38;89;62;78	104;76;67;38;89;62;78_M8
0	6;32;3;28
6;32;3;28	6;32;3;28_M4
6;32;3;28	6;32;3;28_M7
6;32;3;28	6;32;3;28_M1
6;32;3;28	6;32;3;28_M3
6;32;3;28	6;32;3;28_M2
6;32;3;28	6;32;3;28_M8
0	8;22;15
8;22;15	8;22;15_M5
8;22;15	8;22;15_P
8;22;15	8;22;15_M6
8;22;15	8;22;15_M1
8;22;15	8;22;15_M3
8;22;15	8;22;15_M2
0	47;54;57;81;79
47;54;57;81;79	47;54;57;81;79_P
47;54;57;81;79	47;54;57;81;79_M8
47;54;57;81;79	47;54;57;81;79_M3
GL	0
0	0_P
0	0_M5
0	0_M4
0	0_M7
0	0_M6
0	0_M1
0	0_M3
0	0_M2
0	0_M8
40	60;88;77;86;85;49
60;88;77;86;85;49	60;88;77;86;85;49_M5
60;88;77;86;85;49	60;88;77;86;85;49_P
60;88;77;86;85;49	60;88;77;86;85;49_M8
25;31;29;9;21;7;5;13	40
40	40_P
40	40_M5
40	40_M4
40	40_M7
40	40_M6
40	40_M1
40	40_M3
40	40_M2
40	40_M8
25;31;29;9;21;7;5;13	55;63;61
55;63;61	55;63;61_M5
55;63;61	55;63;61_P
55;63;61	55;63;61_M6
55;63;61	55;63;61_M1
55;63;61	55;63;61_M3
55;63;61	55;63;61_M8
25;31;29;9;21;7;5;13	80
80	80_M5
80	80_P
80	80_M6
80	80_M8
80	80_M2
26;42;24;48;33;10;56;16;52;14;34;58;39;27;30	93;98;68
93;98;68	93;98;68_P
93;98;68	93;98;68_M7
93;98;68	99;103
99;103	99;103_P
99;103	99;103_M7
