46;48	52
52	52_P
52	52_M5
52	52_M4
52	52_M7
52	52_M6
52	52_M1
52	52_M3
52	52_M2
11;35;14	70;69;83
70;69;83	70;69;83_P
70;69;83	70;69;83_M5
70;69;83	70;69;83_M4
70;69;83	70;69;83_M7
70;69;83	70;69;83_M6
70;69;83	70;69;83_M1
70;69;83	70;69;83_M3
70;69;83	70;69;83_M2
0	24;4;30
24;4;30	24;4;30_P
24;4;30	24;4;30_M5
24;4;30	24;4;30_M4
24;4;30	24;4;30_M7
24;4;30	24;4;30_M6
24;4;30	24;4;30_M1
24;4;30	24;4;30_M3
24;4;30	24;4;30_M2
0	2
2	2_P
2	2_M5
2	2_M4
2	2_M7
2	2_M6
2	2_M1
2	2_M3
2	2_M2
0	86;91;74;29;10;17;87;96;62;101;99;26
86;91;74;29;10;17;87;96;62;101;99;26	86;91;74;29;10;17;87;96;62;101;99;26_P
86;91;74;29;10;17;87;96;62;101;99;26	86;91;74;29;10;17;87;96;62;101;99;26_M5
86;91;74;29;10;17;87;96;62;101;99;26	86;91;74;29;10;17;87;96;62;101;99;26_M4
86;91;74;29;10;17;87;96;62;101;99;26	86;91;74;29;10;17;87;96;62;101;99;26_M7
86;91;74;29;10;17;87;96;62;101;99;26	86;91;74;29;10;17;87;96;62;101;99;26_M6
86;91;74;29;10;17;87;96;62;101;99;26	86;91;74;29;10;17;87;96;62;101;99;26_M1
86;91;74;29;10;17;87;96;62;101;99;26	86;91;74;29;10;17;87;96;62;101;99;26_M3
86;91;74;29;10;17;87;96;62;101;99;26	86;91;74;29;10;17;87;96;62;101;99;26_M2
GL	0
0	0_P
0	0_M5
0	0_M4
0	0_M7
0	0_M6
0	0_M1
0	0_M3
0	0_M2
27;28;13;33;15;5;76;23	98
98	98_P
98	98_M5
98	98_M4
98	98_M7
98	98_M6
98	98_M1
98	98_M3
98	98_M2
24;4;30	27;28;13;33;15;5;76;23
27;28;13;33;15;5;76;23	27;28;13;33;15;5;76;23_P
27;28;13;33;15;5;76;23	27;28;13;33;15;5;76;23_M5
27;28;13;33;15;5;76;23	27;28;13;33;15;5;76;23_M4
27;28;13;33;15;5;76;23	27;28;13;33;15;5;76;23_M7
27;28;13;33;15;5;76;23	27;28;13;33;15;5;76;23_M6
27;28;13;33;15;5;76;23	27;28;13;33;15;5;76;23_M1
27;28;13;33;15;5;76;23	27;28;13;33;15;5;76;23_M3
27;28;13;33;15;5;76;23	27;28;13;33;15;5;76;23_M2
24;4;30	66;43;89;71;55;73;106;37
66;43;89;71;55;73;106;37	66;43;89;71;55;73;106;37_P
66;43;89;71;55;73;106;37	66;43;89;71;55;73;106;37_M5
66;43;89;71;55;73;106;37	66;43;89;71;55;73;106;37_M4
66;43;89;71;55;73;106;37	66;43;89;71;55;73;106;37_M7
66;43;89;71;55;73;106;37	66;43;89;71;55;73;106;37_M6
66;43;89;71;55;73;106;37	66;43;89;71;55;73;106;37_M1
66;43;89;71;55;73;106;37	66;43;89;71;55;73;106;37_M3
66;43;89;71;55;73;106;37	66;43;89;71;55;73;106;37_M2
24;4;30	25;39;45;75;19;68;63;42;34;21
25;39;45;75;19;68;63;42;34;21	25;39;45;75;19;68;63;42;34;21_P
25;39;45;75;19;68;63;42;34;21	25;39;45;75;19;68;63;42;34;21_M5
25;39;45;75;19;68;63;42;34;21	25;39;45;75;19;68;63;42;34;21_M4
25;39;45;75;19;68;63;42;34;21	25;39;45;75;19;68;63;42;34;21_M7
25;39;45;75;19;68;63;42;34;21	25;39;45;75;19;68;63;42;34;21_M6
25;39;45;75;19;68;63;42;34;21	25;39;45;75;19;68;63;42;34;21_M1
25;39;45;75;19;68;63;42;34;21	25;39;45;75;19;68;63;42;34;21_M3
25;39;45;75;19;68;63;42;34;21	25;39;45;75;19;68;63;42;34;21_M2
24;4;30	16;61;38;57;36;3;1;7;6;32;67;64;40;20
16;61;38;57;36;3;1;7;6;32;67;64;40;20	16;61;38;57;36;3;1;7;6;32;67;64;40;20_P
16;61;38;57;36;3;1;7;6;32;67;64;40;20	16;61;38;57;36;3;1;7;6;32;67;64;40;20_M5
16;61;38;57;36;3;1;7;6;32;67;64;40;20	16;61;38;57;36;3;1;7;6;32;67;64;40;20_M4
16;61;38;57;36;3;1;7;6;32;67;64;40;20	16;61;38;57;36;3;1;7;6;32;67;64;40;20_M7
16;61;38;57;36;3;1;7;6;32;67;64;40;20	16;61;38;57;36;3;1;7;6;32;67;64;40;20_M6
16;61;38;57;36;3;1;7;6;32;67;64;40;20	16;61;38;57;36;3;1;7;6;32;67;64;40;20_M1
16;61;38;57;36;3;1;7;6;32;67;64;40;20	16;61;38;57;36;3;1;7;6;32;67;64;40;20_M3
16;61;38;57;36;3;1;7;6;32;67;64;40;20	16;61;38;57;36;3;1;7;6;32;67;64;40;20_M2
31;18;12;8;9;22	46;48
46;48	46;48_P
46;48	46;48_M5
46;48	46;48_M4
46;48	46;48_M7
46;48	46;48_M6
46;48	46;48_M1
46;48	46;48_M3
46;48	46;48_M2
2	31;18;12;8;9;22
31;18;12;8;9;22	31;18;12;8;9;22_P
31;18;12;8;9;22	31;18;12;8;9;22_M5
31;18;12;8;9;22	31;18;12;8;9;22_M4
31;18;12;8;9;22	31;18;12;8;9;22_M7
31;18;12;8;9;22	31;18;12;8;9;22_M6
31;18;12;8;9;22	31;18;12;8;9;22_M1
31;18;12;8;9;22	31;18;12;8;9;22_M3
31;18;12;8;9;22	31;18;12;8;9;22_M2
2	11;35;14
11;35;14	11;35;14_P
11;35;14	11;35;14_M5
11;35;14	11;35;14_M4
11;35;14	11;35;14_M7
11;35;14	11;35;14_M6
11;35;14	11;35;14_M1
11;35;14	11;35;14_M3
11;35;14	11;35;14_M2
2	41;84
41;84	41;84_P
41;84	41;84_M5
41;84	41;84_M4
41;84	41;84_M7
41;84	41;84_M6
41;84	41;84_M1
41;84	41;84_M3
41;84	41;84_M2
