46;48	52
52	52_M2
11;35;14	70;69;83
70;69;83	70;69;83_M5
70;69;83	70;69;83_P
70;69;83	70;69;83_M1
70;69;83	70;69;83_M3
0	24;4;30
24;4;30	24;4;30_P
24;4;30	24;4;30_M5
24;4;30	24;4;30_M4
24;4;30	24;4;30_M7
24;4;30	24;4;30_M6
24;4;30	24;4;30_M1
24;4;30	24;4;30_M3
24;4;30	24;4;30_M2
0	2
2	2_P
2	2_M5
2	2_M4
2	2_M7
2	2_M6
2	2_M1
2	2_M3
2	2_M2
0	86;91;74;29;10;17;87;96;62;101;99;26
86;91;74;29;10;17;87;96;62;101;99;26	86;91;74;29;10;17;87;96;62;101;99;26_P
GL	0
0	0_P
0	0_M5
0	0_M4
0	0_M7
0	0_M6
0	0_M1
0	0_M3
0	0_M2
27;28;13;33;15;5;76;23	98
98	98_M5
24;4;30	27;28;13;33;15;5;76;23
27;28;13;33;15;5;76;23	27;28;13;33;15;5;76;23_M5
27;28;13;33;15;5;76;23	27;28;13;33;15;5;76;23_P
27;28;13;33;15;5;76;23	27;28;13;33;15;5;76;23_M1
24;4;30	66;43;89;71;55;73;106;37
66;43;89;71;55;73;106;37	66;43;89;71;55;73;106;37_P
66;43;89;71;55;73;106;37	66;43;89;71;55;73;106;37_M7
66;43;89;71;55;73;106;37	66;43;89;71;55;73;106;37_M3
24;4;30	25;39;45;75;19;68;63;42;34;21
25;39;45;75;19;68;63;42;34;21	25;39;45;75;19;68;63;42;34;21_M3
24;4;30	16;61;38;57;36;3;1;7;6;32;67;64;40;20
16;61;38;57;36;3;1;7;6;32;67;64;40;20	16;61;38;57;36;3;1;7;6;32;67;64;40;20_M4
31;18;12;8;9;22	46;48
46;48	46;48_M5
46;48	46;48_P
46;48	46;48_M2
2	31;18;12;8;9;22
31;18;12;8;9;22	31;18;12;8;9;22_P
31;18;12;8;9;22	31;18;12;8;9;22_M5
31;18;12;8;9;22	31;18;12;8;9;22_M4
31;18;12;8;9;22	31;18;12;8;9;22_M7
31;18;12;8;9;22	31;18;12;8;9;22_M6
31;18;12;8;9;22	31;18;12;8;9;22_M1
31;18;12;8;9;22	31;18;12;8;9;22_M3
31;18;12;8;9;22	31;18;12;8;9;22_M2
2	11;35;14
11;35;14	11;35;14_P
11;35;14	11;35;14_M5
11;35;14	11;35;14_M4
11;35;14	11;35;14_M7
11;35;14	11;35;14_M6
11;35;14	11;35;14_M1
11;35;14	11;35;14_M3
11;35;14	11;35;14_M2
2	41;84
41;84	41;84_P
41;84	41;84_M7
41;84	41;84_M6
41;84	41;84_M3
41;84	41;84_M2
