14;72;35;50;29	77
77	77_P
77	77_M5
77	77_M4
77	77_M7
77	77_M6
77	77_M1
77	77_M3
77	77_M2
77	77_M9
77	77_M8
77	77_M10
49;53;68	79
79	79_P
79	79_M5
79	79_M4
79	79_M7
79	79_M6
79	79_M1
79	79_M3
79	79_M2
79	79_M9
79	79_M8
79	79_M10
10;47;63;5;4;22;41;19;18	82;86
82;86	82;86_P
82;86	82;86_M5
82;86	82;86_M4
82;86	82;86_M7
82;86	82;86_M6
82;86	82;86_M1
82;86	82;86_M3
82;86	82;86_M2
82;86	82;86_M9
82;86	82;86_M8
82;86	82;86_M10
23	31;26;34;30
31;26;34;30	31;26;34;30_P
31;26;34;30	31;26;34;30_M5
31;26;34;30	31;26;34;30_M4
31;26;34;30	31;26;34;30_M7
31;26;34;30	31;26;34;30_M6
31;26;34;30	31;26;34;30_M1
31;26;34;30	31;26;34;30_M3
31;26;34;30	31;26;34;30_M2
31;26;34;30	31;26;34;30_M9
31;26;34;30	31;26;34;30_M8
31;26;34;30	31;26;34;30_M10
0	2;6;7;8
2;6;7;8	2;6;7;8_P
2;6;7;8	2;6;7;8_M5
2;6;7;8	2;6;7;8_M4
2;6;7;8	2;6;7;8_M7
2;6;7;8	2;6;7;8_M6
2;6;7;8	2;6;7;8_M1
2;6;7;8	2;6;7;8_M3
2;6;7;8	2;6;7;8_M2
2;6;7;8	2;6;7;8_M9
2;6;7;8	2;6;7;8_M8
2;6;7;8	2;6;7;8_M10
0	23
23	23_P
23	23_M5
23	23_M4
23	23_M7
23	23_M6
23	23_M1
23	23_M3
23	23_M2
23	23_M9
23	23_M8
23	23_M10
GL	0
0	0_P
0	0_M5
0	0_M4
0	0_M7
0	0_M6
0	0_M1
0	0_M3
0	0_M2
0	0_M9
0	0_M8
0	0_M10
36;24;25	78
78	78_P
78	78_M5
78	78_M4
78	78_M7
78	78_M6
78	78_M1
78	78_M3
78	78_M2
78	78_M9
78	78_M8
78	78_M10
36;24;25	62;40;15;52;48;21;28;33
62;40;15;52;48;21;28;33	62;40;15;52;48;21;28;33_P
62;40;15;52;48;21;28;33	62;40;15;52;48;21;28;33_M5
62;40;15;52;48;21;28;33	62;40;15;52;48;21;28;33_M4
62;40;15;52;48;21;28;33	62;40;15;52;48;21;28;33_M7
62;40;15;52;48;21;28;33	62;40;15;52;48;21;28;33_M6
62;40;15;52;48;21;28;33	62;40;15;52;48;21;28;33_M1
62;40;15;52;48;21;28;33	62;40;15;52;48;21;28;33_M3
62;40;15;52;48;21;28;33	62;40;15;52;48;21;28;33_M2
62;40;15;52;48;21;28;33	62;40;15;52;48;21;28;33_M9
62;40;15;52;48;21;28;33	62;40;15;52;48;21;28;33_M8
62;40;15;52;48;21;28;33	62;40;15;52;48;21;28;33_M10
36;24;25	74
74	74_P
74	74_M5
74	74_M4
74	74_M7
74	74_M6
74	74_M1
74	74_M3
74	74_M2
74	74_M9
74	74_M8
74	74_M10
2;6;7;8	36;24;25
36;24;25	36;24;25_P
36;24;25	36;24;25_M5
36;24;25	36;24;25_M4
36;24;25	36;24;25_M7
36;24;25	36;24;25_M6
36;24;25	36;24;25_M1
36;24;25	36;24;25_M3
36;24;25	36;24;25_M2
36;24;25	36;24;25_M9
36;24;25	36;24;25_M8
36;24;25	36;24;25_M10
2;6;7;8	1
1	1_P
1	1_M5
1	1_M4
1	1_M7
1	1_M6
1	1_M1
1	1_M3
1	1_M2
1	1_M9
1	1_M8
1	1_M10
2;6;7;8	14;72;35;50;29
14;72;35;50;29	14;72;35;50;29_P
14;72;35;50;29	14;72;35;50;29_M5
14;72;35;50;29	14;72;35;50;29_M4
14;72;35;50;29	14;72;35;50;29_M7
14;72;35;50;29	14;72;35;50;29_M6
14;72;35;50;29	14;72;35;50;29_M1
14;72;35;50;29	14;72;35;50;29_M3
14;72;35;50;29	14;72;35;50;29_M2
14;72;35;50;29	14;72;35;50;29_M9
14;72;35;50;29	14;72;35;50;29_M8
14;72;35;50;29	14;72;35;50;29_M10
2;6;7;8	49;53;68
49;53;68	49;53;68_P
49;53;68	49;53;68_M5
49;53;68	49;53;68_M4
49;53;68	49;53;68_M7
49;53;68	49;53;68_M6
49;53;68	49;53;68_M1
49;53;68	49;53;68_M3
49;53;68	49;53;68_M2
49;53;68	49;53;68_M9
49;53;68	49;53;68_M8
49;53;68	49;53;68_M10
2;6;7;8	10;47;63;5;4;22;41;19;18
10;47;63;5;4;22;41;19;18	10;47;63;5;4;22;41;19;18_P
10;47;63;5;4;22;41;19;18	10;47;63;5;4;22;41;19;18_M5
10;47;63;5;4;22;41;19;18	10;47;63;5;4;22;41;19;18_M4
10;47;63;5;4;22;41;19;18	10;47;63;5;4;22;41;19;18_M7
10;47;63;5;4;22;41;19;18	10;47;63;5;4;22;41;19;18_M6
10;47;63;5;4;22;41;19;18	10;47;63;5;4;22;41;19;18_M1
10;47;63;5;4;22;41;19;18	10;47;63;5;4;22;41;19;18_M3
10;47;63;5;4;22;41;19;18	10;47;63;5;4;22;41;19;18_M2
10;47;63;5;4;22;41;19;18	10;47;63;5;4;22;41;19;18_M9
10;47;63;5;4;22;41;19;18	10;47;63;5;4;22;41;19;18_M8
10;47;63;5;4;22;41;19;18	10;47;63;5;4;22;41;19;18_M10
2;6;7;8	39
39	39_P
39	39_M5
39	39_M4
39	39_M7
39	39_M6
39	39_M1
39	39_M3
39	39_M2
39	39_M9
39	39_M8
39	39_M10
78	70;44;101;91;88;58;46;93
70;44;101;91;88;58;46;93	70;44;101;91;88;58;46;93_P
70;44;101;91;88;58;46;93	70;44;101;91;88;58;46;93_M5
70;44;101;91;88;58;46;93	70;44;101;91;88;58;46;93_M4
70;44;101;91;88;58;46;93	70;44;101;91;88;58;46;93_M7
70;44;101;91;88;58;46;93	70;44;101;91;88;58;46;93_M6
70;44;101;91;88;58;46;93	70;44;101;91;88;58;46;93_M1
70;44;101;91;88;58;46;93	70;44;101;91;88;58;46;93_M3
70;44;101;91;88;58;46;93	70;44;101;91;88;58;46;93_M2
70;44;101;91;88;58;46;93	70;44;101;91;88;58;46;93_M9
70;44;101;91;88;58;46;93	70;44;101;91;88;58;46;93_M8
70;44;101;91;88;58;46;93	70;44;101;91;88;58;46;93_M10
1	59;13;12;11;9;16;3;92;73;65;64;20;17;45
59;13;12;11;9;16;3;92;73;65;64;20;17;45	59;13;12;11;9;16;3;92;73;65;64;20;17;45_P
59;13;12;11;9;16;3;92;73;65;64;20;17;45	59;13;12;11;9;16;3;92;73;65;64;20;17;45_M5
59;13;12;11;9;16;3;92;73;65;64;20;17;45	59;13;12;11;9;16;3;92;73;65;64;20;17;45_M4
59;13;12;11;9;16;3;92;73;65;64;20;17;45	59;13;12;11;9;16;3;92;73;65;64;20;17;45_M7
59;13;12;11;9;16;3;92;73;65;64;20;17;45	59;13;12;11;9;16;3;92;73;65;64;20;17;45_M6
59;13;12;11;9;16;3;92;73;65;64;20;17;45	59;13;12;11;9;16;3;92;73;65;64;20;17;45_M1
59;13;12;11;9;16;3;92;73;65;64;20;17;45	59;13;12;11;9;16;3;92;73;65;64;20;17;45_M3
59;13;12;11;9;16;3;92;73;65;64;20;17;45	59;13;12;11;9;16;3;92;73;65;64;20;17;45_M2
59;13;12;11;9;16;3;92;73;65;64;20;17;45	59;13;12;11;9;16;3;92;73;65;64;20;17;45_M9
59;13;12;11;9;16;3;92;73;65;64;20;17;45	59;13;12;11;9;16;3;92;73;65;64;20;17;45_M8
59;13;12;11;9;16;3;92;73;65;64;20;17;45	59;13;12;11;9;16;3;92;73;65;64;20;17;45_M10
