14;72;35;50;29	77
77	77_M6
49;53;68	79
79	79_M9
10;47;63;5;4;22;41;19;18	82;86
82;86	82;86_M5
23	31;26;34;30
31;26;34;30	31;26;34;30_P
31;26;34;30	31;26;34;30_M2
0	2;6;7;8
2;6;7;8	2;6;7;8_P
2;6;7;8	2;6;7;8_M5
2;6;7;8	2;6;7;8_M4
2;6;7;8	2;6;7;8_M7
2;6;7;8	2;6;7;8_M6
2;6;7;8	2;6;7;8_M1
2;6;7;8	2;6;7;8_M3
2;6;7;8	2;6;7;8_M2
2;6;7;8	2;6;7;8_M9
2;6;7;8	2;6;7;8_M8
2;6;7;8	2;6;7;8_M10
0	23
23	23_P
23	23_M5
23	23_M4
23	23_M7
23	23_M6
23	23_M1
23	23_M3
23	23_M2
23	23_M9
23	23_M8
23	23_M10
GL	0
0	0_P
0	0_M5
0	0_M4
0	0_M7
0	0_M6
0	0_M1
0	0_M3
0	0_M2
0	0_M9
0	0_M8
0	0_M10
36;24;25	78
78	78_P
78	78_M5
78	78_M4
78	78_M7
78	78_M6
78	78_M1
78	78_M3
78	78_M2
78	78_M9
78	78_M8
78	78_M10
36;24;25	62;40;15;52;48;21;28;33
62;40;15;52;48;21;28;33	62;40;15;52;48;21;28;33_M4
36;24;25	74
74	74_P
74	74_M8
2;6;7;8	36;24;25
36;24;25	36;24;25_P
36;24;25	36;24;25_M5
36;24;25	36;24;25_M4
36;24;25	36;24;25_M7
36;24;25	36;24;25_M6
36;24;25	36;24;25_M1
36;24;25	36;24;25_M3
36;24;25	36;24;25_M2
36;24;25	36;24;25_M9
36;24;25	36;24;25_M8
36;24;25	36;24;25_M10
2;6;7;8	1
1	1_P
1	1_M5
1	1_M4
1	1_M7
1	1_M6
1	1_M1
1	1_M3
1	1_M2
1	1_M9
1	1_M8
1	1_M10
2;6;7;8	14;72;35;50;29
14;72;35;50;29	14;72;35;50;29_P
14;72;35;50;29	14;72;35;50;29_M4
14;72;35;50;29	14;72;35;50;29_M6
14;72;35;50;29	14;72;35;50;29_M3
14;72;35;50;29	14;72;35;50;29_M2
14;72;35;50;29	14;72;35;50;29_M8
14;72;35;50;29	14;72;35;50;29_M10
2;6;7;8	49;53;68
49;53;68	49;53;68_P
49;53;68	49;53;68_M4
49;53;68	49;53;68_M6
49;53;68	49;53;68_M1
49;53;68	49;53;68_M3
49;53;68	49;53;68_M2
49;53;68	49;53;68_M9
49;53;68	49;53;68_M8
49;53;68	49;53;68_M10
2;6;7;8	10;47;63;5;4;22;41;19;18
10;47;63;5;4;22;41;19;18	10;47;63;5;4;22;41;19;18_M5
2;6;7;8	39
39	39_M9
78	70;44;101;91;88;58;46;93
70;44;101;91;88;58;46;93	70;44;101;91;88;58;46;93_M10
70;44;101;91;88;58;46;93	70;44;101;91;88;58;46;93_M8
1	59;13;12;11;9;16;3;92;73;65;64;20;17;45
59;13;12;11;9;16;3;92;73;65;64;20;17;45	59;13;12;11;9;16;3;92;73;65;64;20;17;45_M7
