id, 	 phi, 	 nChildren, 	 nGenes, 	 genes 
0,	[ 1.  1.  1.  1.  1.  1.  1.  1.  1.  1.  1.  1.],	1,	0,	
1,	[ 0.98   0.979  0.99   0.993  0.992  0.992  0.993  0.987  0.994  0.983
  0.992  0.984],	2,	1,	s0
2,	[ 0.713  0.69   0.802  0.75   0.747  0.839  0.776  0.821  0.803  0.819
  0.847  0.831],	6,	4,	s2; s6; s7; s8
3,	[ 0.033  0.029  0.04   0.045  0.055  0.032  0.02   0.042  0.02   0.025
  0.179  0.038],	1,	3,	s43; s46; s53
4,	[ 0.005  0.005  0.011  0.013  0.007  0.005  0.003  0.008  0.004  0.003
  0.079  0.009],	0,	1,	s60
5,	[ 0.02   0.014  0.011  0.016  0.008  0.008  0.283  0.014  0.012  0.011
  0.009  0.013],	1,	9,	s10; s41; s50; s5; s4; s22; s37; s19; s18
6,	[ 0.005  0.007  0.004  0.007  0.003  0.002  0.041  0.004  0.006  0.003
  0.004  0.005],	0,	2,	s61; s62
7,	[ 0.086  0.13   0.078  0.083  0.076  0.073  0.049  0.044  0.417  0.076
  0.076  0.064],	1,	1,	s1
8,	[ 0.005  0.003  0.008  0.005  0.005  0.006  0.001  0.005  0.37   0.004
  0.004  0.005],	0,	14,	s48; s13; s12; s11; s9; s16; s3; s65; s56; s52; s51; s20; s17; s39
9,	[ 0.036  0.03   0.029  0.031  0.05   0.031  0.022  0.295  0.023  0.029
  0.025  0.039],	1,	5,	s14; s55; s33; s44; s28
10,	[ 0.01   0.008  0.009  0.007  0.013  0.011  0.007  0.119  0.003  0.006
  0.008  0.019],	0,	1,	s58
11,	[ 0.008  0.005  0.01   0.005  0.009  0.011  0.006  0.007  0.003  0.003
  0.011  0.011],	0,	1,	s35
12,	[ 0.273  0.18   0.305  0.243  0.239  0.436  0.153  0.192  0.146  0.423
  0.302  0.399],	3,	3,	s34; s24; s25
13,	[ 0.005  0.007  0.019  0.006  0.007  0.286  0.002  0.005  0.005  0.007
  0.005  0.005],	0,	8,	s49; s36; s15; s45; s42; s21; s27; s31
14,	[ 0.064  0.034  0.074  0.052  0.044  0.025  0.029  0.045  0.035  0.132
  0.066  0.196],	1,	1,	s59
15,	[ 0.006  0.003  0.009  0.003  0.009  0.003  0.006  0.004  0.002  0.023
  0.009  0.135],	0,	8,	s54; s38; s67; s64; s63; s47; s40; s66
16,	[ 0.031  0.012  0.008  0.004  0.014  0.008  0.007  0.009  0.006  0.023
  0.01   0.009],	0,	1,	s57
17,	[ 0.089  0.081  0.052  0.1    0.123  0.03   0.049  0.051  0.043  0.058
  0.03   0.039],	1,	1,	s23
18,	[ 0.025  0.006  0.006  0.043  0.008  0.005  0.004  0.008  0.005  0.007
  0.002  0.006],	0,	4,	s30; s26; s32; s29



         /3 /-4
        |
        |-5 /-6
        |
        |-7 /-8
        |
      /2|-9 /-10
     |  |
     |  |--11
     |  |
     |  |   /-13
-0 /1|  |  |
     |   \12-14/-15
     |     |
     |      \-16
     |
      \17/-18

Number of non-empty nodes in the tree: 18


id, 	 phi, 	 nChildren, 	 nGenes, 	 genes 
0,	[ 1.  1.  1.  1.  1.  1.  1.  1.  1.  1.  1.  1.],	1,	0,	
1,	[ 0.995  0.981  0.986  0.995  0.994  0.993  0.986  0.983  0.995  0.988
  0.986  0.987],	2,	1,	s0
2,	[ 0.719  0.722  0.804  0.736  0.771  0.81   0.783  0.833  0.806  0.821
  0.834  0.843],	6,	4,	s2; s6; s7; s8
3,	[ 0.02   0.017  0.019  0.017  0.013  0.01   0.298  0.018  0.012  0.014
  0.008  0.011],	1,	9,	s10; s41; s50; s5; s4; s22; s37; s19; s18
4,	[ 0.003  0.004  0.005  0.007  0.002  0.005  0.031  0.005  0.003  0.004
  0.001  0.003],	0,	2,	s61; s62
5,	[ 0.048  0.05   0.048  0.049  0.067  0.038  0.022  0.044  0.028  0.029
  0.211  0.046],	1,	3,	s43; s46; s53
6,	[ 0.003  0.01   0.009  0.019  0.007  0.013  0.007  0.01   0.006  0.007  0.1
  0.012],	0,	1,	s60
7,	[ 0.046  0.031  0.038  0.043  0.045  0.042  0.029  0.296  0.029  0.033
  0.026  0.042],	1,	5,	s14; s55; s33; s44; s28
8,	[ 0.015  0.015  0.008  0.013  0.015  0.011  0.005  0.096  0.008  0.007
  0.008  0.014],	0,	1,	s58
9,	[ 0.009  0.006  0.015  0.008  0.011  0.01   0.007  0.003  0.003  0.006
  0.006  0.011],	0,	1,	s35
10,	[ 0.082  0.155  0.065  0.074  0.071  0.072  0.067  0.065  0.433  0.079
  0.061  0.078],	1,	1,	s1
11,	[ 0.005  0.003  0.005  0.005  0.003  0.003  0.003  0.004  0.382  0.007
  0.008  0.004],	0,	14,	s48; s13; s12; s11; s9; s16; s3; s65; s56; s52; s51; s20; s17; s39
12,	[ 0.245  0.173  0.308  0.202  0.233  0.371  0.134  0.177  0.12   0.413
  0.29   0.43 ],	3,	3,	s34; s24; s25
13,	[ 0.06   0.031  0.062  0.053  0.047  0.024  0.023  0.036  0.031  0.115
  0.066  0.199],	1,	1,	s59
14,	[ 0.01   0.002  0.018  0.007  0.009  0.003  0.004  0.004  0.003  0.021
  0.016  0.144],	0,	8,	s54; s38; s67; s64; s63; s47; s40; s66
15,	[ 0.029  0.018  0.008  0.008  0.011  0.007  0.002  0.006  0.006  0.02
  0.007  0.011],	0,	1,	s57
16,	[ 0.003  0.006  0.014  0.002  0.005  0.238  0.006  0.004  0.004  0.006
  0.008  0.006],	0,	8,	s49; s36; s15; s45; s42; s21; s27; s31
17,	[ 0.1    0.068  0.055  0.123  0.107  0.062  0.051  0.056  0.05   0.065
  0.043  0.042],	1,	1,	s23
18,	[ 0.02   0.008  0.003  0.064  0.013  0.012  0.006  0.007  0.004  0.006
  0.004  0.008],	0,	4,	s30; s26; s32; s29



         /3 /-4
        |
        |-5 /-6
        |
        |-7 /-8
        |
      /2|--9
     |  |
     |  |-10/-11
     |  |
     |  |   /13/-14
-0 /1|  |  |
     |   \12--15
     |     |
     |      \-16
     |
      \17/-18

Number of non-empty nodes in the tree: 18


id, 	 phi, 	 nChildren, 	 nGenes, 	 genes 
0,	[ 1.  1.  1.  1.  1.  1.  1.  1.  1.  1.  1.  1.],	1,	0,	
1,	[ 0.98   0.981  0.989  0.996  0.996  0.991  0.99   0.987  0.991  0.987
  0.99   0.987],	2,	1,	s0
2,	[ 0.704  0.706  0.801  0.752  0.75   0.822  0.768  0.816  0.778  0.828
  0.833  0.823],	6,	4,	s2; s6; s7; s8
3,	[ 0.06   0.124  0.053  0.051  0.05   0.057  0.043  0.039  0.404  0.065
  0.053  0.04 ],	1,	1,	s1
4,	[ 0.004  0.004  0.007  0.006  0.005  0.003  0.002  0.006  0.371  0.005
  0.006  0.003],	0,	14,	s48; s13; s12; s11; s9; s16; s3; s65; s56; s52; s51; s20; s17; s39
5,	[ 0.035  0.031  0.037  0.03   0.035  0.032  0.019  0.296  0.021  0.028
  0.019  0.047],	1,	5,	s14; s55; s33; s44; s28
6,	[ 0.012  0.011  0.018  0.01   0.009  0.013  0.006  0.118  0.005  0.005
  0.004  0.019],	0,	1,	s58
7,	[ 0.006  0.006  0.013  0.007  0.009  0.009  0.006  0.005  0.002  0.005
  0.006  0.01 ],	0,	1,	s35
8,	[ 0.251  0.201  0.32   0.24   0.238  0.409  0.155  0.205  0.141  0.422  0.3
  0.436],	3,	3,	s34; s24; s25
9,	[ 0.062  0.041  0.072  0.055  0.043  0.031  0.032  0.044  0.033  0.119
  0.046  0.2  ],	1,	1,	s59
10,	[ 0.009  0.003  0.022  0.002  0.007  0.005  0.007  0.005  0.005  0.02
  0.011  0.139],	0,	8,	s54; s38; s67; s64; s63; s47; s40; s66
11,	[ 0.024  0.019  0.012  0.003  0.014  0.004  0.005  0.01   0.005  0.023
  0.013  0.007],	0,	1,	s57
12,	[ 0.006  0.007  0.017  0.003  0.006  0.255  0.003  0.006  0.002  0.009
  0.004  0.007],	0,	8,	s49; s36; s15; s45; s42; s21; s27; s31
13,	[ 0.013  0.016  0.014  0.015  0.012  0.014  0.29   0.013  0.012  0.012
  0.009  0.012],	1,	9,	s10; s41; s50; s5; s4; s22; s37; s19; s18
14,	[ 0.003  0.008  0.007  0.006  0.006  0.005  0.053  0.006  0.003  0.006
  0.003  0.007],	0,	2,	s61; s62
15,	[ 0.03   0.037  0.041  0.045  0.056  0.032  0.018  0.037  0.013  0.036
  0.192  0.038],	1,	3,	s43; s46; s53
16,	[ 0.005  0.005  0.012  0.016  0.007  0.01   0.005  0.009  0.004  0.006
  0.088  0.011],	0,	1,	s60
17,	[ 0.095  0.069  0.054  0.1    0.119  0.043  0.054  0.054  0.059  0.056
  0.027  0.048],	1,	1,	s23
18,	[ 0.043  0.028  0.017  0.072  0.035  0.022  0.016  0.021  0.033  0.022
  0.012  0.023],	1,	1,	s26
19,	[ 0.02   0.006  0.005  0.054  0.013  0.009  0.004  0.008  0.006  0.004
  0.002  0.014],	0,	3,	s30; s32; s29



         /3 /-4
        |
        |-5 /-6
        |
        |--7
        |
        |   /9 /-10
      /2|  |
     |  |-8|--11
     |  |  |
     |  |   \-12
-0 /1|  |
     |  |-13/-14
     |  |
     |   \15/-16
     |
      \17/18/-19

Number of non-empty nodes in the tree: 19


id, 	 phi, 	 nChildren, 	 nGenes, 	 genes 
0,	[ 1.  1.  1.  1.  1.  1.  1.  1.  1.  1.  1.  1.],	1,	0,	
1,	[ 0.988  0.986  0.992  0.981  0.993  0.993  0.991  0.983  0.995  0.993
  0.997  0.991],	2,	1,	s0
2,	[ 0.73   0.731  0.774  0.746  0.744  0.838  0.78   0.835  0.816  0.811
  0.841  0.838],	5,	4,	s2; s6; s7; s8
3,	[ 0.23   0.193  0.321  0.221  0.211  0.413  0.132  0.182  0.137  0.378
  0.298  0.405],	3,	3,	s34; s24; s25
4,	[ 0.007  0.006  0.004  0.004  0.006  0.282  0.005  0.002  0.005  0.011
  0.011  0.014],	0,	8,	s49; s36; s15; s45; s42; s21; s27; s31
5,	[ 0.054  0.03   0.08   0.059  0.053  0.042  0.031  0.043  0.031  0.118
  0.071  0.205],	1,	1,	s59
6,	[ 0.012  0.004  0.015  0.013  0.006  0.002  0.002  0.01   0.006  0.021
  0.006  0.154],	0,	8,	s54; s38; s67; s64; s63; s47; s40; s66
7,	[ 0.031  0.021  0.009  0.004  0.01   0.008  0.006  0.009  0.011  0.015
  0.006  0.008],	0,	1,	s57
8,	[ 0.049  0.049  0.034  0.035  0.038  0.035  0.355  0.044  0.03   0.041
  0.039  0.039],	2,	9,	s10; s41; s50; s5; s4; s22; s37; s19; s18
9,	[ 0.012  0.008  0.007  0.005  0.002  0.001  0.087  0.006  0.005  0.008
  0.006  0.006],	0,	1,	s62
10,	[ 0.007  0.014  0.009  0.009  0.015  0.01   0.052  0.012  0.007  0.014
  0.007  0.009],	1,	1,	s61
11,	[ 0.002  0.005  0.001  0.005  0.004  0.004  0.009  0.005  0.003  0.005
  0.004  0.004],	0,	1,	s35
12,	[ 0.03   0.022  0.036  0.029  0.036  0.037  0.022  0.012  0.014  0.032
  0.185  0.027],	1,	3,	s43; s46; s53
13,	[ 0.004  0.015  0.005  0.004  0.002  0.012  0.005  0.004  0.004  0.012
  0.09   0.011],	0,	1,	s60
14,	[ 0.065  0.129  0.058  0.067  0.062  0.057  0.062  0.063  0.435  0.052
  0.042  0.051],	1,	1,	s1
15,	[ 0.004  0.014  0.004  0.006  0.007  0.002  0.003  0.006  0.396  0.002
  0.008  0.005],	0,	14,	s48; s13; s12; s11; s9; s16; s3; s65; s56; s52; s51; s20; s17; s39
16,	[ 0.027  0.019  0.011  0.032  0.024  0.038  0.015  0.287  0.017  0.027
  0.025  0.039],	1,	5,	s14; s55; s33; s44; s28
17,	[ 0.006  0.004  0.003  0.012  0.014  0.01   0.005  0.08   0.005  0.006
  0.005  0.017],	0,	1,	s58
18,	[ 0.085  0.077  0.076  0.115  0.118  0.061  0.078  0.047  0.065  0.06
  0.058  0.062],	1,	1,	s23
19,	[ 0.007  0.007  0.005  0.066  0.023  0.011  0.01   0.004  0.013  0.003
  0.003  0.007],	0,	4,	s30; s26; s32; s29



            /-4
           |
         /3|-5 /-6
        |  |
        |   \-7
        |
        |   /-9
        |-8|
      /2|   \10/-11
     |  |
     |  |-12/-13
     |  |
-0 /1|  |-14/-15
     |  |
     |   \16/-17
     |
      \18/-19

Number of non-empty nodes in the tree: 19


id, 	 phi, 	 nChildren, 	 nGenes, 	 genes 
0,	[ 1.  1.  1.  1.  1.  1.  1.  1.  1.  1.  1.  1.],	1,	0,	
1,	[ 0.976  0.987  0.988  0.991  0.978  0.986  0.995  0.992  0.994  0.993
  0.996  0.99 ],	2,	1,	s0
2,	[ 0.732  0.694  0.801  0.741  0.799  0.84   0.789  0.832  0.835  0.858
  0.85   0.845],	6,	4,	s2; s6; s7; s8
3,	[ 0.087  0.096  0.092  0.083  0.076  0.061  0.042  0.08   0.429  0.068
  0.042  0.073],	1,	1,	s1
4,	[ 0.009  0.008  0.002  0.009  0.004  0.003  0.005  0.007  0.383  0.004
  0.007  0.006],	0,	14,	s48; s13; s12; s11; s9; s16; s3; s65; s56; s52; s51; s20; s17; s39
5,	[ 0.066  0.054  0.043  0.057  0.098  0.043  0.025  0.266  0.02   0.057
  0.041  0.043],	1,	1,	s23
6,	[ 0.017  0.014  0.009  0.015  0.029  0.016  0.011  0.239  0.008  0.014
  0.013  0.015],	1,	5,	s14; s55; s33; s44; s28
7,	[ 0.002  0.007  0.003  0.011  0.01   0.005  0.004  0.142  0.004  0.01
  0.007  0.005],	0,	1,	s58
8,	[ 0.04   0.034  0.03   0.036  0.042  0.036  0.024  0.023  0.031  0.029
  0.205  0.037],	1,	1,	s57
9,	[ 0.018  0.027  0.012  0.021  0.026  0.02   0.014  0.013  0.017  0.021
  0.185  0.022],	1,	3,	s43; s46; s53
10,	[ 0.01   0.009  0.004  0.01   0.015  0.005  0.007  0.003  0.008  0.008
  0.12   0.008],	0,	1,	s60
11,	[ 0.002  0.003  0.005  0.018  0.007  0.017  0.29   0.01   0.006  0.009
  0.003  0.006],	0,	11,	s61; s10; s62; s41; s50; s5; s4; s22; s37; s19; s18
12,	[ 0.007  0.006  0.006  0.007  0.013  0.014  0.006  0.011  0.002  0.003
  0.008  0.007],	0,	1,	s35
13,	[ 0.21   0.196  0.282  0.214  0.244  0.428  0.173  0.161  0.136  0.398
  0.286  0.388],	2,	3,	s34; s24; s25
14,	[ 0.054  0.044  0.072  0.061  0.052  0.056  0.049  0.041  0.043  0.166
  0.087  0.189],	1,	1,	s59
15,	[ 0.007  0.007  0.012  0.009  0.004  0.004  0.008  0.004  0.009  0.009
  0.006  0.138],	0,	8,	s54; s38; s67; s64; s63; s47; s40; s66
16,	[ 0.003  0.008  0.005  0.005  0.011  0.249  0.007  0.009  0.002  0.004
  0.008  0.006],	0,	8,	s49; s36; s15; s45; s42; s21; s27; s31
17,	[ 0.008  0.005  0.012  0.057  0.003  0.004  0.005  0.007  0.012  0.006
  0.008  0.005],	0,	4,	s30; s26; s32; s29



         /3 /-4
        |
        |-5 /6 /-7
        |
        |-8 /9 /-10
      /2|
     |  |--11
     |  |
     |  |--12
-0 /1|  |
     |  |   /14/-15
     |   \13
     |      \-16
     |
      \-17

Number of non-empty nodes in the tree: 17


