1;0	8;6;5;26;10;20
8;6;5;26;10;20	8;6;5;26;10;20_M4
8;6;5;26;10;20	8;6;5;26;10;20_P
8;6;5;26;10;20	8;6;5;26;10;20_M1
8;6;5;26;10;20	8;6;5;26;10;20_M3
8;6;5;26;10;20	8;6;5;26;10;20_M2
1;0	9;11;7
9;11;7	9;11;7_M4
9;11;7	9;11;7_P
9;11;7	9;11;7_M1
9;11;7	9;11;7_M3
9;11;7	9;11;7_M2
1;0	4;3;25
4;3;25	4;3;25_M4
4;3;25	4;3;25_P
4;3;25	4;3;25_M1
4;3;25	4;3;25_M3
4;3;25	4;3;25_M2
1;0	2
2	2_M4
2	2_P
2	2_M1
2	2_M3
2	2_M2
1;0	28
28	28_M4
28	28_P
28	28_M1
28	28_M3
28	28_M2
GL	1;0
1;0	1;0_M4
1;0	1;0_P
1;0	1;0_M1
1;0	1;0_M3
1;0	1;0_M2
9;11;7	23;18;33;15
23;18;33;15	23;18;33;15_M4
23;18;33;15	23;18;33;15_P
23;18;33;15	23;18;33;15_M1
23;18;33;15	23;18;33;15_M3
23;18;33;15	23;18;33;15_M2
16	17
17	17_M4
17	17_P
17	17_M1
17	17_M3
17	17_M2
2	16
16	16_M4
16	16_P
16	16_M1
16	16_M3
16	16_M2
28	35;36;34;32
35;36;34;32	35;36;34;32_M4
35;36;34;32	35;36;34;32_P
35;36;34;32	35;36;34;32_M1
35;36;34;32	35;36;34;32_M3
35;36;34;32	35;36;34;32_M2
