0;1	9;22;2;24;29;30;44;18;16;14;36
9;22;2;24;29;30;44;18;16;14;36	9;22;2;24;29;30;44;18;16;14;36_M4
9;22;2;24;29;30;44;18;16;14;36	9;22;2;24;29;30;44;18;16;14;36_P
9;22;2;24;29;30;44;18;16;14;36	9;22;2;24;29;30;44;18;16;14;36_M1
9;22;2;24;29;30;44;18;16;14;36	9;22;2;24;29;30;44;18;16;14;36_M3
9;22;2;24;29;30;44;18;16;14;36	9;22;2;24;29;30;44;18;16;14;36_M2
0;1	10;8;3
10;8;3	10;8;3_M4
10;8;3	10;8;3_P
10;8;3	10;8;3_M1
10;8;3	10;8;3_M3
10;8;3	10;8;3_M2
0;1	33;23;27;7;6;5;19;13;11
33;23;27;7;6;5;19;13;11	33;23;27;7;6;5;19;13;11_M4
33;23;27;7;6;5;19;13;11	33;23;27;7;6;5;19;13;11_P
33;23;27;7;6;5;19;13;11	33;23;27;7;6;5;19;13;11_M1
33;23;27;7;6;5;19;13;11	33;23;27;7;6;5;19;13;11_M3
33;23;27;7;6;5;19;13;11	33;23;27;7;6;5;19;13;11_M2
0;1	49;20;21;26;25;4;37;34;45;12;17;15
49;20;21;26;25;4;37;34;45;12;17;15	49;20;21;26;25;4;37;34;45;12;17;15_M4
49;20;21;26;25;4;37;34;45;12;17;15	49;20;21;26;25;4;37;34;45;12;17;15_P
49;20;21;26;25;4;37;34;45;12;17;15	49;20;21;26;25;4;37;34;45;12;17;15_M1
49;20;21;26;25;4;37;34;45;12;17;15	49;20;21;26;25;4;37;34;45;12;17;15_M3
49;20;21;26;25;4;37;34;45;12;17;15	49;20;21;26;25;4;37;34;45;12;17;15_M2
GL	0;1
0;1	0;1_M4
0;1	0;1_P
0;1	0;1_M1
0;1	0;1_M3
0;1	0;1_M2
9;22;2;24;29;30;44;18;16;14;36	50
50	50_M4
50	50_P
50	50_M1
50	50_M3
50	50_M2
10;8;3	35;51;48
35;51;48	35;51;48_M4
35;51;48	35;51;48_P
35;51;48	35;51;48_M1
35;51;48	35;51;48_M3
35;51;48	35;51;48_M2
33;23;27;7;6;5;19;13;11	39;42
39;42	39;42_M4
39;42	39;42_P
39;42	39;42_M1
39;42	39;42_M3
39;42	39;42_M2
49;20;21;26;25;4;37;34;45;12;17;15	46;47
46;47	46;47_M4
46;47	46;47_P
46;47	46;47_M1
46;47	46;47_M3
46;47	46;47_M2
49;20;21;26;25;4;37;34;45;12;17;15	52
52	52_M4
52	52_P
52	52_M1
52	52_M3
52	52_M2
