0	25;2;1;6;28;4;23;20;13;19
25;2;1;6;28;4;23;20;13;19	25;2;1;6;28;4;23;20;13;19_P
25;2;1;6;28;4;23;20;13;19	25;2;1;6;28;4;23;20;13;19_M5
25;2;1;6;28;4;23;20;13;19	25;2;1;6;28;4;23;20;13;19_M4
25;2;1;6;28;4;23;20;13;19	25;2;1;6;28;4;23;20;13;19_M6
25;2;1;6;28;4;23;20;13;19	25;2;1;6;28;4;23;20;13;19_M1
25;2;1;6;28;4;23;20;13;19	25;2;1;6;28;4;23;20;13;19_M3
25;2;1;6;28;4;23;20;13;19	25;2;1;6;28;4;23;20;13;19_M2
0	24;31;26;21;12;18
24;31;26;21;12;18	24;31;26;21;12;18_M2
0	55;58;9;8;59;3;22;29;7;5;48;45;54;41;14;10;17;15
55;58;9;8;59;3;22;29;7;5;48;45;54;41;14;10;17;15	55;58;9;8;59;3;22;29;7;5;48;45;54;41;14;10;17;15_M5
0	44;43;49;53
0	60
GL	0
0	0_P
0	0_M5
0	0_M4
0	0_M6
0	0_M1
0	0_M3
0	0_M2
33	38;56;63
38;56;63	38;56;63_M6
25;2;1;6;28;4;23;20;13;19	33
33	33_P
33	33_M5
33	33_M4
33	33_M6
33	33_M1
33	33_M3
33	33_M2
25;2;1;6;28;4;23;20;13;19	57;47
57;47	57;47_M4
25;2;1;6;28;4;23;20;13;19	50
50	50_M3
25;2;1;6;28;4;23;20;13;19	35
35	35_M1
