0	25;2;1;6;28;4;23;20;13;19
25;2;1;6;28;4;23;20;13;19	25;2;1;6;28;4;23;20;13;19_P
25;2;1;6;28;4;23;20;13;19	25;2;1;6;28;4;23;20;13;19_M5
25;2;1;6;28;4;23;20;13;19	25;2;1;6;28;4;23;20;13;19_M4
25;2;1;6;28;4;23;20;13;19	25;2;1;6;28;4;23;20;13;19_M6
25;2;1;6;28;4;23;20;13;19	25;2;1;6;28;4;23;20;13;19_M1
25;2;1;6;28;4;23;20;13;19	25;2;1;6;28;4;23;20;13;19_M3
25;2;1;6;28;4;23;20;13;19	25;2;1;6;28;4;23;20;13;19_M2
0	24;31;26;21;12;18
24;31;26;21;12;18	24;31;26;21;12;18_P
24;31;26;21;12;18	24;31;26;21;12;18_M5
24;31;26;21;12;18	24;31;26;21;12;18_M4
24;31;26;21;12;18	24;31;26;21;12;18_M6
24;31;26;21;12;18	24;31;26;21;12;18_M1
24;31;26;21;12;18	24;31;26;21;12;18_M3
24;31;26;21;12;18	24;31;26;21;12;18_M2
0	55;58;9;8;59;3;22;29;7;5;48;45;54;41;14;10;17;15
55;58;9;8;59;3;22;29;7;5;48;45;54;41;14;10;17;15	55;58;9;8;59;3;22;29;7;5;48;45;54;41;14;10;17;15_P
55;58;9;8;59;3;22;29;7;5;48;45;54;41;14;10;17;15	55;58;9;8;59;3;22;29;7;5;48;45;54;41;14;10;17;15_M5
55;58;9;8;59;3;22;29;7;5;48;45;54;41;14;10;17;15	55;58;9;8;59;3;22;29;7;5;48;45;54;41;14;10;17;15_M4
55;58;9;8;59;3;22;29;7;5;48;45;54;41;14;10;17;15	55;58;9;8;59;3;22;29;7;5;48;45;54;41;14;10;17;15_M6
55;58;9;8;59;3;22;29;7;5;48;45;54;41;14;10;17;15	55;58;9;8;59;3;22;29;7;5;48;45;54;41;14;10;17;15_M1
55;58;9;8;59;3;22;29;7;5;48;45;54;41;14;10;17;15	55;58;9;8;59;3;22;29;7;5;48;45;54;41;14;10;17;15_M3
55;58;9;8;59;3;22;29;7;5;48;45;54;41;14;10;17;15	55;58;9;8;59;3;22;29;7;5;48;45;54;41;14;10;17;15_M2
0	44;43;49;53
44;43;49;53	44;43;49;53_P
44;43;49;53	44;43;49;53_M5
44;43;49;53	44;43;49;53_M4
44;43;49;53	44;43;49;53_M6
44;43;49;53	44;43;49;53_M1
44;43;49;53	44;43;49;53_M3
44;43;49;53	44;43;49;53_M2
0	60
60	60_P
60	60_M5
60	60_M4
60	60_M6
60	60_M1
60	60_M3
60	60_M2
GL	0
0	0_P
0	0_M5
0	0_M4
0	0_M6
0	0_M1
0	0_M3
0	0_M2
33	38;56;63
38;56;63	38;56;63_P
38;56;63	38;56;63_M5
38;56;63	38;56;63_M4
38;56;63	38;56;63_M6
38;56;63	38;56;63_M1
38;56;63	38;56;63_M3
38;56;63	38;56;63_M2
25;2;1;6;28;4;23;20;13;19	33
33	33_P
33	33_M5
33	33_M4
33	33_M6
33	33_M1
33	33_M3
33	33_M2
25;2;1;6;28;4;23;20;13;19	57;47
57;47	57;47_P
57;47	57;47_M5
57;47	57;47_M4
57;47	57;47_M6
57;47	57;47_M1
57;47	57;47_M3
57;47	57;47_M2
25;2;1;6;28;4;23;20;13;19	50
50	50_P
50	50_M5
50	50_M4
50	50_M6
50	50_M1
50	50_M3
50	50_M2
25;2;1;6;28;4;23;20;13;19	35
35	35_P
35	35_M5
35	35_M4
35	35_M6
35	35_M1
35	35_M3
35	35_M2
