26;30;23;22;42	43
43	43_P
43	43_M5
43	43_M4
43	43_M7
43	43_M6
43	43_M1
43	43_M3
43	43_M2
4;3;1;0;8;6;5	33
33	33_P
33	33_M5
33	33_M4
33	33_M7
33	33_M6
33	33_M1
33	33_M3
33	33_M2
4;3;1;0;8;6;5	10
10	10_P
10	10_M5
10	10_M4
10	10_M7
10	10_M6
10	10_M1
10	10_M3
10	10_M2
4;3;1;0;8;6;5	56
56	56_P
56	56_M5
56	56_M4
56	56_M7
56	56_M6
56	56_M1
56	56_M3
56	56_M2
4;3;1;0;8;6;5	58;17;78;34;50;29;66
58;17;78;34;50;29;66	58;17;78;34;50;29;66_P
58;17;78;34;50;29;66	58;17;78;34;50;29;66_M5
58;17;78;34;50;29;66	58;17;78;34;50;29;66_M4
58;17;78;34;50;29;66	58;17;78;34;50;29;66_M7
58;17;78;34;50;29;66	58;17;78;34;50;29;66_M6
58;17;78;34;50;29;66	58;17;78;34;50;29;66_M1
58;17;78;34;50;29;66	58;17;78;34;50;29;66_M3
58;17;78;34;50;29;66	58;17;78;34;50;29;66_M2
4;3;1;0;8;6;5	26;30;23;22;42
26;30;23;22;42	26;30;23;22;42_P
26;30;23;22;42	26;30;23;22;42_M5
26;30;23;22;42	26;30;23;22;42_M4
26;30;23;22;42	26;30;23;22;42_M7
26;30;23;22;42	26;30;23;22;42_M6
26;30;23;22;42	26;30;23;22;42_M1
26;30;23;22;42	26;30;23;22;42_M3
26;30;23;22;42	26;30;23;22;42_M2
4;3;1;0;8;6;5	16;77;60;72;47;57;68;41;76
16;77;60;72;47;57;68;41;76	16;77;60;72;47;57;68;41;76_P
16;77;60;72;47;57;68;41;76	16;77;60;72;47;57;68;41;76_M5
16;77;60;72;47;57;68;41;76	16;77;60;72;47;57;68;41;76_M4
16;77;60;72;47;57;68;41;76	16;77;60;72;47;57;68;41;76_M7
16;77;60;72;47;57;68;41;76	16;77;60;72;47;57;68;41;76_M6
16;77;60;72;47;57;68;41;76	16;77;60;72;47;57;68;41;76_M1
16;77;60;72;47;57;68;41;76	16;77;60;72;47;57;68;41;76_M3
16;77;60;72;47;57;68;41;76	16;77;60;72;47;57;68;41;76_M2
4;3;1;0;8;6;5	64
64	64_P
64	64_M5
64	64_M4
64	64_M7
64	64_M6
64	64_M1
64	64_M3
64	64_M2
GL	4;3;1;0;8;6;5
4;3;1;0;8;6;5	4;3;1;0;8;6;5_P
4;3;1;0;8;6;5	4;3;1;0;8;6;5_M5
4;3;1;0;8;6;5	4;3;1;0;8;6;5_M4
4;3;1;0;8;6;5	4;3;1;0;8;6;5_M7
4;3;1;0;8;6;5	4;3;1;0;8;6;5_M6
4;3;1;0;8;6;5	4;3;1;0;8;6;5_M1
4;3;1;0;8;6;5	4;3;1;0;8;6;5_M3
4;3;1;0;8;6;5	4;3;1;0;8;6;5_M2
40	37;45
37;45	37;45_P
37;45	37;45_M5
37;45	37;45_M4
37;45	37;45_M7
37;45	37;45_M6
37;45	37;45_M1
37;45	37;45_M3
37;45	37;45_M2
33	40
40	40_P
40	40_M5
40	40_M4
40	40_M7
40	40_M6
40	40_M1
40	40_M3
40	40_M2
10	20;15;14;24;21
20;15;14;24;21	20;15;14;24;21_P
20;15;14;24;21	20;15;14;24;21_M5
20;15;14;24;21	20;15;14;24;21_M4
20;15;14;24;21	20;15;14;24;21_M7
20;15;14;24;21	20;15;14;24;21_M6
20;15;14;24;21	20;15;14;24;21_M1
20;15;14;24;21	20;15;14;24;21_M3
20;15;14;24;21	20;15;14;24;21_M2
20;15;14;24;21	70;74;69;35;55;52;38
70;74;69;35;55;52;38	70;74;69;35;55;52;38_P
70;74;69;35;55;52;38	70;74;69;35;55;52;38_M5
70;74;69;35;55;52;38	70;74;69;35;55;52;38_M4
70;74;69;35;55;52;38	70;74;69;35;55;52;38_M7
70;74;69;35;55;52;38	70;74;69;35;55;52;38_M6
70;74;69;35;55;52;38	70;74;69;35;55;52;38_M1
70;74;69;35;55;52;38	70;74;69;35;55;52;38_M3
70;74;69;35;55;52;38	70;74;69;35;55;52;38_M2
20;15;14;24;21	53;59;51;63;39;48;75;54
53;59;51;63;39;48;75;54	53;59;51;63;39;48;75;54_P
53;59;51;63;39;48;75;54	53;59;51;63;39;48;75;54_M5
53;59;51;63;39;48;75;54	53;59;51;63;39;48;75;54_M4
53;59;51;63;39;48;75;54	53;59;51;63;39;48;75;54_M7
53;59;51;63;39;48;75;54	53;59;51;63;39;48;75;54_M6
53;59;51;63;39;48;75;54	53;59;51;63;39;48;75;54_M1
53;59;51;63;39;48;75;54	53;59;51;63;39;48;75;54_M3
53;59;51;63;39;48;75;54	53;59;51;63;39;48;75;54_M2
56	62;13;12;79;73;71;67;65
62;13;12;79;73;71;67;65	62;13;12;79;73;71;67;65_P
62;13;12;79;73;71;67;65	62;13;12;79;73;71;67;65_M5
62;13;12;79;73;71;67;65	62;13;12;79;73;71;67;65_M4
62;13;12;79;73;71;67;65	62;13;12;79;73;71;67;65_M7
62;13;12;79;73;71;67;65	62;13;12;79;73;71;67;65_M6
62;13;12;79;73;71;67;65	62;13;12;79;73;71;67;65_M1
62;13;12;79;73;71;67;65	62;13;12;79;73;71;67;65_M3
62;13;12;79;73;71;67;65	62;13;12;79;73;71;67;65_M2
