105	92
92	92_P
105	82;90
82;90	82;90_P
61	80;127;124;65;93
80;127;124;65;93	80;127;124;65;93_M8
22;24	51;35;47;32;41;49;88;75
51;35;47;32;41;49;88;75	51;35;47;32;41;49;88;75_M4
22;24	52;114;112;108;116;85;130;62;84;26
52;114;112;108;116;85;130;62;84;26	52;114;112;108;116;85;130;62;84;26_M6
0	2
2	2_P
2	2_M5
2	2_M4
2	2_M7
2	2_M6
2	2_M1
2	2_M3
2	2_M2
2	2_M8
0	22;24
22;24	22;24_P
22;24	22;24_M4
22;24	22;24_M7
22;24	22;24_M6
22;24	22;24_M3
22;24	22;24_M2
GL	0
0	0_M5
57;56;55;53;34;37;45;33;3;17;18	63;58;89;64
63;58;89;64	63;58;89;64_M5
57;56;55;53;34;37;45;33;3;17;18	98;83;106
98;83;106	98;83;106_M1
2	57;56;55;53;34;37;45;33;3;17;18
57;56;55;53;34;37;45;33;3;17;18	57;56;55;53;34;37;45;33;3;17;18_P
57;56;55;53;34;37;45;33;3;17;18	57;56;55;53;34;37;45;33;3;17;18_M5
57;56;55;53;34;37;45;33;3;17;18	57;56;55;53;34;37;45;33;3;17;18_M4
57;56;55;53;34;37;45;33;3;17;18	57;56;55;53;34;37;45;33;3;17;18_M6
57;56;55;53;34;37;45;33;3;17;18	57;56;55;53;34;37;45;33;3;17;18_M1
57;56;55;53;34;37;45;33;3;17;18	57;56;55;53;34;37;45;33;3;17;18_M2
57;56;55;53;34;37;45;33;3;17;18	57;56;55;53;34;37;45;33;3;17;18_M8
2	13;54;39;15;50;8;1;6;19
13;54;39;15;50;8;1;6;19	13;54;39;15;50;8;1;6;19_M5
13;54;39;15;50;8;1;6;19	13;54;39;15;50;8;1;6;19_M7
13;54;39;15;50;8;1;6;19	13;54;39;15;50;8;1;6;19_M3
13;54;39;15;50;8;1;6;19	13;54;39;15;50;8;1;6;19_M2
2	95;96;16;38;59;36;73;77;4;20;86
95;96;16;38;59;36;73;77;4;20;86	95;96;16;38;59;36;73;77;4;20;86_P
2	61
61	61_M6
2	28;10;12;44;31;46;42;48;87;5;60;91;27
28;10;12;44;31;46;42;48;87;5;60;91;27	28;10;12;44;31;46;42;48;87;5;60;91;27_M3
13;54;39;15;50;8;1;6;19	110;115
110;115	110;115_M7
13;54;39;15;50;8;1;6;19	25;29;68;14;30;11;40;9;43;66;67;7;23;21
25;29;68;14;30;11;40;9;43;66;67;7;23;21	25;29;68;14;30;11;40;9;43;66;67;7;23;21_M2
95;96;16;38;59;36;73;77;4;20;86	105
105	105_P
