105	92
92	92_P
105	82;90
82;90	82;90_P
61	80;127;124;65;93
80;127;124;65;93	80;127;124;65;93_M8
22;24	51;35;47;32;41;49;88;75
51;35;47;32;41;49;88;75	51;35;47;32;41;49;88;75_M4
51;35;47;32;41;49;88;75	51;35;47;32;41;49;88;75_M2
22;24	52;114;112;108;116;85;130;62;84;26
52;114;112;108;116;85;130;62;84;26	52;114;112;108;116;85;130;62;84;26_P
52;114;112;108;116;85;130;62;84;26	52;114;112;108;116;85;130;62;84;26_M6
52;114;112;108;116;85;130;62;84;26	52;114;112;108;116;85;130;62;84;26_M8
52;114;112;108;116;85;130;62;84;26	52;114;112;108;116;85;130;62;84;26_M2
0	2
2	2_P
2	2_M5
2	2_M4
2	2_M7
2	2_M6
2	2_M1
2	2_M3
2	2_M2
2	2_M8
0	22;24
22;24	22;24_P
22;24	22;24_M5
22;24	22;24_M4
22;24	22;24_M7
22;24	22;24_M6
22;24	22;24_M1
22;24	22;24_M3
22;24	22;24_M2
22;24	22;24_M8
GL	0
0	0_M5
0	0_P
0	0_M6
0	0_M1
57;56;55;53;34;37;45;33;3;17;18	63;58;89;64
63;58;89;64	63;58;89;64_M5
63;58;89;64	63;58;89;64_M6
63;58;89;64	63;58;89;64_M1
63;58;89;64	63;58;89;64_M8
57;56;55;53;34;37;45;33;3;17;18	98;83;106
98;83;106	98;83;106_M4
98;83;106	98;83;106_M5
98;83;106	98;83;106_P
98;83;106	98;83;106_M6
98;83;106	98;83;106_M1
98;83;106	98;83;106_M8
2	57;56;55;53;34;37;45;33;3;17;18
57;56;55;53;34;37;45;33;3;17;18	57;56;55;53;34;37;45;33;3;17;18_P
57;56;55;53;34;37;45;33;3;17;18	57;56;55;53;34;37;45;33;3;17;18_M5
57;56;55;53;34;37;45;33;3;17;18	57;56;55;53;34;37;45;33;3;17;18_M4
57;56;55;53;34;37;45;33;3;17;18	57;56;55;53;34;37;45;33;3;17;18_M7
57;56;55;53;34;37;45;33;3;17;18	57;56;55;53;34;37;45;33;3;17;18_M6
57;56;55;53;34;37;45;33;3;17;18	57;56;55;53;34;37;45;33;3;17;18_M1
57;56;55;53;34;37;45;33;3;17;18	57;56;55;53;34;37;45;33;3;17;18_M3
57;56;55;53;34;37;45;33;3;17;18	57;56;55;53;34;37;45;33;3;17;18_M2
57;56;55;53;34;37;45;33;3;17;18	57;56;55;53;34;37;45;33;3;17;18_M8
2	13;54;39;15;50;8;1;6;19
13;54;39;15;50;8;1;6;19	13;54;39;15;50;8;1;6;19_P
13;54;39;15;50;8;1;6;19	13;54;39;15;50;8;1;6;19_M5
13;54;39;15;50;8;1;6;19	13;54;39;15;50;8;1;6;19_M4
13;54;39;15;50;8;1;6;19	13;54;39;15;50;8;1;6;19_M7
13;54;39;15;50;8;1;6;19	13;54;39;15;50;8;1;6;19_M6
13;54;39;15;50;8;1;6;19	13;54;39;15;50;8;1;6;19_M1
13;54;39;15;50;8;1;6;19	13;54;39;15;50;8;1;6;19_M3
13;54;39;15;50;8;1;6;19	13;54;39;15;50;8;1;6;19_M2
13;54;39;15;50;8;1;6;19	13;54;39;15;50;8;1;6;19_M8
2	95;96;16;38;59;36;73;77;4;20;86
95;96;16;38;59;36;73;77;4;20;86	95;96;16;38;59;36;73;77;4;20;86_P
95;96;16;38;59;36;73;77;4;20;86	95;96;16;38;59;36;73;77;4;20;86_M5
95;96;16;38;59;36;73;77;4;20;86	95;96;16;38;59;36;73;77;4;20;86_M4
95;96;16;38;59;36;73;77;4;20;86	95;96;16;38;59;36;73;77;4;20;86_M7
95;96;16;38;59;36;73;77;4;20;86	95;96;16;38;59;36;73;77;4;20;86_M6
95;96;16;38;59;36;73;77;4;20;86	95;96;16;38;59;36;73;77;4;20;86_M1
95;96;16;38;59;36;73;77;4;20;86	95;96;16;38;59;36;73;77;4;20;86_M3
95;96;16;38;59;36;73;77;4;20;86	95;96;16;38;59;36;73;77;4;20;86_M2
95;96;16;38;59;36;73;77;4;20;86	95;96;16;38;59;36;73;77;4;20;86_M8
2	61
61	61_P
61	61_M5
61	61_M4
61	61_M7
61	61_M6
61	61_M1
61	61_M3
61	61_M2
61	61_M8
2	28;10;12;44;31;46;42;48;87;5;60;91;27
28;10;12;44;31;46;42;48;87;5;60;91;27	28;10;12;44;31;46;42;48;87;5;60;91;27_M7
28;10;12;44;31;46;42;48;87;5;60;91;27	28;10;12;44;31;46;42;48;87;5;60;91;27_M3
28;10;12;44;31;46;42;48;87;5;60;91;27	28;10;12;44;31;46;42;48;87;5;60;91;27_M2
13;54;39;15;50;8;1;6;19	110;115
110;115	110;115_M7
110;115	110;115_M2
13;54;39;15;50;8;1;6;19	25;29;68;14;30;11;40;9;43;66;67;7;23;21
25;29;68;14;30;11;40;9;43;66;67;7;23;21	25;29;68;14;30;11;40;9;43;66;67;7;23;21_M7
25;29;68;14;30;11;40;9;43;66;67;7;23;21	25;29;68;14;30;11;40;9;43;66;67;7;23;21_M2
95;96;16;38;59;36;73;77;4;20;86	105
105	105_P
105	105_M5
105	105_M4
105	105_M7
105	105_M6
105	105_M1
105	105_M3
105	105_M2
105	105_M8
