80;127;124;65;93_M8	M8
51;35;47;32;41;49;88;75_M4	M4
52;114;112;108;116;85;130;62;84;26_M6	M6
2_P	P
2_M5	M5
2_M4	M4
2_M7	M7
2_M6	M6
2_M1	M1
2_M3	M3
2_M2	M2
2_M8	M8
22;24_P	P
22;24_M5	M5
22;24_M4	M4
22;24_M7	M7
22;24_M6	M6
22;24_M1	M1
22;24_M3	M3
22;24_M2	M2
22;24_M8	M8
63;58;89;64_M5	M5
98;83;106_M1	M1
57;56;55;53;34;37;45;33;3;17;18_P	P
57;56;55;53;34;37;45;33;3;17;18_M5	M5
57;56;55;53;34;37;45;33;3;17;18_M4	M4
57;56;55;53;34;37;45;33;3;17;18_M7	M7
57;56;55;53;34;37;45;33;3;17;18_M6	M6
57;56;55;53;34;37;45;33;3;17;18_M1	M1
57;56;55;53;34;37;45;33;3;17;18_M3	M3
57;56;55;53;34;37;45;33;3;17;18_M2	M2
57;56;55;53;34;37;45;33;3;17;18_M8	M8
13;54;39;15;50;8;1;6;19_P	P
13;54;39;15;50;8;1;6;19_M5	M5
13;54;39;15;50;8;1;6;19_M4	M4
13;54;39;15;50;8;1;6;19_M7	M7
13;54;39;15;50;8;1;6;19_M6	M6
13;54;39;15;50;8;1;6;19_M1	M1
13;54;39;15;50;8;1;6;19_M3	M3
13;54;39;15;50;8;1;6;19_M2	M2
13;54;39;15;50;8;1;6;19_M8	M8
95;96;16;38;59;36;73;77;4;20;86_P	P
61_M6	M6
28;10;12;44;31;46;42;48;87;5;60;91;27_M3	M3
110;115_M7	M7
25;29;68;14;30;11;40;9;43;66;67;7;23;21_M2	M2
105_P	P
