18;17;3;1;32;30	67;55;56;51;71;69
67;55;56;51;71;69	67;55;56;51;71;69_P
67;55;56;51;71;69	67;55;56;51;71;69_M3
50;44;35;46;37	18;17;3;1;32;30
18;17;3;1;32;30	18;17;3;1;32;30_P
18;17;3;1;32;30	18;17;3;1;32;30_M7
18;17;3;1;32;30	18;17;3;1;32;30_M3
50;44;35;46;37	61
61	61_P
61	61_M5
61	61_M4
61	61_M7
61	61_M6
61	61_M3
61	61_M2
61	61_M9
61	61_M8
61	74
74	74_P
74	74_M7
0	4
4	4_P
4	4_M5
4	4_M4
4	4_M7
4	4_M6
4	4_M1
4	4_M3
4	4_M2
4	4_M9
4	4_M8
0	50;44;35;46;37
50;44;35;46;37	50;44;35;46;37_M4
50;44;35;46;37	50;44;35;46;37_M5
50;44;35;46;37	50;44;35;46;37_P
50;44;35;46;37	50;44;35;46;37_M7
50;44;35;46;37	50;44;35;46;37_M6
50;44;35;46;37	50;44;35;46;37_M1
50;44;35;46;37	50;44;35;46;37_M3
50;44;35;46;37	50;44;35;46;37_M8
0	63
63	63_M6
GL	0
0	0_P
0	0_M5
0	0_M4
0	0_M7
0	0_M6
0	0_M1
0	0_M3
0	0_M2
0	0_M9
0	0_M8
14;12;11;31	34;38
34;38	34;38_P
34;38	34;38_M5
34;38	34;38_M4
34;38	34;38_M7
34;38	34;38_M6
34;38	34;38_M1
34;38	34;38_M3
34;38	34;38_M2
34;38	34;38_M9
34;38	34;38_M8
14;12;11;31	76;59
76;59	76;59_P
76;59	76;59_M4
76;59	76;59_M7
76;59	76;59_M1
76;59	76;59_M3
76;59	76;59_M2
76;59	76;59_M9
14;12;11;31	47;54;77;70;40;39;60;75
47;54;77;70;40;39;60;75	47;54;77;70;40;39;60;75_M7
47;54;77;70;40;39;60;75	47;54;77;70;40;39;60;75_M9
47;54;77;70;40;39;60;75	47;54;77;70;40;39;60;75_M2
4	14;12;11;31
14;12;11;31	14;12;11;31_P
14;12;11;31	14;12;11;31_M5
14;12;11;31	14;12;11;31_M4
14;12;11;31	14;12;11;31_M7
14;12;11;31	14;12;11;31_M6
14;12;11;31	14;12;11;31_M1
14;12;11;31	14;12;11;31_M3
14;12;11;31	14;12;11;31_M2
14;12;11;31	14;12;11;31_M9
14;12;11;31	14;12;11;31_M8
4	10;16;8;6;23;20
10;16;8;6;23;20	10;16;8;6;23;20_P
10;16;8;6;23;20	10;16;8;6;23;20_M5
10;16;8;6;23;20	10;16;8;6;23;20_M4
10;16;8;6;23;20	10;16;8;6;23;20_M7
10;16;8;6;23;20	10;16;8;6;23;20_M6
10;16;8;6;23;20	10;16;8;6;23;20_M1
10;16;8;6;23;20	10;16;8;6;23;20_M3
10;16;8;6;23;20	10;16;8;6;23;20_M2
10;16;8;6;23;20	10;16;8;6;23;20_M9
10;16;8;6;23;20	10;16;8;6;23;20_M8
4	57;9;15;2;13;5;72
57;9;15;2;13;5;72	57;9;15;2;13;5;72_M4
57;9;15;2;13;5;72	57;9;15;2;13;5;72_P
57;9;15;2;13;5;72	57;9;15;2;13;5;72_M1
57;9;15;2;13;5;72	57;9;15;2;13;5;72_M8
57;9;15;2;13;5;72	57;9;15;2;13;5;72_M2
4	21;66;65;58;19;49
21;66;65;58;19;49	21;66;65;58;19;49_P
21;66;65;58;19;49	21;66;65;58;19;49_M5
21;66;65;58;19;49	21;66;65;58;19;49_M4
21;66;65;58;19;49	21;66;65;58;19;49_M1
21;66;65;58;19;49	21;66;65;58;19;49_M2
21;66;65;58;19;49	21;66;65;58;19;49_M9
34;38	82
82	82_M5
82	82_M7
10;16;8;6;23;20	45;52;79;24;29;33;41
45;52;79;24;29;33;41	45;52;79;24;29;33;41_M5
45;52;79;24;29;33;41	45;52;79;24;29;33;41_P
45;52;79;24;29;33;41	45;52;79;24;29;33;41_M6
45;52;79;24;29;33;41	45;52;79;24;29;33;41_M1
45;52;79;24;29;33;41	45;52;79;24;29;33;41_M4
