18;17;3;1;32;30	67;55;56;51;71;69
67;55;56;51;71;69	67;55;56;51;71;69_M3
50;44;35;46;37	18;17;3;1;32;30
18;17;3;1;32;30	18;17;3;1;32;30_P
50;44;35;46;37	61
61	61_M7
61	74
0	4
4	4_P
4	4_M5
4	4_M4
4	4_M7
4	4_M6
4	4_M1
4	4_M3
4	4_M2
4	4_M9
4	4_M8
0	50;44;35;46;37
50;44;35;46;37	50;44;35;46;37_M7
0	63
GL	0
0	0_P
0	0_M5
0	0_M4
0	0_M7
0	0_M6
0	0_M1
0	0_M3
0	0_M2
0	0_M9
0	0_M8
14;12;11;31	34;38
34;38	34;38_M5
34;38	34;38_P
14;12;11;31	76;59
76;59	76;59_M9
14;12;11;31	47;54;77;70;40;39;60;75
47;54;77;70;40;39;60;75	47;54;77;70;40;39;60;75_M2
4	14;12;11;31
14;12;11;31	14;12;11;31_P
14;12;11;31	14;12;11;31_M5
14;12;11;31	14;12;11;31_M4
14;12;11;31	14;12;11;31_M7
14;12;11;31	14;12;11;31_M6
14;12;11;31	14;12;11;31_M1
14;12;11;31	14;12;11;31_M3
14;12;11;31	14;12;11;31_M2
14;12;11;31	14;12;11;31_M9
14;12;11;31	14;12;11;31_M8
4	10;16;8;6;23;20
10;16;8;6;23;20	10;16;8;6;23;20_M1
4	57;9;15;2;13;5;72
57;9;15;2;13;5;72	57;9;15;2;13;5;72_M8
57;9;15;2;13;5;72	57;9;15;2;13;5;72_M2
4	21;66;65;58;19;49
21;66;65;58;19;49	21;66;65;58;19;49_M4
34;38	82
10;16;8;6;23;20	45;52;79;24;29;33;41
45;52;79;24;29;33;41	45;52;79;24;29;33;41_M6
