id, 	 phi, 	 nChildren, 	 nGenes, 	 genes 
0,	[ 1.  1.  1.  1.  1.  1.  1.  1.  1.  1.  1.],	1,	0,	
1,	[ 0.978  0.994  0.986  0.993  0.995  0.989  0.985  0.99   0.994  0.992
  0.988],	3,	1,	s0
2,	[ 0.587  0.537  0.755  0.765  0.538  0.776  0.743  0.792  0.556  0.727
  0.804],	4,	1,	s4
3,	[ 0.271  0.212  0.19   0.369  0.314  0.277  0.542  0.17   0.353  0.153
  0.533],	3,	4,	s13; s11; s10; s25
4,	[ 0.008  0.011  0.011  0.017  0.014  0.016  0.008  0.006  0.018  0.003
  0.178],	0,	2,	s61; s48
5,	[ 0.056  0.046  0.048  0.043  0.052  0.052  0.247  0.04   0.057  0.029
  0.054],	1,	2,	s28; s31
6,	[ 0.005  0.006  0.004  0.007  0.007  0.007  0.045  0.006  0.014  0.004
  0.005],	0,	1,	s64
7,	[ 0.007  0.005  0.005  0.157  0.002  0.009  0.004  0.008  0.016  0.008
  0.014],	0,	8,	s38; s43; s62; s56; s33; s32; s49; s60
8,	[ 0.013  0.008  0.014  0.012  0.008  0.253  0.013  0.005  0.005  0.005
  0.015],	0,	6,	s20; s53; s52; s47; s18; s39
9,	[ 0.008  0.017  0.016  0.192  0.009  0.013  0.005  0.003  0.003  0.353
  0.009],	0,	7,	s46; s8; s14; s2; s12; s5; s58
10,	[ 0.022  0.042  0.349  0.032  0.025  0.041  0.035  0.465  0.031  0.032
  0.033],	1,	6,	s9; s15; s7; s6; s21; s19
11,	[ 0.007  0.014  0.018  0.009  0.005  0.012  0.012  0.421  0.01   0.005
  0.005],	0,	7,	s36; s42; s63; s22; s23; s27; s34
12,	[ 0.009  0.002  0.003  0.009  0.008  0.006  0.009  0.012  0.008  0.008
  0.009],	0,	1,	s51
13,	[ 0.139  0.103  0.041  0.046  0.311  0.046  0.06   0.038  0.269  0.054
  0.032],	2,	5,	s40; s35; s29; s37; s30
14,	[ 0.104  0.055  0.012  0.013  0.24   0.012  0.012  0.009  0.034  0.006
  0.006],	1,	6,	s17; s16; s3; s1; s26; s24
15,	[ 0.013  0.02   0.004  0.005  0.223  0.007  0.004  0.005  0.003  0.004
  0.005],	0,	6,	s54; s44; s45; s41; s57; s55
16,	[ 0.023  0.035  0.018  0.03   0.049  0.017  0.027  0.018  0.179  0.034
  0.016],	1,	1,	s50
17,	[ 0.006  0.014  0.009  0.01   0.009  0.005  0.005  0.007  0.044  0.007
  0.005],	0,	1,	s59



            /-4
           |
         /3|-5 /-6
        |  |
        |   \-7
        |
      /2|--8
     |  |
     |  |--9
     |  |
-0 /1|   \10/-11
     |
     |--12
     |
     |   /14/-15
      \13
         \16/-17

Number of non-empty nodes in the tree: 17


id, 	 phi, 	 nChildren, 	 nGenes, 	 genes 
0,	[ 1.  1.  1.  1.  1.  1.  1.  1.  1.  1.  1.],	1,	0,	
1,	[ 0.992  0.986  0.987  0.992  0.998  0.994  0.98   0.99   0.992  0.993
  0.978],	2,	1,	s0
2,	[ 0.64   0.643  0.814  0.822  0.575  0.807  0.8    0.813  0.581  0.792
  0.79 ],	5,	1,	s4
3,	[ 0.325  0.227  0.194  0.389  0.322  0.283  0.555  0.162  0.35   0.188
  0.502],	4,	4,	s13; s11; s10; s25
4,	[ 0.024  0.003  0.011  0.005  0.008  0.02   0.018  0.008  0.012  0.013
  0.187],	0,	2,	s61; s48
5,	[ 0.012  0.006  0.005  0.16   0.01   0.002  0.007  0.004  0.021  0.007
  0.008],	0,	8,	s38; s43; s62; s56; s33; s32; s49; s60
6,	[ 0.011  0.006  0.009  0.014  0.008  0.013  0.031  0.005  0.011  0.005
  0.011],	0,	1,	s64
7,	[ 0.014  0.009  0.011  0.01   0.013  0.013  0.177  0.011  0.013  0.006
  0.005],	0,	2,	s28; s31
8,	[ 0.035  0.019  0.021  0.175  0.022  0.022  0.02   0.02   0.015  0.361
  0.012],	1,	6,	s46; s8; s14; s2; s12; s5
9,	[ 0.017  0.012  0.009  0.06   0.008  0.013  0.014  0.008  0.003  0.264
  0.007],	0,	1,	s58
10,	[ 0.031  0.039  0.353  0.028  0.032  0.023  0.028  0.46   0.022  0.034
  0.035],	1,	6,	s9; s15; s7; s6; s21; s19
11,	[ 0.015  0.007  0.021  0.003  0.004  0.009  0.002  0.419  0.005  0.006
  0.01 ],	0,	7,	s36; s42; s63; s22; s23; s27; s34
12,	[ 0.023  0.038  0.017  0.016  0.025  0.274  0.027  0.011  0.017  0.015
  0.015],	0,	6,	s47; s53; s52; s20; s18; s39
13,	[ 0.007  0.013  0.012  0.003  0.005  0.014  0.007  0.004  0.008  0.007
  0.001],	0,	1,	s51
14,	[ 0.131  0.098  0.038  0.041  0.302  0.042  0.048  0.045  0.312  0.042
  0.033],	2,	5,	s40; s35; s29; s37; s30
15,	[ 0.105  0.053  0.008  0.014  0.254  0.012  0.016  0.01   0.025  0.008
  0.009],	1,	6,	s17; s16; s3; s1; s26; s24
16,	[ 0.028  0.036  0.002  0.007  0.234  0.005  0.009  0.002  0.01   0.004
  0.005],	0,	6,	s54; s44; s45; s41; s57; s55
17,	[ 0.02   0.03   0.017  0.015  0.03   0.022  0.021  0.016  0.254  0.02
  0.011],	1,	1,	s50
18,	[ 0.008  0.006  0.004  0.008  0.007  0.006  0.005  0.006  0.07   0.007
  0.003],	0,	1,	s59



            /-4
           |
           |--5
         /3|
        |  |--6
        |  |
        |   \-7
        |
      /2|-8 /-9
     |  |
     |  |-10/-11
     |  |
-0 /1|  |--12
     |  |
     |   \-13
     |
     |   /15/-16
      \14
         \17/-18

Number of non-empty nodes in the tree: 18


id, 	 phi, 	 nChildren, 	 nGenes, 	 genes 
0,	[ 1.  1.  1.  1.  1.  1.  1.  1.  1.  1.  1.],	1,	0,	
1,	[ 0.985  0.978  0.986  0.989  0.994  0.991  0.992  0.99   0.986  0.997
  0.985],	2,	1,	s0
2,	[ 0.66   0.63   0.793  0.802  0.564  0.81   0.787  0.825  0.607  0.794
  0.828],	4,	1,	s4
3,	[ 0.342  0.278  0.205  0.393  0.343  0.32   0.543  0.197  0.394  0.239
  0.561],	5,	4,	s13; s11; s10; s25
4,	[ 0.016  0.012  0.008  0.005  0.011  0.011  0.019  0.008  0.011  0.003
  0.186],	0,	2,	s61; s48
5,	[ 0.015  0.008  0.006  0.154  0.01   0.013  0.017  0.007  0.007  0.013
  0.007],	0,	8,	s38; s43; s62; s56; s33; s32; s49; s60
6,	[ 0.004  0.014  0.003  0.007  0.006  0.007  0.003  0.011  0.011  0.005
  0.008],	0,	1,	s51
7,	[ 0.014  0.012  0.012  0.007  0.005  0.008  0.014  0.005  0.01   0.009
  0.009],	0,	1,	s64
8,	[ 0.011  0.011  0.004  0.008  0.008  0.017  0.158  0.005  0.011  0.008
  0.014],	0,	2,	s28; s31
9,	[ 0.03   0.043  0.018  0.202  0.009  0.028  0.015  0.024  0.02   0.327
  0.023],	1,	6,	s46; s8; s14; s2; s12; s5
10,	[ 0.013  0.011  0.01   0.077  0.007  0.007  0.006  0.01   0.005  0.227
  0.012],	0,	1,	s58
11,	[ 0.022  0.025  0.328  0.024  0.02   0.017  0.024  0.436  0.025  0.039
  0.022],	1,	6,	s9; s15; s7; s6; s21; s19
12,	[ 0.004  0.007  0.008  0.007  0.005  0.003  0.009  0.406  0.006  0.006
  0.002],	0,	7,	s36; s42; s63; s22; s23; s27; s34
13,	[ 0.003  0.029  0.014  0.005  0.006  0.248  0.007  0.01   0.005  0.01
  0.011],	0,	6,	s47; s53; s52; s20; s18; s39
14,	[ 0.145  0.106  0.032  0.032  0.326  0.047  0.037  0.034  0.245  0.038
  0.041],	2,	5,	s40; s35; s29; s37; s30
15,	[ 0.13   0.07   0.019  0.009  0.274  0.013  0.013  0.017  0.022  0.011
  0.014],	1,	6,	s17; s16; s3; s1; s26; s24
16,	[ 0.027  0.026  0.008  0.006  0.249  0.008  0.007  0.006  0.011  0.005
  0.007],	0,	6,	s54; s44; s45; s41; s57; s55
17,	[ 0.011  0.016  0.008  0.017  0.037  0.02   0.012  0.01   0.207  0.019
  0.021],	1,	1,	s50
18,	[ 0.005  0.005  0.005  0.006  0.021  0.01   0.008  0.003  0.04   0.009
  0.008],	0,	1,	s59



            /-4
           |
           |--5
           |
         /3|--6
        |  |
        |  |--7
        |  |
        |   \-8
      /2|
     |  |-9 /-10
     |  |
     |  |-11/-12
-0 /1|  |
     |   \-13
     |
     |   /15/-16
      \14
         \17/-18

Number of non-empty nodes in the tree: 18


id, 	 phi, 	 nChildren, 	 nGenes, 	 genes 
0,	[ 1.  1.  1.  1.  1.  1.  1.  1.  1.  1.  1.],	1,	0,	
1,	[ 0.983  0.974  0.987  0.994  0.993  0.984  0.981  0.988  0.993  0.99
  0.986],	2,	1,	s0
2,	[ 0.648  0.628  0.786  0.79   0.552  0.779  0.783  0.825  0.616  0.766
  0.802],	4,	1,	s4
3,	[ 0.32   0.213  0.168  0.4    0.31   0.26   0.499  0.171  0.378  0.168
  0.494],	4,	4,	s13; s11; s10; s25
4,	[ 0.015  0.007  0.008  0.009  0.008  0.014  0.017  0.004  0.01   0.007
  0.197],	0,	2,	s61; s48
5,	[ 0.009  0.009  0.005  0.162  0.017  0.006  0.004  0.005  0.02   0.005
  0.01 ],	0,	8,	s38; s43; s62; s56; s33; s32; s49; s60
6,	[ 0.007  0.009  0.008  0.004  0.003  0.006  0.015  0.005  0.009  0.004
  0.011],	0,	1,	s64
7,	[ 0.011  0.009  0.007  0.011  0.017  0.008  0.175  0.007  0.011  0.009
  0.007],	0,	2,	s28; s31
8,	[ 0.037  0.055  0.037  0.025  0.029  0.281  0.04   0.022  0.025  0.023
  0.02 ],	1,	6,	s47; s53; s52; s20; s18; s39
9,	[ 0.006  0.013  0.002  0.008  0.004  0.013  0.005  0.004  0.006  0.005
  0.008],	0,	1,	s51
10,	[ 0.022  0.023  0.011  0.147  0.016  0.018  0.035  0.013  0.009  0.361
  0.007],	1,	6,	s46; s8; s14; s2; s12; s5
11,	[ 0.011  0.015  0.004  0.056  0.008  0.011  0.028  0.005  0.005  0.258
  0.006],	0,	1,	s58
12,	[ 0.025  0.028  0.371  0.02   0.026  0.022  0.029  0.469  0.028  0.028
  0.029],	1,	6,	s9; s15; s7; s6; s21; s19
13,	[ 0.01   0.005  0.018  0.005  0.005  0.007  0.006  0.434  0.002  0.009
  0.009],	0,	7,	s36; s42; s63; s22; s23; s27; s34
14,	[ 0.139  0.105  0.056  0.045  0.306  0.04   0.045  0.047  0.258  0.041
  0.041],	2,	5,	s40; s35; s29; s37; s30
15,	[ 0.017  0.036  0.027  0.014  0.034  0.022  0.026  0.019  0.211  0.015
  0.014],	1,	1,	s50
16,	[ 0.005  0.019  0.006  0.005  0.014  0.003  0.01   0.003  0.059  0.004
  0.004],	0,	1,	s59
17,	[ 0.114  0.05   0.01   0.01   0.244  0.007  0.011  0.011  0.023  0.011
  0.014],	1,	6,	s17; s16; s3; s1; s26; s24
18,	[ 0.021  0.027  0.003  0.004  0.232  0.003  0.006  0.004  0.009  0.006
  0.007],	0,	6,	s54; s44; s45; s41; s57; s55



            /-4
           |
           |--5
         /3|
        |  |--6
        |  |
        |   \-7
      /2|
     |  |-8 /-9
     |  |
     |  |-10/-11
-0 /1|  |
     |   \12/-13
     |
     |   /15/-16
      \14
         \17/-18

Number of non-empty nodes in the tree: 18


id, 	 phi, 	 nChildren, 	 nGenes, 	 genes 
0,	[ 1.  1.  1.  1.  1.  1.  1.  1.  1.  1.  1.],	1,	0,	
1,	[ 0.99   0.978  0.989  0.991  0.997  0.99   0.981  0.988  0.992  0.994
  0.978],	2,	1,	s0
2,	[ 0.645  0.645  0.812  0.799  0.563  0.787  0.802  0.825  0.588  0.801
  0.807],	5,	1,	s4
3,	[ 0.326  0.236  0.201  0.391  0.326  0.281  0.53   0.172  0.373  0.181
  0.526],	4,	4,	s13; s11; s10; s25
4,	[ 0.011  0.005  0.01   0.008  0.01   0.021  0.013  0.01   0.01   0.008
  0.208],	0,	2,	s61; s48
5,	[ 0.016  0.002  0.008  0.013  0.018  0.006  0.159  0.011  0.011  0.007
  0.007],	0,	2,	s28; s31
6,	[ 0.011  0.008  0.006  0.136  0.005  0.004  0.006  0.003  0.023  0.009
  0.006],	0,	8,	s38; s43; s62; s56; s33; s32; s49; s60
7,	[ 0.014  0.011  0.003  0.021  0.005  0.01   0.019  0.007  0.012  0.006
  0.012],	0,	1,	s64
8,	[ 0.058  0.024  0.019  0.157  0.022  0.027  0.028  0.036  0.02   0.381
  0.018],	1,	6,	s46; s8; s14; s2; s12; s5
9,	[ 0.021  0.006  0.006  0.048  0.007  0.01   0.008  0.008  0.003  0.279
  0.005],	0,	1,	s58
10,	[ 0.026  0.03   0.339  0.03   0.024  0.029  0.029  0.435  0.022  0.023
  0.032],	1,	6,	s9; s15; s7; s6; s21; s19
11,	[ 0.009  0.005  0.017  0.006  0.007  0.008  0.004  0.398  0.003  0.005
  0.009],	0,	7,	s36; s42; s63; s22; s23; s27; s34
12,	[ 0.012  0.028  0.012  0.013  0.013  0.262  0.02   0.01   0.017  0.015
  0.011],	0,	6,	s47; s53; s52; s20; s18; s39
13,	[ 0.006  0.003  0.003  0.003  0.003  0.008  0.003  0.004  0.003  0.003
  0.002],	0,	1,	s51
14,	[ 0.153  0.088  0.04   0.046  0.322  0.043  0.047  0.034  0.304  0.049
  0.046],	2,	5,	s40; s35; s29; s37; s30
15,	[ 0.113  0.049  0.011  0.016  0.267  0.01   0.018  0.007  0.027  0.013
  0.01 ],	1,	6,	s17; s16; s3; s1; s26; s24
16,	[ 0.023  0.03   0.004  0.011  0.246  0.004  0.012  0.004  0.011  0.007
  0.004],	0,	6,	s54; s44; s45; s41; s57; s55
17,	[ 0.033  0.024  0.019  0.019  0.04   0.025  0.021  0.018  0.239  0.023
  0.024],	1,	1,	s50
18,	[ 0.006  0.008  0.004  0.007  0.013  0.006  0.007  0.006  0.059  0.006
  0.007],	0,	1,	s59



            /-4
           |
           |--5
         /3|
        |  |--6
        |  |
        |   \-7
        |
      /2|-8 /-9
     |  |
     |  |-10/-11
     |  |
-0 /1|  |--12
     |  |
     |   \-13
     |
     |   /15/-16
      \14
         \17/-18

Number of non-empty nodes in the tree: 18


