25;23;21	31
31	31_P
31	31_M2
25;23;21	29
29	29_M2
1;8	5
5	5_P
5	5_M2
0	3
3	3_P
3	3_M5
3	3_M4
3	3_M7
3	3_M6
3	3_M1
3	3_M3
3	3_M2
0	1;8
1;8	1;8_P
1;8	1;8_M5
1;8	1;8_M4
1;8	1;8_M7
1;8	1;8_M6
1;8	1;8_M1
1;8	1;8_M3
1;8	1;8_M2
GL	0
0	0_P
0	0_M5
0	0_M4
0	0_M7
0	0_M6
0	0_M1
0	0_M3
0	0_M2
20;16	49;57;54;51;68
49;57;54;51;68	49;57;54;51;68_M6
49;57;54;51;68	49;57;54;51;68_M1
49;57;54;51;68	49;57;54;51;68_M3
20;16	38
38	38_P
38	38_M5
38	38_M4
38	38_M7
38	38_M6
38	38_M1
38	38_M3
38	38_M2
3	20;16
20;16	20;16_P
20;16	20;16_M5
20;16	20;16_M4
20;16	20;16_M7
20;16	20;16_M6
20;16	20;16_M1
20;16	20;16_M3
20;16	20;16_M2
3	7;2
7;2	7;2_P
7;2	7;2_M5
7;2	7;2_M4
7;2	7;2_M7
7;2	7;2_M6
7;2	7;2_M1
7;2	7;2_M3
7;2	7;2_M2
3	25;23;21
25;23;21	25;23;21_P
25;23;21	25;23;21_M5
25;23;21	25;23;21_M4
25;23;21	25;23;21_M7
25;23;21	25;23;21_M6
25;23;21	25;23;21_M1
25;23;21	25;23;21_M3
25;23;21	25;23;21_M2
3	36;58;56;37;59
36;58;56;37;59	36;58;56;37;59_M7
3	53;13;28;10;39
53;13;28;10;39	53;13;28;10;39_M5
53;13;28;10;39	53;13;28;10;39_P
53;13;28;10;39	53;13;28;10;39_M6
53;13;28;10;39	53;13;28;10;39_M2
3	18
18	18_M5
18	18_P
18	18_M1
18	18_M3
38	40
40	40_M1
40	40_M3
40	40_M2
7;2	35;24;26;30;19;44;12;17;15
35;24;26;30;19;44;12;17;15	35;24;26;30;19;44;12;17;15_P
35;24;26;30;19;44;12;17;15	35;24;26;30;19;44;12;17;15_M5
35;24;26;30;19;44;12;17;15	35;24;26;30;19;44;12;17;15_M4
35;24;26;30;19;44;12;17;15	35;24;26;30;19;44;12;17;15_M7
35;24;26;30;19;44;12;17;15	35;24;26;30;19;44;12;17;15_M6
35;24;26;30;19;44;12;17;15	35;24;26;30;19;44;12;17;15_M1
35;24;26;30;19;44;12;17;15	35;24;26;30;19;44;12;17;15_M3
35;24;26;30;19;44;12;17;15	35;24;26;30;19;44;12;17;15_M2
35;24;26;30;19;44;12;17;15	34;9;22;27;4;47;33;14;11
34;9;22;27;4;47;33;14;11	34;9;22;27;4;47;33;14;11_M4
