25;23;21	31
31	31_M2
25;23;21	29
29	29_M2
1;8	5
5	5_P
0	3
3	3_P
3	3_M5
3	3_M4
3	3_M7
3	3_M6
3	3_M1
3	3_M3
3	3_M2
0	1;8
1;8	1;8_P
GL	0
0	0_P
0	0_M1
0	0_M2
20;16	49;57;54;51;68
49;57;54;51;68	49;57;54;51;68_M6
20;16	38
38	38_M3
3	20;16
20;16	20;16_M3
3	7;2
7;2	7;2_M5
3	25;23;21
25;23;21	25;23;21_M2
3	36;58;56;37;59
36;58;56;37;59	36;58;56;37;59_M7
3	53;13;28;10;39
53;13;28;10;39	53;13;28;10;39_M5
3	18
18	18_M1
38	40
40	40_M3
7;2	35;24;26;30;19;44;12;17;15
35;24;26;30;19;44;12;17;15	35;24;26;30;19;44;12;17;15_M4
35;24;26;30;19;44;12;17;15	34;9;22;27;4;47;33;14;11
34;9;22;27;4;47;33;14;11	34;9;22;27;4;47;33;14;11_M4
