id, 	 phi, 	 nChildren, 	 nGenes, 	 genes 
0,	[ 1.  1.  1.  1.  1.  1.  1.  1.  1.],	1,	0,	
1,	[ 0.97   0.977  0.982  0.989  0.99   0.985  0.988  0.992  0.992],	2,	1,	s0
2,	[ 0.694  0.693  0.793  0.851  0.869  0.876  0.873  0.864  0.881],	6,	1,	s3
3,	[ 0.125  0.113  0.097  0.093  0.083  0.563  0.198  0.068  0.086],	1,	2,	s6; s2
4,	[ 0.029  0.035  0.028  0.026  0.021  0.496  0.027  0.015  0.025],	1,	9,	s33; s23; s25; s29; s18; s39; s11; s16; s14
5,	[ 0.01   0.005  0.002  0.003  0.004  0.158  0.005  0.004  0.005],	0,	9,	s32; s8; s21; s26; s4; s40; s31; s13; s10
6,	[ 0.014  0.015  0.006  0.015  0.006  0.005  0.338  0.014  0.008],	0,	5,	s43; s12; s27; s9; s37
7,	[ 0.007  0.007  0.005  0.003  0.004  0.003  0.005  0.003  0.406],	0,	5,	s34; s47; s45; s35; s48
8,	[ 0.071  0.071  0.113  0.101  0.403  0.062  0.052  0.498  0.074],	2,	2,	s19; s15
9,	[ 0.026  0.026  0.035  0.027  0.227  0.026  0.026  0.041  0.021],	1,	1,	s36
10,	[ 0.006  0.006  0.016  0.011  0.08   0.009  0.006  0.009  0.006],	0,	1,	s38
11,	[ 0.003  0.005  0.014  0.009  0.017  0.008  0.003  0.401  0.004],	0,	5,	s41; s46; s44; s42; s49
12,	[ 0.011  0.02   0.028  0.006  0.014  0.006  0.012  0.006  0.005],	0,	1,	s17
13,	[ 0.015  0.044  0.035  0.314  0.024  0.022  0.022  0.022  0.023],	2,	3,	s24; s22; s20
14,	[ 0.004  0.01   0.01   0.076  0.008  0.003  0.004  0.005  0.005],	0,	1,	s28
15,	[ 0.003  0.011  0.007  0.095  0.004  0.006  0.007  0.002  0.007],	0,	1,	s30
16,	[ 0.16   0.088  0.026  0.037  0.023  0.02   0.038  0.043  0.038],	1,	2,	s1; s7
17,	[ 0.087  0.026  0.005  0.01   0.006  0.002  0.004  0.008  0.01 ],	0,	1,	s5



         /3 /4 /-5
        |
        |--6
        |
        |--7
        |
      /2|   /9 /-10
     |  |-8|
     |  |   \-11
     |  |
     |  |--12
-0 /1|  |
     |  |   /-14
     |   \13
     |      \-15
     |
      \16/-17

Number of non-empty nodes in the tree: 17


id, 	 phi, 	 nChildren, 	 nGenes, 	 genes 
0,	[ 1.  1.  1.  1.  1.  1.  1.  1.  1.],	1,	0,	
1,	[ 0.968  0.975  0.994  0.998  0.983  0.988  0.986  0.989  0.993],	2,	1,	s0
2,	[ 0.708  0.68   0.802  0.856  0.857  0.868  0.881  0.869  0.856],	6,	1,	s3
3,	[ 0.139  0.105  0.135  0.095  0.102  0.557  0.217  0.087  0.09 ],	1,	1,	s2
4,	[ 0.123  0.101  0.122  0.09   0.092  0.55   0.205  0.076  0.081],	1,	1,	s6
5,	[ 0.028  0.03   0.027  0.031  0.021  0.479  0.034  0.018  0.023],	1,	9,	s33; s23; s25; s29; s18; s39; s11; s16; s14
6,	[ 0.009  0.004  0.005  0.004  0.007  0.155  0.004  0.004  0.002],	0,	9,	s32; s8; s21; s26; s4; s40; s31; s13; s10
7,	[ 0.013  0.007  0.004  0.006  0.008  0.005  0.004  0.004  0.365],	0,	5,	s34; s47; s45; s35; s48
8,	[ 0.015  0.011  0.007  0.02   0.005  0.004  0.335  0.009  0.012],	0,	5,	s43; s12; s27; s9; s37
9,	[ 0.086  0.075  0.095  0.098  0.42   0.062  0.056  0.524  0.098],	2,	2,	s19; s15
10,	[ 0.021  0.026  0.029  0.016  0.227  0.017  0.018  0.028  0.032],	1,	1,	s36
11,	[ 0.011  0.006  0.012  0.004  0.068  0.008  0.008  0.009  0.005],	0,	1,	s38
12,	[ 0.019  0.009  0.006  0.005  0.018  0.008  0.006  0.434  0.005],	0,	5,	s41; s46; s44; s42; s49
13,	[ 0.017  0.014  0.044  0.005  0.009  0.009  0.01   0.006  0.011],	0,	1,	s17
14,	[ 0.017  0.037  0.021  0.304  0.022  0.019  0.018  0.016  0.01 ],	1,	3,	s24; s22; s20
15,	[ 0.005  0.011  0.008  0.109  0.013  0.009  0.008  0.003  0.004],	0,	2,	s30; s28
16,	[ 0.143  0.083  0.027  0.032  0.033  0.041  0.039  0.032  0.043],	1,	2,	s1; s7
17,	[ 0.074  0.015  0.004  0.004  0.007  0.005  0.005  0.006  0.013],	0,	1,	s5



         /3 /4 /5 /-6
        |
        |--7
        |
        |--8
        |
      /2|   /10/-11
     |  |-9|
     |  |   \-12
     |  |
-0 /1|  |--13
     |  |
     |   \14/-15
     |
      \16/-17

Number of non-empty nodes in the tree: 17


id, 	 phi, 	 nChildren, 	 nGenes, 	 genes 
0,	[ 1.  1.  1.  1.  1.  1.  1.  1.  1.],	1,	0,	
1,	[ 0.959  0.976  0.978  0.991  0.989  0.988  0.984  0.991  0.989],	2,	1,	s0
2,	[ 0.672  0.675  0.798  0.827  0.847  0.857  0.859  0.842  0.856],	6,	1,	s3
3,	[ 0.131  0.1    0.105  0.084  0.078  0.523  0.209  0.083  0.082],	1,	2,	s6; s2
4,	[ 0.032  0.028  0.029  0.019  0.015  0.46   0.024  0.023  0.026],	1,	9,	s33; s23; s25; s29; s18; s39; s11; s16; s14
5,	[ 0.006  0.006  0.002  0.001  0.003  0.163  0.004  0.006  0.004],	0,	9,	s32; s8; s21; s26; s4; s40; s31; s13; s10
6,	[ 0.004  0.008  0.006  0.004  0.005  0.002  0.005  0.003  0.392],	0,	5,	s34; s47; s45; s35; s48
7,	[ 0.013  0.013  0.01   0.009  0.007  0.002  0.317  0.011  0.008],	0,	5,	s43; s12; s27; s9; s37
8,	[ 0.088  0.072  0.127  0.104  0.401  0.078  0.058  0.498  0.084],	2,	2,	s19; s15
9,	[ 0.032  0.024  0.038  0.029  0.222  0.026  0.02   0.029  0.029],	1,	1,	s36
10,	[ 0.01   0.004  0.018  0.006  0.046  0.005  0.004  0.004  0.006],	0,	1,	s38
11,	[ 0.006  0.003  0.01   0.012  0.01   0.011  0.004  0.391  0.005],	0,	5,	s41; s46; s44; s42; s49
12,	[ 0.009  0.018  0.035  0.011  0.011  0.007  0.011  0.006  0.007],	0,	1,	s17
13,	[ 0.032  0.057  0.052  0.314  0.043  0.032  0.033  0.033  0.032],	2,	3,	s24; s22; s20
14,	[ 0.002  0.015  0.015  0.063  0.007  0.004  0.004  0.005  0.002],	0,	1,	s28
15,	[ 0.005  0.005  0.005  0.068  0.003  0.005  0.006  0.004  0.004],	0,	1,	s30
16,	[ 0.17   0.108  0.049  0.058  0.033  0.039  0.042  0.053  0.042],	1,	2,	s1; s7
17,	[ 0.086  0.026  0.006  0.016  0.006  0.005  0.005  0.01   0.004],	0,	1,	s5



         /3 /4 /-5
        |
        |--6
        |
        |--7
        |
      /2|   /9 /-10
     |  |-8|
     |  |   \-11
     |  |
     |  |--12
-0 /1|  |
     |  |   /-14
     |   \13
     |      \-15
     |
      \16/-17

Number of non-empty nodes in the tree: 17


id, 	 phi, 	 nChildren, 	 nGenes, 	 genes 
0,	[ 1.  1.  1.  1.  1.  1.  1.  1.  1.],	1,	0,	
1,	[ 0.991  0.994  0.982  0.98   0.987  0.988  0.989  0.993  0.987],	7,	1,	s0
2,	[ 0.105  0.175  0.283  0.184  0.462  0.077  0.083  0.548  0.16 ],	1,	1,	s3
3,	[ 0.065  0.121  0.2    0.125  0.42   0.057  0.068  0.524  0.117],	2,	2,	s19; s15
4,	[ 0.013  0.007  0.011  0.008  0.141  0.006  0.002  0.013  0.004],	0,	2,	s36; s38
5,	[ 0.003  0.011  0.007  0.008  0.017  0.004  0.001  0.396  0.007],	0,	5,	s41; s46; s44; s42; s49
6,	[ 0.007  0.007  0.007  0.016  0.01   0.009  0.324  0.003  0.004],	0,	5,	s43; s12; s27; s9; s37
7,	[ 0.15   0.119  0.097  0.078  0.081  0.591  0.23   0.072  0.102],	1,	2,	s6; s2
8,	[ 0.04   0.024  0.03   0.024  0.022  0.515  0.048  0.022  0.018],	1,	9,	s33; s23; s25; s29; s18; s39; s11; s16; s14
9,	[ 0.008  0.003  0.005  0.004  0.002  0.163  0.003  0.003  0.001],	0,	9,	s32; s8; s21; s26; s4; s40; s31; s13; s10
10,	[ 0.019  0.012  0.013  0.007  0.012  0.006  0.006  0.007  0.334],	0,	5,	s34; s47; s45; s35; s48
11,	[ 0.024  0.031  0.045  0.008  0.005  0.015  0.014  0.011  0.007],	0,	1,	s17
12,	[ 0.04   0.035  0.033  0.297  0.025  0.028  0.018  0.031  0.015],	2,	3,	s24; s22; s20
13,	[ 0.012  0.018  0.015  0.116  0.013  0.007  0.003  0.013  0.004],	0,	1,	s30
14,	[ 0.02   0.01   0.011  0.083  0.008  0.013  0.005  0.011  0.008],	0,	1,	s28
15,	[ 0.161  0.041  0.029  0.035  0.023  0.029  0.014  0.038  0.022],	1,	2,	s1; s7
16,	[ 0.054  0.011  0.008  0.012  0.009  0.009  0.005  0.01   0.011],	0,	1,	s5



            /-4
      /2 /3|
     |      \-5
     |
     |--6
     |
     |-7 /8 /-9
     |
-0 /1|--10
     |
     |--11
     |
     |   /-13
     |-12
     |   \-14
     |
      \15/-16

Number of non-empty nodes in the tree: 16


id, 	 phi, 	 nChildren, 	 nGenes, 	 genes 
0,	[ 1.  1.  1.  1.  1.  1.  1.  1.  1.],	1,	0,	
1,	[ 0.986  0.978  0.983  0.994  0.977  0.986  0.994  0.981  0.993],	7,	1,	s0
2,	[ 0.109  0.188  0.22   0.174  0.382  0.089  0.085  0.548  0.146],	1,	1,	s3
3,	[ 0.078  0.092  0.143  0.112  0.345  0.058  0.048  0.517  0.107],	2,	2,	s19; s15
4,	[ 0.017  0.007  0.008  0.013  0.145  0.007  0.008  0.012  0.009],	0,	2,	s36; s38
5,	[ 0.009  0.009  0.018  0.007  0.015  0.003  0.007  0.438  0.007],	0,	5,	s41; s46; s44; s42; s49
6,	[ 0.019  0.012  0.011  0.012  0.018  0.015  0.35   0.009  0.008],	1,	2,	s12; s9
7,	[ 0.012  0.008  0.006  0.004  0.014  0.005  0.346  0.005  0.006],	0,	3,	s43; s27; s37
8,	[ 0.084  0.114  0.11   0.087  0.076  0.55   0.217  0.059  0.072],	1,	2,	s6; s2
9,	[ 0.024  0.025  0.024  0.024  0.023  0.479  0.031  0.017  0.015],	1,	9,	s33; s23; s25; s29; s18; s39; s11; s16; s14
10,	[ 0.01   0.003  0.003  0.005  0.003  0.152  0.006  0.002  0.005],	0,	9,	s32; s8; s21; s26; s4; s40; s31; s13; s10
11,	[ 0.021  0.004  0.015  0.006  0.006  0.009  0.007  0.014  0.35 ],	0,	5,	s34; s47; s45; s35; s48
12,	[ 0.006  0.024  0.054  0.005  0.011  0.004  0.008  0.009  0.005],	0,	1,	s17
13,	[ 0.028  0.02   0.021  0.236  0.016  0.02   0.012  0.014  0.015],	1,	3,	s24; s22; s20
14,	[ 0.011  0.006  0.009  0.086  0.007  0.007  0.005  0.008  0.007],	0,	2,	s30; s28
15,	[ 0.181  0.048  0.03   0.038  0.021  0.025  0.016  0.034  0.021],	1,	2,	s1; s7
16,	[ 0.079  0.007  0.015  0.015  0.004  0.008  0.007  0.008  0.005],	0,	1,	s5



            /-4
      /2 /3|
     |      \-5
     |
     |-6 /-7
     |
     |-8 /9 /-10
-0 /1|
     |--11
     |
     |--12
     |
     |-13/-14
     |
      \15/-16

Number of non-empty nodes in the tree: 16


