3;23;24;21;7	32;41;34
32;41;34	32;41;34_M3
3;23;24;21;7	20
20	20_P
20	20_M6
20	20_M3
3;23;24;21;7	25;22
25;22	25;22_P
25;22	25;22_M3
13;19	15
15	15_P
1;0	10;6;2;5
10;6;2;5	10;6;2;5_P
10;6;2;5	10;6;2;5_M5
10;6;2;5	10;6;2;5_M4
10;6;2;5	10;6;2;5_M6
10;6;2;5	10;6;2;5_M1
10;6;2;5	10;6;2;5_M3
10;6;2;5	10;6;2;5_M2
1;0	3;23;24;21;7
3;23;24;21;7	3;23;24;21;7_P
3;23;24;21;7	3;23;24;21;7_M5
3;23;24;21;7	3;23;24;21;7_M4
3;23;24;21;7	3;23;24;21;7_M6
3;23;24;21;7	3;23;24;21;7_M1
3;23;24;21;7	3;23;24;21;7_M3
3;23;24;21;7	3;23;24;21;7_M2
1;0	13;19
13;19	13;19_M1
GL	1;0
1;0	1;0_P
1;0	1;0_M5
1;0	1;0_M4
1;0	1;0_M6
1;0	1;0_M1
1;0	1;0_M3
1;0	1;0_M2
11	35;17;27
35;17;27	35;17;27_M1
10;6;2;5	11
11	11_M4
11	11_P
11	11_M5
11	11_M1
11	11_M2
10;6;2;5	9;12;8
9;12;8	9;12;8_M4
9;12;8	9;12;8_P
9;12;8	9;12;8_M5
9;12;8	9;12;8_M2
10;6;2;5	36;26;18;16
36;26;18;16	36;26;18;16_M5
10;6;2;5	14;40;43
14;40;43	14;40;43_M4
10;6;2;5	38;33;30
38;33;30	38;33;30_P
38;33;30	38;33;30_M6
9;12;8	28
28	28_M2
