id, 	 phi, 	 nChildren, 	 nGenes, 	 genes 
0,	[ 1.  1.  1.  1.  1.  1.  1.  1.],	1,	0,	
1,	[ 0.977  0.991  0.982  0.95   0.989  0.978  0.989  0.993],	3,	2,	s1; s0
2,	[ 0.396  0.379  0.819  0.701  0.176  0.821  0.869  0.427],	5,	4,	s9; s5; s2; s4
3,	[ 0.051  0.044  0.03   0.445  0.022  0.055  0.041  0.024],	1,	3,	s8; s11; s7
4,	[ 0.01   0.004  0.014  0.24   0.003  0.018  0.006  0.008],	0,	1,	s27
5,	[ 0.006  0.023  0.008  0.009  0.004  0.014  0.012  0.267],	0,	3,	s34; s30; s28
6,	[ 0.013  0.01   0.013  0.011  0.002  0.01   0.522  0.002],	0,	4,	s33; s25; s17; s15
7,	[ 0.004  0.01   0.01   0.005  0.008  0.328  0.003  0.002],	0,	3,	s13; s35; s37
8,	[ 0.076  0.051  0.409  0.046  0.022  0.08   0.066  0.022],	1,	1,	s10
9,	[ 0.012  0.008  0.302  0.006  0.004  0.009  0.012  0.005],	0,	3,	s32; s16; s26
10,	[ 0.02   0.081  0.031  0.019  0.015  0.021  0.012  0.016],	1,	2,	s12; s18
11,	[ 0.011  0.07   0.014  0.007  0.008  0.007  0.006  0.009],	0,	1,	s14
12,	[ 0.517  0.374  0.077  0.078  0.743  0.066  0.058  0.507],	3,	5,	s3; s22; s23; s20; s6
13,	[ 0.032  0.052  0.005  0.009  0.025  0.006  0.006  0.016],	0,	2,	s24; s21
14,	[ 0.005  0.016  0.004  0.007  0.447  0.006  0.003  0.014],	0,	3,	s29; s36; s31
15,	[ 0.18   0.042  0.011  0.01   0.032  0.008  0.004  0.022],	0,	1,	s19



         /3 /-4
        |
        |--5
        |
      /2|--6
     |  |
     |  |--7
     |  |
     |   \8 /-9
-0 /1|
     |-10/-11
     |
     |   /-13
     |  |
      \12--14
        |
         \-15

Number of non-empty nodes in the tree: 15


id, 	 phi, 	 nChildren, 	 nGenes, 	 genes 
0,	[ 1.  1.  1.  1.  1.  1.  1.  1.],	1,	0,	
1,	[ 0.991  0.948  0.981  0.959  0.991  0.974  0.993  0.994],	3,	2,	s1; s0
2,	[ 0.341  0.303  0.783  0.644  0.148  0.761  0.844  0.369],	5,	4,	s9; s5; s2; s4
3,	[ 0.097  0.052  0.47   0.054  0.025  0.058  0.038  0.025],	1,	1,	s10
4,	[ 0.016  0.009  0.363  0.012  0.004  0.005  0.009  0.007],	0,	3,	s32; s16; s26
5,	[ 0.02   0.02   0.034  0.014  0.007  0.313  0.018  0.007],	1,	1,	s37
6,	[ 0.01   0.011  0.01   0.006  0.002  0.277  0.013  0.003],	0,	2,	s13; s35
7,	[ 0.008  0.009  0.015  0.005  0.005  0.01   0.014  0.247],	0,	3,	s34; s30; s28
8,	[ 0.014  0.011  0.016  0.388  0.016  0.042  0.012  0.007],	1,	3,	s8; s11; s7
9,	[ 0.007  0.006  0.005  0.211  0.008  0.01   0.004  0.004],	0,	1,	s27
10,	[ 0.009  0.009  0.009  0.005  0.003  0.014  0.529  0.006],	0,	4,	s33; s25; s17; s15
11,	[ 0.552  0.461  0.144  0.183  0.791  0.129  0.105  0.581],	3,	5,	s3; s22; s23; s20; s6
12,	[ 0.088  0.016  0.01   0.014  0.009  0.008  0.003  0.039],	0,	1,	s19
13,	[ 0.019  0.056  0.003  0.014  0.017  0.01   0.006  0.019],	0,	1,	s24
14,	[ 0.03   0.04   0.014  0.016  0.452  0.011  0.01   0.011],	1,	2,	s29; s31
15,	[ 0.012  0.012  0.007  0.006  0.28   0.005  0.007  0.006],	0,	1,	s36
16,	[ 0.014  0.094  0.008  0.007  0.016  0.01   0.005  0.006],	0,	4,	s12; s14; s21; s18



         /3 /-4
        |
        |-5 /-6
        |
      /2|--7
     |  |
     |  |-8 /-9
     |  |
     |   \-10
     |
-0 /1|   /-12
     |  |
     |-11--13
     |  |
     |   \14/-15
     |
      \-16

Number of non-empty nodes in the tree: 16


id, 	 phi, 	 nChildren, 	 nGenes, 	 genes 
0,	[ 1.  1.  1.  1.  1.  1.  1.  1.],	1,	0,	
1,	[ 0.997  0.975  0.982  0.954  0.984  0.994  0.995  0.995],	3,	2,	s1; s0
2,	[ 0.351  0.356  0.814  0.672  0.163  0.798  0.858  0.376],	5,	4,	s9; s5; s2; s4
3,	[ 0.08   0.06   0.464  0.037  0.035  0.072  0.03   0.026],	1,	1,	s10
4,	[ 0.021  0.009  0.358  0.006  0.003  0.016  0.005  0.006],	0,	3,	s32; s16; s26
5,	[ 0.01   0.007  0.016  0.008  0.005  0.295  0.012  0.003],	0,	3,	s13; s35; s37
6,	[ 0.011  0.013  0.014  0.004  0.007  0.008  0.01   0.241],	0,	3,	s34; s30; s28
7,	[ 0.017  0.029  0.014  0.396  0.009  0.032  0.023  0.007],	1,	3,	s8; s11; s7
8,	[ 0.006  0.007  0.009  0.202  0.006  0.006  0.007  0.003],	0,	1,	s27
9,	[ 0.006  0.013  0.006  0.008  0.004  0.023  0.528  0.004],	0,	4,	s33; s25; s17; s15
10,	[ 0.565  0.425  0.123  0.162  0.776  0.131  0.091  0.568],	3,	5,	s3; s22; s23; s20; s6
11,	[ 0.094  0.02   0.007  0.008  0.018  0.009  0.007  0.049],	0,	1,	s19
12,	[ 0.012  0.035  0.006  0.011  0.014  0.005  0.004  0.016],	0,	1,	s24
13,	[ 0.044  0.057  0.016  0.017  0.46   0.012  0.012  0.029],	1,	2,	s29; s31
14,	[ 0.015  0.009  0.009  0.011  0.289  0.003  0.009  0.009],	0,	1,	s36
15,	[ 0.008  0.078  0.008  0.005  0.015  0.008  0.003  0.008],	0,	4,	s12; s14; s21; s18



         /3 /-4
        |
        |--5
        |
      /2|--6
     |  |
     |  |-7 /-8
     |  |
     |   \-9
     |
-0 /1|   /-11
     |  |
     |-10--12
     |  |
     |   \13/-14
     |
      \-15

Number of non-empty nodes in the tree: 15


id, 	 phi, 	 nChildren, 	 nGenes, 	 genes 
0,	[ 1.  1.  1.  1.  1.  1.  1.  1.],	1,	0,	
1,	[ 0.982  0.959  0.993  0.963  0.979  0.966  0.99   0.983],	3,	2,	s1; s0
2,	[ 0.36   0.31   0.817  0.662  0.175  0.772  0.845  0.389],	5,	4,	s9; s5; s2; s4
3,	[ 0.083  0.049  0.473  0.05   0.032  0.069  0.047  0.041],	1,	1,	s10
4,	[ 0.008  0.009  0.364  0.013  0.006  0.016  0.005  0.006],	0,	3,	s32; s16; s26
5,	[ 0.009  0.008  0.007  0.007  0.006  0.017  0.541  0.005],	0,	4,	s33; s25; s17; s15
6,	[ 0.025  0.033  0.027  0.408  0.022  0.024  0.019  0.012],	1,	3,	s8; s11; s7
7,	[ 0.01   0.017  0.01   0.225  0.008  0.009  0.006  0.005],	0,	1,	s27
8,	[ 0.009  0.007  0.008  0.009  0.004  0.004  0.014  0.249],	0,	3,	s34; s30; s28
9,	[ 0.035  0.033  0.049  0.016  0.017  0.347  0.022  0.013],	1,	1,	s37
10,	[ 0.015  0.017  0.015  0.012  0.008  0.305  0.016  0.005],	0,	2,	s13; s35
11,	[ 0.54   0.475  0.12   0.144  0.76   0.124  0.103  0.543],	3,	5,	s3; s22; s23; s20; s6
12,	[ 0.102  0.024  0.013  0.013  0.013  0.007  0.01   0.039],	0,	1,	s19
13,	[ 0.016  0.031  0.01   0.007  0.013  0.005  0.003  0.01 ],	0,	1,	s24
14,	[ 0.039  0.041  0.014  0.014  0.451  0.017  0.013  0.014],	1,	2,	s29; s31
15,	[ 0.027  0.015  0.004  0.006  0.293  0.012  0.008  0.006],	0,	1,	s36
16,	[ 0.009  0.083  0.009  0.009  0.013  0.009  0.001  0.006],	0,	4,	s12; s14; s21; s18



         /3 /-4
        |
        |--5
        |
      /2|-6 /-7
     |  |
     |  |--8
     |  |
     |   \9 /-10
     |
-0 /1|   /-12
     |  |
     |-11--13
     |  |
     |   \14/-15
     |
      \-16

Number of non-empty nodes in the tree: 16


id, 	 phi, 	 nChildren, 	 nGenes, 	 genes 
0,	[ 1.  1.  1.  1.  1.  1.  1.  1.],	1,	0,	
1,	[ 0.987  0.943  0.991  0.96   0.987  0.989  0.989  0.987],	2,	2,	s1; s0
2,	[ 0.401  0.423  0.871  0.731  0.203  0.853  0.874  0.384],	5,	4,	s9; s5; s2; s4
3,	[ 0.083  0.063  0.45   0.039  0.026  0.076  0.038  0.023],	1,	1,	s10
4,	[ 0.005  0.017  0.358  0.003  0.007  0.029  0.003  0.002],	0,	3,	s32; s16; s26
5,	[ 0.039  0.034  0.061  0.032  0.018  0.393  0.039  0.022],	1,	2,	s13; s37
6,	[ 0.01   0.005  0.007  0.01   0.006  0.177  0.01   0.008],	0,	1,	s35
7,	[ 0.003  0.009  0.009  0.015  0.011  0.008  0.514  0.001],	0,	4,	s33; s25; s17; s15
8,	[ 0.008  0.018  0.015  0.004  0.006  0.013  0.008  0.237],	0,	3,	s34; s30; s28
9,	[ 0.038  0.033  0.041  0.447  0.013  0.039  0.022  0.014],	1,	3,	s8; s11; s7
10,	[ 0.01   0.013  0.017  0.189  0.003  0.017  0.006  0.005],	0,	1,	s27
11,	[ 0.551  0.438  0.094  0.126  0.752  0.098  0.095  0.573],	3,	5,	s3; s22; s23; s20; s6
12,	[ 0.122  0.028  0.01   0.017  0.018  0.005  0.004  0.051],	0,	1,	s19
13,	[ 0.009  0.08   0.007  0.006  0.011  0.009  0.009  0.017],	0,	5,	s24; s14; s12; s21; s18
14,	[ 0.038  0.016  0.005  0.005  0.486  0.011  0.005  0.025],	0,	3,	s29; s36; s31



         /3 /-4
        |
        |-5 /-6
        |
      /2|--7
     |  |
     |  |--8
     |  |
-0 /1|   \9 /-10
     |
     |   /-12
     |  |
      \11--13
        |
         \-14

Number of non-empty nodes in the tree: 14


