48;37;26;42;36;41;43	60;57;55;53
60;57;55;53	60;57;55;53_P
60;57;55;53	60;57;55;53_M5
60;57;55;53	60;57;55;53_M4
60;57;55;53	60;57;55;53_M7
60;57;55;53	60;57;55;53_M6
60;57;55;53	60;57;55;53_M1
60;57;55;53	60;57;55;53_M3
60;57;55;53	60;57;55;53_M2
60;57;55;53	60;57;55;53_M8
38;33;47;39;56	64
64	64_P
64	64_M5
64	64_M4
64	64_M7
64	64_M6
64	64_M1
64	64_M3
64	64_M2
64	64_M8
0	18;9;2;40;22;31;30;34;44
18;9;2;40;22;31;30;34;44	18;9;2;40;22;31;30;34;44_P
18;9;2;40;22;31;30;34;44	18;9;2;40;22;31;30;34;44_M5
18;9;2;40;22;31;30;34;44	18;9;2;40;22;31;30;34;44_M4
18;9;2;40;22;31;30;34;44	18;9;2;40;22;31;30;34;44_M7
18;9;2;40;22;31;30;34;44	18;9;2;40;22;31;30;34;44_M6
18;9;2;40;22;31;30;34;44	18;9;2;40;22;31;30;34;44_M1
18;9;2;40;22;31;30;34;44	18;9;2;40;22;31;30;34;44_M3
18;9;2;40;22;31;30;34;44	18;9;2;40;22;31;30;34;44_M2
18;9;2;40;22;31;30;34;44	18;9;2;40;22;31;30;34;44_M8
0	10;7;15;3
10;7;15;3	10;7;15;3_P
10;7;15;3	10;7;15;3_M5
10;7;15;3	10;7;15;3_M4
10;7;15;3	10;7;15;3_M7
10;7;15;3	10;7;15;3_M6
10;7;15;3	10;7;15;3_M1
10;7;15;3	10;7;15;3_M3
10;7;15;3	10;7;15;3_M2
10;7;15;3	10;7;15;3_M8
0	48;37;26;42;36;41;43
48;37;26;42;36;41;43	48;37;26;42;36;41;43_P
48;37;26;42;36;41;43	48;37;26;42;36;41;43_M5
48;37;26;42;36;41;43	48;37;26;42;36;41;43_M4
48;37;26;42;36;41;43	48;37;26;42;36;41;43_M7
48;37;26;42;36;41;43	48;37;26;42;36;41;43_M6
48;37;26;42;36;41;43	48;37;26;42;36;41;43_M1
48;37;26;42;36;41;43	48;37;26;42;36;41;43_M3
48;37;26;42;36;41;43	48;37;26;42;36;41;43_M2
48;37;26;42;36;41;43	48;37;26;42;36;41;43_M8
0	12;11;51;49;16;8;50;35;6;5;32;20
12;11;51;49;16;8;50;35;6;5;32;20	12;11;51;49;16;8;50;35;6;5;32;20_P
12;11;51;49;16;8;50;35;6;5;32;20	12;11;51;49;16;8;50;35;6;5;32;20_M5
12;11;51;49;16;8;50;35;6;5;32;20	12;11;51;49;16;8;50;35;6;5;32;20_M4
12;11;51;49;16;8;50;35;6;5;32;20	12;11;51;49;16;8;50;35;6;5;32;20_M7
12;11;51;49;16;8;50;35;6;5;32;20	12;11;51;49;16;8;50;35;6;5;32;20_M6
12;11;51;49;16;8;50;35;6;5;32;20	12;11;51;49;16;8;50;35;6;5;32;20_M1
12;11;51;49;16;8;50;35;6;5;32;20	12;11;51;49;16;8;50;35;6;5;32;20_M3
12;11;51;49;16;8;50;35;6;5;32;20	12;11;51;49;16;8;50;35;6;5;32;20_M2
12;11;51;49;16;8;50;35;6;5;32;20	12;11;51;49;16;8;50;35;6;5;32;20_M8
0	38;33;47;39;56
38;33;47;39;56	38;33;47;39;56_P
38;33;47;39;56	38;33;47;39;56_M5
38;33;47;39;56	38;33;47;39;56_M4
38;33;47;39;56	38;33;47;39;56_M7
38;33;47;39;56	38;33;47;39;56_M6
38;33;47;39;56	38;33;47;39;56_M1
38;33;47;39;56	38;33;47;39;56_M3
38;33;47;39;56	38;33;47;39;56_M2
38;33;47;39;56	38;33;47;39;56_M8
0	21;1;4;14;13
21;1;4;14;13	21;1;4;14;13_P
21;1;4;14;13	21;1;4;14;13_M5
21;1;4;14;13	21;1;4;14;13_M4
21;1;4;14;13	21;1;4;14;13_M7
21;1;4;14;13	21;1;4;14;13_M6
21;1;4;14;13	21;1;4;14;13_M1
21;1;4;14;13	21;1;4;14;13_M3
21;1;4;14;13	21;1;4;14;13_M2
21;1;4;14;13	21;1;4;14;13_M8
GL	0
0	0_P
0	0_M5
0	0_M4
0	0_M7
0	0_M6
0	0_M1
0	0_M3
0	0_M2
0	0_M8
66	73
73	73_P
73	73_M5
73	73_M4
73	73_M7
73	73_M6
73	73_M1
73	73_M3
73	73_M2
73	73_M8
18;9;2;40;22;31;30;34;44	66
66	66_P
66	66_M5
66	66_M4
66	66_M7
66	66_M6
66	66_M1
66	66_M3
66	66_M2
66	66_M8
18;9;2;40;22;31;30;34;44	59;46;52
59;46;52	59;46;52_P
59;46;52	59;46;52_M5
59;46;52	59;46;52_M4
59;46;52	59;46;52_M7
59;46;52	59;46;52_M6
59;46;52	59;46;52_M1
59;46;52	59;46;52_M3
59;46;52	59;46;52_M2
59;46;52	59;46;52_M8
59;46;52	45
45	45_P
45	45_M5
45	45_M4
45	45_M7
45	45_M6
45	45_M1
45	45_M3
45	45_M2
45	45_M8
10;7;15;3	19;54;29;27
19;54;29;27	19;54;29;27_P
19;54;29;27	19;54;29;27_M5
19;54;29;27	19;54;29;27_M4
19;54;29;27	19;54;29;27_M7
19;54;29;27	19;54;29;27_M6
19;54;29;27	19;54;29;27_M1
19;54;29;27	19;54;29;27_M3
19;54;29;27	19;54;29;27_M2
19;54;29;27	19;54;29;27_M8
19;54;29;27	70;58;67
70;58;67	70;58;67_P
70;58;67	70;58;67_M5
70;58;67	70;58;67_M4
70;58;67	70;58;67_M7
70;58;67	70;58;67_M6
70;58;67	70;58;67_M1
70;58;67	70;58;67_M3
70;58;67	70;58;67_M2
70;58;67	70;58;67_M8
