id, 	 phi, 	 nChildren, 	 nGenes, 	 genes 
0,	[ 1.  1.  1.  1.  1.  1.  1.  1.  1.  1.],	1,	0,	
1,	[ 0.982  0.988  0.976  0.991  0.989  0.995  0.974  0.993  0.989  0.993],	6,	1,	s0
2,	[ 0.484  0.38   0.083  0.086  0.082  0.185  0.249  0.084  0.451  0.495],	2,	9,	s17; s9; s2; s35; s21; s26; s25; s29; s39
3,	[ 0.282  0.142  0.013  0.013  0.01   0.029  0.032  0.014  0.065  0.033],	1,	3,	s54; s41; s47
4,	[ 0.21   0.031  0.004  0.004  0.003  0.006  0.011  0.005  0.02   0.014],	0,	1,	s40
5,	[ 0.045  0.094  0.03   0.019  0.018  0.049  0.076  0.017  0.089  0.24 ],	1,	1,	s57
6,	[ 0.006  0.018  0.005  0.003  0.006  0.009  0.011  0.004  0.013  0.035],	0,	1,	s60
7,	[ 0.009  0.014  0.013  0.015  0.022  0.351  0.018  0.011  0.009  0.007],	1,	7,	s43; s32; s22; s37; s31; s36; s38
8,	[ 0.004  0.005  0.005  0.009  0.006  0.294  0.005  0.004  0.003  0.002],	0,	4,	s55; s52; s50; s48
9,	[ 0.015  0.02   0.019  0.017  0.029  0.023  0.211  0.016  0.017  0.012],	1,	5,	s33; s28; s42; s34; s51
10,	[ 0.005  0.007  0.007  0.005  0.018  0.007  0.062  0.004  0.005  0.004],	0,	1,	s56
11,	[ 0.006  0.004  0.007  0.004  0.376  0.002  0.004  0.006  0.006  0.006],	0,	12,	s12; s11; s46; s44; s16; s8; s45; s30; s6; s5; s27; s19
12,	[ 0.058  0.066  0.34   0.089  0.043  0.07   0.046  0.426  0.072  0.052],	1,	4,	s10; s7; s15; s3
13,	[ 0.009  0.008  0.038  0.018  0.014  0.015  0.004  0.314  0.017  0.012],	1,	4,	s18; s49; s24; s23
14,	[ 0.004  0.002  0.017  0.009  0.008  0.01   0.002  0.134  0.008  0.007],	0,	3,	s59; s53; s58
15,	[ 0.013  0.009  0.005  0.264  0.01   0.005  0.015  0.009  0.013  0.01 ],	0,	5,	s20; s1; s4; s14; s13



         /3 /-4
      /2|
     |   \5 /-6
     |
     |-7 /-8
     |
-0 /1|-9 /-10
     |
     |--11
     |
     |-12/13/-14
     |
      \-15

Number of non-empty nodes in the tree: 15


id, 	 phi, 	 nChildren, 	 nGenes, 	 genes 
0,	[ 1.  1.  1.  1.  1.  1.  1.  1.  1.  1.],	1,	0,	
1,	[ 0.988  0.988  0.984  0.986  0.987  0.994  0.975  0.994  0.988  0.991],	6,	1,	s0
2,	[ 0.513  0.385  0.088  0.091  0.09   0.195  0.251  0.087  0.455  0.478],	2,	9,	s17; s9; s2; s35; s21; s26; s25; s29; s39
3,	[ 0.297  0.137  0.011  0.014  0.012  0.02   0.035  0.02   0.058  0.03 ],	1,	3,	s54; s41; s47
4,	[ 0.22   0.039  0.002  0.005  0.005  0.004  0.008  0.005  0.017  0.012],	0,	1,	s40
5,	[ 0.046  0.092  0.03   0.021  0.022  0.055  0.076  0.019  0.114  0.247],	1,	1,	s57
6,	[ 0.004  0.015  0.006  0.003  0.001  0.012  0.01   0.004  0.012  0.036],	0,	1,	s60
7,	[ 0.049  0.066  0.343  0.083  0.041  0.066  0.05   0.413  0.082  0.062],	1,	4,	s10; s7; s15; s3
8,	[ 0.007  0.008  0.042  0.014  0.014  0.012  0.006  0.311  0.018  0.01 ],	1,	4,	s18; s49; s24; s23
9,	[ 0.003  0.005  0.023  0.006  0.007  0.005  0.003  0.129  0.007  0.004],	0,	3,	s59; s53; s58
10,	[ 0.014  0.015  0.012  0.01   0.018  0.339  0.017  0.01   0.011  0.009],	1,	7,	s43; s32; s22; s37; s31; s36; s38
11,	[ 0.007  0.008  0.006  0.006  0.006  0.288  0.005  0.005  0.003  0.002],	0,	4,	s55; s52; s50; s48
12,	[ 0.024  0.035  0.029  0.033  0.038  0.029  0.227  0.034  0.026  0.02 ],	1,	1,	s34
13,	[ 0.014  0.024  0.021  0.011  0.023  0.018  0.211  0.017  0.015  0.012],	1,	4,	s33; s28; s42; s51
14,	[ 0.005  0.01   0.006  0.003  0.012  0.006  0.072  0.005  0.006  0.004],	0,	1,	s56
15,	[ 0.005  0.005  0.008  0.003  0.369  0.002  0.008  0.008  0.005  0.007],	0,	12,	s12; s11; s46; s44; s16; s8; s45; s30; s6; s5; s27; s19
16,	[ 0.013  0.01   0.007  0.269  0.01   0.007  0.016  0.009  0.01   0.008],	0,	5,	s20; s1; s4; s14; s13



         /3 /-4
      /2|
     |   \5 /-6
     |
     |-7 /8 /-9
     |
-0 /1|-10/-11
     |
     |-12/13/-14
     |
     |--15
     |
      \-16

Number of non-empty nodes in the tree: 16


id, 	 phi, 	 nChildren, 	 nGenes, 	 genes 
0,	[ 1.  1.  1.  1.  1.  1.  1.  1.  1.  1.],	1,	0,	
1,	[ 0.982  0.987  0.982  0.989  0.992  0.99   0.972  0.991  0.988  0.993],	6,	1,	s0
2,	[ 0.493  0.395  0.088  0.084  0.076  0.184  0.229  0.074  0.459  0.467],	2,	9,	s17; s9; s2; s35; s21; s26; s25; s29; s39
3,	[ 0.275  0.144  0.009  0.015  0.01   0.032  0.027  0.014  0.073  0.032],	1,	3,	s54; s41; s47
4,	[ 0.208  0.031  0.006  0.005  0.005  0.012  0.011  0.006  0.024  0.016],	0,	1,	s40
5,	[ 0.05   0.092  0.028  0.018  0.015  0.043  0.065  0.021  0.09   0.228],	1,	1,	s57
6,	[ 0.008  0.023  0.004  0.002  0.003  0.011  0.016  0.004  0.01   0.031],	0,	1,	s60
7,	[ 0.057  0.074  0.351  0.08   0.053  0.054  0.052  0.415  0.071  0.061],	1,	4,	s10; s7; s15; s3
8,	[ 0.011  0.01   0.038  0.023  0.014  0.011  0.011  0.309  0.017  0.015],	2,	4,	s18; s49; s24; s23
9,	[ 0.006  0.004  0.014  0.011  0.006  0.007  0.004  0.142  0.005  0.005],	0,	2,	s59; s53
10,	[ 0.001  0.003  0.008  0.006  0.006  0.002  0.002  0.057  0.004  0.004],	0,	1,	s58
11,	[ 0.01   0.007  0.01   0.254  0.004  0.002  0.008  0.006  0.009  0.015],	0,	5,	s20; s1; s4; s14; s13
12,	[ 0.003  0.004  0.007  0.008  0.386  0.001  0.002  0.009  0.007  0.006],	0,	12,	s12; s11; s46; s44; s16; s8; s45; s30; s6; s5; s27; s19
13,	[ 0.011  0.015  0.014  0.012  0.015  0.344  0.018  0.012  0.01   0.011],	1,	8,	s43; s32; s22; s37; s48; s31; s36; s38
14,	[ 0.007  0.007  0.007  0.005  0.007  0.297  0.008  0.005  0.005  0.002],	0,	3,	s55; s52; s50
15,	[ 0.017  0.018  0.02   0.022  0.033  0.029  0.217  0.02   0.017  0.016],	1,	5,	s33; s28; s42; s34; s51
16,	[ 0.002  0.005  0.006  0.004  0.022  0.006  0.057  0.004  0.004  0.007],	0,	1,	s56



         /3 /-4
      /2|
     |   \5 /-6
     |
     |      /-9
     |-7 /8|
     |      \-10
-0 /1|
     |--11
     |
     |--12
     |
     |-13/-14
     |
      \15/-16

Number of non-empty nodes in the tree: 16


id, 	 phi, 	 nChildren, 	 nGenes, 	 genes 
0,	[ 1.  1.  1.  1.  1.  1.  1.  1.  1.  1.],	1,	0,	
1,	[ 0.992  0.989  0.984  0.992  0.993  0.994  0.979  0.988  0.989  0.995],	6,	1,	s0
2,	[ 0.513  0.404  0.102  0.079  0.079  0.193  0.23   0.075  0.456  0.48 ],	2,	9,	s17; s9; s2; s35; s21; s26; s25; s29; s39
3,	[ 0.277  0.145  0.012  0.011  0.007  0.032  0.024  0.012  0.072  0.037],	1,	3,	s54; s41; s47
4,	[ 0.204  0.028  0.005  0.004  0.003  0.014  0.013  0.004  0.021  0.017],	0,	1,	s40
5,	[ 0.049  0.094  0.035  0.019  0.016  0.04   0.069  0.026  0.101  0.231],	1,	1,	s57
6,	[ 0.004  0.013  0.006  0.001  0.001  0.007  0.016  0.005  0.011  0.044],	0,	1,	s60
7,	[ 0.063  0.084  0.349  0.074  0.053  0.058  0.055  0.411  0.067  0.061],	1,	4,	s10; s7; s15; s3
8,	[ 0.013  0.01   0.036  0.019  0.013  0.011  0.015  0.303  0.016  0.019],	1,	4,	s18; s49; s24; s23
9,	[ 0.006  0.003  0.018  0.008  0.005  0.006  0.002  0.143  0.004  0.008],	0,	3,	s59; s53; s58
10,	[ 0.011  0.015  0.011  0.008  0.01   0.333  0.016  0.014  0.008  0.015],	1,	8,	s43; s32; s22; s37; s48; s31; s36; s38
11,	[ 0.006  0.007  0.006  0.002  0.005  0.289  0.008  0.004  0.004  0.004],	0,	3,	s55; s52; s50
12,	[ 0.015  0.015  0.014  0.022  0.041  0.02   0.218  0.021  0.015  0.016],	1,	5,	s33; s28; s42; s34; s51
13,	[ 0.004  0.004  0.005  0.006  0.027  0.006  0.063  0.003  0.006  0.006],	0,	1,	s56
14,	[ 0.003  0.005  0.007  0.009  0.367  0.004  0.002  0.01   0.005  0.001],	0,	12,	s12; s11; s46; s44; s16; s8; s45; s30; s6; s5; s27; s19
15,	[ 0.011  0.008  0.013  0.261  0.008  0.005  0.009  0.008  0.012  0.016],	1,	4,	s1; s4; s14; s13
16,	[ 0.008  0.005  0.008  0.173  0.005  0.002  0.006  0.003  0.009  0.009],	0,	1,	s20



         /3 /-4
      /2|
     |   \5 /-6
     |
     |-7 /8 /-9
     |
-0 /1|-10/-11
     |
     |-12/-13
     |
     |--14
     |
      \15/-16

Number of non-empty nodes in the tree: 16


id, 	 phi, 	 nChildren, 	 nGenes, 	 genes 
0,	[ 1.  1.  1.  1.  1.  1.  1.  1.  1.  1.],	1,	0,	
1,	[ 0.992  0.988  0.99   0.992  0.991  0.996  0.973  0.987  0.985  0.996],	6,	1,	s0
2,	[ 0.502  0.394  0.082  0.088  0.088  0.185  0.237  0.069  0.44   0.484],	2,	9,	s17; s9; s2; s35; s21; s26; s25; s29; s39
3,	[ 0.263  0.132  0.009  0.016  0.012  0.03   0.025  0.012  0.058  0.041],	1,	3,	s54; s41; s47
4,	[ 0.2    0.022  0.002  0.008  0.004  0.012  0.013  0.006  0.013  0.016],	0,	1,	s40
5,	[ 0.055  0.08   0.034  0.023  0.027  0.038  0.068  0.026  0.103  0.251],	1,	1,	s57
6,	[ 0.007  0.009  0.004  0.006  0.003  0.006  0.014  0.005  0.02   0.061],	0,	1,	s60
7,	[ 0.058  0.08   0.366  0.067  0.052  0.052  0.061  0.392  0.053  0.046],	1,	4,	s10; s7; s15; s3
8,	[ 0.013  0.009  0.036  0.019  0.017  0.01   0.014  0.28   0.009  0.009],	1,	4,	s18; s49; s24; s23
9,	[ 0.005  0.004  0.019  0.008  0.005  0.007  0.004  0.128  0.005  0.002],	0,	3,	s59; s53; s58
10,	[ 0.013  0.013  0.013  0.01   0.012  0.331  0.018  0.026  0.016  0.02 ],	1,	8,	s43; s32; s22; s37; s48; s31; s36; s38
11,	[ 0.008  0.003  0.005  0.003  0.003  0.279  0.007  0.009  0.006  0.007],	0,	3,	s55; s52; s50
12,	[ 0.019  0.01   0.017  0.019  0.035  0.019  0.216  0.02   0.021  0.024],	1,	5,	s33; s28; s42; s34; s51
13,	[ 0.002  0.004  0.005  0.007  0.021  0.006  0.063  0.003  0.008  0.008],	0,	1,	s56
14,	[ 0.003  0.005  0.006  0.006  0.372  0.005  0.004  0.011  0.005  0.003],	0,	12,	s12; s11; s46; s44; s16; s8; s45; s30; s6; s5; s27; s19
15,	[ 0.011  0.015  0.016  0.259  0.022  0.01   0.019  0.014  0.019  0.019],	1,	4,	s1; s4; s14; s13
16,	[ 0.007  0.006  0.003  0.18   0.013  0.004  0.007  0.007  0.008  0.011],	0,	1,	s20



         /3 /-4
      /2|
     |   \5 /-6
     |
     |-7 /8 /-9
     |
-0 /1|-10/-11
     |
     |-12/-13
     |
     |--14
     |
      \15/-16

Number of non-empty nodes in the tree: 16


