70;80;76;77	46
46	46_M5
46	46_P
70;80;76;77	35;45
35;45	35;45_M5
28;24	49;71
49;71	49;71_P
49;71	49;71_M1
49;71	49;71_M3
49;71	49;71_M4
28;24	32;30;33
32;30;33	32;30;33_M5
32;30;33	32;30;33_M4
32;30;33	32;30;33_M1
0	1
1	1_P
1	1_M5
1	1_M4
1	1_M1
1	1_M3
1	1_M2
GL	0
0	0_M4
0	0_P
0	0_M5
0	0_M1
0	0_M2
2	4
4	4_P
4	4_M5
4	4_M4
4	4_M1
4	4_M3
4	4_M2
2	31;53;13;52;10;17;14;38;58;56;12;21;27
31;53;13;52;10;17;14;38;58;56;12;21;27	31;53;13;52;10;17;14;38;58;56;12;21;27_M2
1	2
2	2_P
2	2_M5
2	2_M4
2	2_M1
2	2_M3
2	2_M2
1	42;29;68;8;16;3;6;5;50;55;20;40
42;29;68;8;16;3;6;5;50;55;20;40	42;29;68;8;16;3;6;5;50;55;20;40_M5
42;29;68;8;16;3;6;5;50;55;20;40	42;29;68;8;16;3;6;5;50;55;20;40_P
42;29;68;8;16;3;6;5;50;55;20;40	42;29;68;8;16;3;6;5;50;55;20;40_M1
42;29;68;8;16;3;6;5;50;55;20;40	42;29;68;8;16;3;6;5;50;55;20;40_M3
1	28;24
28;24	28;24_P
28;24	28;24_M5
28;24	28;24_M4
28;24	28;24_M1
28;24	28;24_M3
28;24	28;24_M2
4	57;74;41;19;9;39;69;15;44;26;23;81;84
57;74;41;19;9;39;69;15;44;26;23;81;84	57;74;41;19;9;39;69;15;44;26;23;81;84_M3
31;53;13;52;10;17;14;38;58;56;12;21;27	51;66;59;60;62;43;65
51;66;59;60;62;43;65	51;66;59;60;62;43;65_M2
42;29;68;8;16;3;6;5;50;55;20;40	25;18;47;11;48;7;75;72;22;54
25;18;47;11;48;7;75;72;22;54	25;18;47;11;48;7;75;72;22;54_P
42;29;68;8;16;3;6;5;50;55;20;40	70;80;76;77
70;80;76;77	70;80;76;77_M5
70;80;76;77	70;80;76;77_P
