5	62;107;31;65;111;55;25;57;12;16;17;23;20;9;8;76;66;35;50;53
62;107;31;65;111;55;25;57;12;16;17;23;20;9;8;76;66;35;50;53	62;107;31;65;111;55;25;57;12;16;17;23;20;9;8;76;66;35;50;53_M4
39;21;18;7;41	84;96;117;83;81;78;74
84;96;117;83;81;78;74	84;96;117;83;81;78;74_P
84;96;117;83;81;78;74	84;96;117;83;81;78;74_M2
75;47;91;69;43;68;60	116
116	116_M7
1;0	37;27;40;38;26;44;13;67;64;22;14;46;70;56
37;27;40;38;26;44;13;67;64;22;14;46;70;56	37;27;40;38;26;44;13;67;64;22;14;46;70;56_P
37;27;40;38;26;44;13;67;64;22;14;46;70;56	37;27;40;38;26;44;13;67;64;22;14;46;70;56_M5
37;27;40;38;26;44;13;67;64;22;14;46;70;56	37;27;40;38;26;44;13;67;64;22;14;46;70;56_M4
37;27;40;38;26;44;13;67;64;22;14;46;70;56	37;27;40;38;26;44;13;67;64;22;14;46;70;56_M7
37;27;40;38;26;44;13;67;64;22;14;46;70;56	37;27;40;38;26;44;13;67;64;22;14;46;70;56_M6
37;27;40;38;26;44;13;67;64;22;14;46;70;56	37;27;40;38;26;44;13;67;64;22;14;46;70;56_M1
37;27;40;38;26;44;13;67;64;22;14;46;70;56	37;27;40;38;26;44;13;67;64;22;14;46;70;56_M3
37;27;40;38;26;44;13;67;64;22;14;46;70;56	37;27;40;38;26;44;13;67;64;22;14;46;70;56_M2
1;0	5
5	5_P
5	5_M5
5	5_M4
5	5_M7
5	5_M6
5	5_M1
5	5_M3
5	5_M2
1;0	39;21;18;7;41
39;21;18;7;41	39;21;18;7;41_P
39;21;18;7;41	39;21;18;7;41_M5
39;21;18;7;41	39;21;18;7;41_M4
39;21;18;7;41	39;21;18;7;41_M7
39;21;18;7;41	39;21;18;7;41_M6
39;21;18;7;41	39;21;18;7;41_M1
39;21;18;7;41	39;21;18;7;41_M3
39;21;18;7;41	39;21;18;7;41_M2
1;0	75;47;91;69;43;68;60
75;47;91;69;43;68;60	75;47;91;69;43;68;60_M7
1;0	2;6
2;6	2;6_P
GL	1;0
1;0	1;0_P
1;0	1;0_M5
1;0	1;0_M4
1;0	1;0_M7
1;0	1;0_M6
1;0	1;0_M1
1;0	1;0_M3
1;0	1;0_M2
73	94
94	94_M5
94	94_P
94	94_M1
73	82;85;89
82;85;89	82;85;89_M5
82;85;89	82;85;89_M7
82;85;89	82;85;89_M1
82;85;89	82;85;89_M3
37;27;40;38;26;44;13;67;64;22;14;46;70;56	73
73	73_M5
73	73_P
73	73_M7
73	73_M6
73	73_M1
73	73_M3
37;27;40;38;26;44;13;67;64;22;14;46;70;56	112;87;77;80
112;87;77;80	112;87;77;80_M6
105;79	59;58;63;102;92;52;88;54;86;61
59;58;63;102;92;52;88;54;86;61	59;58;63;102;92;52;88;54;86;61_M3
94	105;79
105;79	105;79_M5
105;79	105;79_P
105;79	105;79_M7
105;79	105;79_M6
105;79	105;79_M1
105;79	105;79_M3
82;85;89	99
99	99_M5
