62;107;31;65;111;55;25;57;12;16;17;23;20;9;8;76;66;35;50;53_M4	M4
84;96;117;83;81;78;74_P	P
116_M7	M7
37;27;40;38;26;44;13;67;64;22;14;46;70;56_M5	M5
37;27;40;38;26;44;13;67;64;22;14;46;70;56_P	P
37;27;40;38;26;44;13;67;64;22;14;46;70;56_M7	M7
37;27;40;38;26;44;13;67;64;22;14;46;70;56_M6	M6
37;27;40;38;26;44;13;67;64;22;14;46;70;56_M1	M1
37;27;40;38;26;44;13;67;64;22;14;46;70;56_M3	M3
5_P	P
39;21;18;7;41_M2	M2
75;47;91;69;43;68;60_M7	M7
2;6_P	P
1;0_P	P
1;0_M5	M5
1;0_M4	M4
1;0_M7	M7
1;0_M6	M6
1;0_M1	M1
1;0_M3	M3
1;0_M2	M2
94_M1	M1
82;85;89_M5	M5
73_M3	M3
112;87;77;80_M6	M6
59;58;63;102;92;52;88;54;86;61_M3	M3
105;79_M3	M3
99_M5	M5
