0;1;2;3;4;5
6;11;13
14;17;20;23
7;8;9;10;12;15;18;21;22;26;31;33;39;52;54;58;61;65;68;70;72;74;79;83;85;89;92;95;98;101;104;108;112;117;121;123;125;128;135;139;144;149;152;155;158;160;163;169;173;175;177;181;199;205;208;210;217;225;232;235;238;246;249;257;260;266;268;270;272;275;276;279;282;290;291;293;295;297;305;307;309;316;318;319
327;331
340;350;363
329;330;334;339
344
348
361
359
367;375;383;393;402;411;428;447;486;514;520
391;400;433;468
366;381;408;417;457;480;504
368;371;377;396;441;450;463;490
370;385;394
336;351;357;364;390;399;406;425;444;454;466;527;537;544;547;551;559;565;568;575;580;583;587
592;597;609;619;627;636;659
625;635;645;657
644;668;678
752
761;767
766
756
765;781
222;231;233;237;242;245;248;251;252;254;258;261;273;277;281;283;285;294;296;300;302;310;313;320;322;326;333;337;353
356;362;415;423;431;452;465;511;523;525;541;543;553;555;562;564;579;593;598;602;610;621;640;649;661;730;736;740;747
599;603;611;628;637;648;660;699;712;723;731;738;745;748;751;754
639;675;698;711;722;729;735
325;332;341;352;358;365;407;416;432;455;467;494;502;528;533;538;545;548;552;557;560;570;576;584;604;620;629;638;674;697;720
369;373;379;388;398;414;422;442;451;478;492;517;522;532;540;550;554;558;563;574;585
346;349;374;380;389;424;443;453;479;493;512;518;526;536;556;566;569;572;588
16;24;36;37;41;44;45;48;49;55;76;82;87;90;93;97;99;105;109;115;118;126;131;136;140;142;145;150;156;162;168;171;176;180;183;186;189;195;198;200;202;206;212;214;218;220;223;226;228;239;243;247;250;253;256;262;264;269;271;274;278;284;287;289;292;298;299;304;306;308;312;315;317;324;338;343;347;355;360;372;378;387;397;413;430;477;501;531;539;542;546;549;561;567;571;573;578;582;591;608;616;655;692
27;29;38;42;46;50;53;56;57;59;62;66;67;69;71;77;80;84;86;96;100;102;106;110;113;120;122;129;132;134;137;138;141;143;146;153;164;166;170;184;187;190;192;194;196;201;203;209;215;221;227;229;236;240;241;244;255;259;263;265;267;280;286;288;301;303;311;314;321;323;328;342;354
25;28;30;32;35;40;43;47;51;60;63;64;73;75;78;81;88;91;94;103;107;111;114;116;119;124;127;130;133;147;148;151;154;157;159;161;165;167;172;174;178;179;182;185;188;191;193;197;204;207;213;216
