0;1;2;3;5;8;9
11;13;15;18;25;30;33;36;40
45;51;56;66;68;79;85;95;109;112;128;132;153;159;161;173;177;197;244;250;257;262;267;274;304;326;333;345;370;399;416;430;444;489;506;507;523
536;563;573;582;595
553;562
20;24;27;32;34;38;47;49;70;74;77;82;88;97;126;130;135;138;146;150;157;160;167;170;175;182;189;194;196;200;204;209;210
215
219
224
230;241
281;289;336;342;348;386;393;402;432;438;466;541;560;570;592;612;622;635;648;671;686;692;698;708;711;716;734;743;778;788;812;821;827;828;834
229;240;246;258;263;287;296;310;318;322;327;334;355;371;379;391;401;433;446;456;467;500;512;521;535;542;551;572;594;621;634;660;668;689;694;703;706;707;712;719
729;737;763
736;745;752
223
12;17;21;28;39
478;525;538;564;637
492;501;513;524;537;554;574;583;596;623;636;650;663
351;374
408;414;450;470;480
359;366;373;381;397;407;422
610;619
618;644
443;461
475;530
485;515;546;568;580;604;632;646;658;667;676;693;709;724;746;781;789;800;813;829;830;835;845;853;857;860
725;739;754;794;810;818;825;849
730;753;764;782
247;264
704;715;721;727;742;759;768;796;803
710;714;726;740;750
833
843;851;864;868;875
856;870
850
231;242;252;265;283;286;290;308;314;329;364;395;404;447;468;491;522;543;552;561;569;606;662;670;680;685;697;701;718;723;728;744;761;771;780;799;811;820
275;280;285;307;312;323;347;357;363;385;465;477;550;571;581;593;607;613;669;678;690;695;702;717;722;735;770;779;798;804;826
42;46;52;57;61;64;69;80;86;91;100;105;116;119;129;133;141;144;155;162;165;184;191;198;202;207;214;218;238;248;272;293;302;315;325;331;340;362;377;383;400;411;415;431;462;508;531;540;547;557;605;611;620;633;659;677;683;700;705;720
279;284;288;297;306;311;328;335;341;346;356;384;392;419;425;455;464;498;510;520;533;548;559;647;661;679;684;691;696
276;282;298;313;319;324;337;343;349;372;387;394;403;417;424;445;499;511;534;549;579;590;603
225;236;253;266;269;277;291;299;350;388;405;413;418
54;60;65;71;75;78;93;98;102;113;120;127;145;147;151;163;171;176;179;183;186;220;227;232;237;243;271;292;301;321;339;352;361;369;412;426;434;439;448
50;55;58;72;76;83;89;103;107;114;117;121;123;136;139;148;158;168;180;187;190;192;205;211;216;221;233;239;249;254;259;270;300;320
