0
1;2;3
4;6;7;9;11;14;18;20;21;25;28;30;32;33;35;37;39;40;42;44;46;48;49;50;52;54;56;58;59;61;64;67;68;81;84;85;89
94;95;99
103
106;110
102
108;119;129;134;139;143
167;173;180;186;201;228;236;242;266;273;277;282;297;302;312;313
322;327;335;341;353
326
352;365;383
71
74;78;80;88;93;98;101;105;107;111;114;118;124;128;133;138;142;152;156;162;172;179;185;191;195;200;225;232;235;241;254;261;265;272;288;300;307;308;316
323;328;336
343;400
356;371;387;399
354;369;386;415
73;75;77
109;113
509;513;546;556;569
512;519;526
391;407;432;446;457;472
406;431
445;456;471;479
455
350;379;412
362;392;410
501;508;524;533;542;551;562
507;511;523;539
571
576;582;585
578
583;596
586
79;82;86;87;90;92;96;117;122;127;132;147;150;170;176;183;189;193;199;205;209;215;219;223;234;247;250;264;271;284;287;299;315;346;390;428
83;91;97;100;104;123;151;171;178;184;190;194;206;210;216;224;231;240;244;248;255;262;280;289;301;309;317;329;344;357;389;402;417;427
414;440;482;490;503;518;553;566;573;574;575;577;579;581;593;595;598
125;131;136;149;155;160;165;168;182;188;211;217;220;229;233;243;251;256;267;278;285;291;298;303;320;351;413;439;461;475;481;502;517;534;543;552
153;157;174;196;207;226;238;258;279;305;314;321;334;363;381;395;425;460;480;489;498
121;126;137;141;146;161;166;169;175;192;198;204;208;214;239;246;253;260;263;270;276;292;294;304;311;319;333;380;394;438;462;495;504
115;130;144;148;154;158;163;181;187;197;202;212;218;221;230;237;245;249;252;257;268;274;283;286;295;306;318;325;340
112;116;120;135;140;145;159;164;177;203;213;222;227;259;269;275;281;290;293;296;310;324;331;347;375
5;8;10;12;13;15;16;17;19;22;23;24;26;27;29;31;34;36;38;41;43;45;47;51;53;55;57;60;62;63;66
