0
1;2;5;10
12;15;18;25;45;51
20;24;31;36;40;50;55;57
3
4;9;11;14;17
19;34;48;69;72;73
138;142;149;161
175
140;144
146;152
155
151;158;171
180;184;204;208
321
335
348;361;368;392;399;403;407;412
352;367;373;380;387;391
327;330;334;346;350;358;366
685;695;697;711;729
694;710;721;728;747
696;700;704;719;727;735;746;757
709;718;726;744;756;764;775;785
563;573;596
579;587
558;565;568;576;582;591;607;611;618;627;637;643;659;666
575;581;598;615
648;662;668;674;686
328;331;336;369;375;382;394;401;405;409;421;435;446;453;460;465;469;476;482;485;493;498;502;505;507;520;529;531;541;544;561;585;603;614;629;646;667;673;684;690;693;716;725;742;753;802;806;815;824
339;343;362;404;408;413;416;420;424;433;439;442;445;447;451;464;468;473;478;481;484;489;491;508;516;521;532;538;550;554
165;169;179;187;210;217;219;227;241;250;256;260;265;266;274;284;294;295;301;308;310;316;320;326;333;342;357;384;389;396;400;406;414;417;422;425;426;429;436;448;449;452;454;466;470;479;483;490;494;499;500;509;511;517;522;526;530;534;543;547;552;555;559;570;577;584;592;601;608;622;631;638;644;653;678;683;689;691;692;698;713;780;787;800
189;200;207;216;221;222;223;224;229;231;242;245;251;254;262;270;276;279;282;286;293;296;299;302;306;315;322;323;340;344;349;354;365;371;385;397;418;427;430;434;455;457;461;471;474;486;488;495;501;506;513;518;525;533;539;542;546;556;560;571;578;593;602;613;623;639;645;654;677;682;688;701;706;712;749
167;172;176;201;205;211;214;226;233;234;237;240;243;247;252;257;264;269;281;291;298;300;304;309;312;313;319;325;329;337;355;372;378;390;411;415;428;432;438;441;444;450;459;463;467;472;477;492;497;504;510;515;523;527;535;540;548;566;569;583;600;612;628;655;660;679
213;218;225;232;236;239;246;249;255;259;263;268;271;272;273;277;280;283;287;288;290;297;303;307;318;324;332;338;341;345;356;377;386;398;402;410;419;423;431;437;440;443;456;458;462;475;480;487;496;503;512;514;519;528;536;549
6;7;8;13;16;21;26;32;42;52;59;63;76;77;80;82;83;85;88;94;97;100;103;104;105;109;111;113;115;117;118;119;121;122;124;126;128;129;131;133;134;135;137;143;150;157;162;166;170;188;195;199;203;212;215;220;228;230;235;238;244;248;253;258;261;267;275;278;285;289;292;305;311;314;317
22;43;56;60;64;67;71;75;78;79;81;84;86;87;89;90;91;92;93;95;96;98;99;101;102;106;107;108;110;112;114;116;120;123;125;127;130;132;136
