0;1;2;3
4;6
8;11;13
17
5;7;9;12
14
16;19;23;29;31;33;38;41;45
60;66;68;78;87;92;102;112;121;126;130;135;140;143;149;163;166;171;177;185;191;204;205
211
238;254;263
216;247
220
225
245;260
10;20
473;479;503
493;517;528;547;555
15;18;21;26;27;36
304;316;328
308;315
392
397;407;417;426;436
597;606;626;651;664;674;686;698;709;717
605;625;650;684;696;708;725;738
533;552;568;576;601
541;581;591
550;557;564;589;608
619;640
656;679;715;724;732;737;745;747
678;731
629
655;667;677;692
666;691;714;744
612;621;643;658;670;680;706
620;630;641;657;669
281;331;347;353;369;381;387;403;414;430;470;515;537;544;554;562;578;585
226;239;248;255;273;282;296;302;320;348;358;365;375;383;389;394;404;423;446;456;462;472;478;486;492;502;527;535;542;545;553;561;570;579;586;603;614
24;42;46;50;55;70;79;84;94;98;103;108;114;123;128;131;147;151;162;169;176;184;189;197;200;208;210;215;219;223;235;243;250;265;275;278;292;297;310;332;359;378;399;409;438;447;453;468;484;490;508;534;584;611
253;261;267;287;313;325;339;345;351;370;382;388;415;422;431;445;451;461;471;477;501;510;516
48;52;58;63;75;86;89;105;117;129;133;136;138;145;154;159;172;178;192;199;212;228;233;241;256;269;279;293;306;330;336;361;401;412;449;454;458;466;509;526;540;549;556;572;598;617;627;652;675;700;718;727
54;61;69;82;88;93;113;122;127;137;146;150;168;175;196;202;259;271;298;322;329;343;355;360;380;386;411;420;428;439;448;459;467;483;489;498;532;548;563;571
34;51;56;62;71;80;95;99;104;115;118;132;141;152;157;161;167;174;180;188;195;201;207;231;234;242;258;284;311;333;335;342;349;354;366;373;379;393;400;410;419;443;460;469;476;499;514;523;531;539
25;30;32;35;39;43;47;57;74;85;96;100;101;109;116;119;124;144;153;156;158;165;170;181;190;198;203;209;221;227;240;264;285;294;299;318;323;337;344;356;362;367;413;444;455;463
236;252;266;276;280;286;295;300;312;319;324;334;338;350;357;368;374;402;421;429;440;457;474;480;504;519
237;246;262;268;272;289;307;326;341;364;372;385
44;53;64;67;72;76;90;97;106;110;125;134;155;173;182;186;193;213;217;229;249;257;270;274
