0;1;2;3;4;5
6
7;10;13;23;31;36;40;49;61;72;78;82;85;88;91;97;101;104;107;117;119;122;125;128;131;135;139;144;152;156;166;168;172;173;176;178;182;184;193;196;200;205;207;211;215;217;229;235;237;238
241;242;245
250
255;269;274
280
259;263;268
262;267;273;279;292;299;314;328;337;342;360;379;383;397;401;417;460;463;470;493;503;516;532;545;553;571;581;588;608;632;641;651;658;676;684;698;708;721;730;745;746;786;801;810
824;829
834
249;254;258
272
8;11
277;285
464;497;518
472
508;517;522;530;563;599;612;623;643
521;538;546;574;592;611;634
717;723;732;757;764;790
738;755;787
774
626
740
794;804;814;820
813
791;802;811
726
744;772;785
752;762;771;784;799
729;736;743;751;769;809;817
735;742;750;808
822;827;837;841;845
826;831;836
477;482;505;510;523;539;547;564;575;593;600;624;644;667;673;678;691;709;716
290;305;320;340;347;365;372;382;386;392;396;405;411;416;426;439;451;458;475;492;502;520;533;543;552;559;570;579;598;621;642;659;677;694;699;722;727;731;737;747;754;800
291;298;306;326;341;350;358;366;406;434;444;474;487;501;513;519;531;536;554;561;572;589;609;622;652;666;672;685;695;707;725;734;741;759;767;779;807;815
286;294;301;309;323;344;352;356;362;374;414;419;436;448;461;462;468;480;544;560;580;587;620;631;649;670;690;706;720;724;733
266;278;307;321;327;336;355;359;367;378;387;393;407;412;421;427;440;445;452;459;469;488;506;515;527;534;541;558;650;657;665;671;683;702
293;300;308;316;322;330;351;369;380;388;394;399;402;418;423;429;447;486;500;514;535;542;551;569;586;605;618;628;638;647;674;680
315;329;343;361;368;373;398;408;413;422;428;435;446;453;467;479;485;507;528;549;577;615
297;313;319;325;335;346;354;364;371;377;391;410;433;443;457
9;12;16;21;24;34;37;42;47;50;56;59;70;80;84;92;96;99;102;106;109;115;118;120;123;130;133;138;141;146;147;150;153;154;157;160;163;170;183;186;190;198;202;212;216;218;227;232;239;243;246;251;256;260;264;270;281;287;302;317;331;338;345;348;357;415;424;430;454;471;494
