0
1;2
4;6;9;14
24;34;66;70;78;94;97;100;110;124;129;146;150;155;169;178;190;198;208;231;238;260;270;289;298;302;307;317;329;332;334;341;343;349;354;360;370;374;385;398;416;421;429;435;443;447;453;469;473;479;488;491;513;524;529;534;543;549;554;568;573;580;581
592
598
605;619
611;628
597
5
15;17;23;27;32;47;52;54;56;60;64;76;84;88
93;105;127;132;134;140;143;158;165;183;189;196;205;218;244;268;281;285;287;291;296;310;313;324;336;345;346;350;357;363;372;376;379;391;401;406;410;424;432;440;450;463;481;485;497;506;516;521;527;531;541;547;626;665;674;685;696;705;721;739;750;774;778;782;786;796;802;817;833;843;859;901;908;930;934;937;940;953;956;962;982;990;998;999;1011;1019
171
177;181
194;203;216;227;236;258
215;266
180;187;213;225
222;240;248;272
570;577;599;613;623
631;649;746;756;768;772
640;659;677;688;713;742
576;588;621;629;639;646;697;709;722;741;752;762
814;821;828;837;851;873;891;903;911;918;925
827;848;860;902
790;795;816;831;841;847;855;876;886;898;916
794;801;815
846;854;866;897
853;865;875;885
896;907
906;915
943;949;951;954;964;970;1002;1013;1026;1032;1042;1045
946;963;974;1001;1012;1021;1038;1047
945;947
967;972;988;996;1008
979;987;995;1016
950;965
975;985;993;1004;1015
176;186;200;211;224;249;264;290;304;312;314;325;330;333;342;351;362;395;400;417;427;436;444;449;457;467;471;475;480;484;502;515;526;556;564;593;612;620;657;667;708;731;761
250;257;279;295;300;309;315;319;337;371;383;387;394;399;405;413;423;439;448;456;476;489;520;535;552;557
604;617;655;686;706;740;759;775;779;787;791;797;809;818;825;844;879;888;923;931;935;941
20;35;38;44;49;57;62;67;73;80;85;89;101;111;116;120;131;147;156;159;167;175;179;185;192;199;210;221;232;239;262;271;278;284;294;303;308;311;318;321;327;355;367;377;386;390;393;411;422;430;441;454;460;462;465;470;492;500;504;509;519;539;544;550;555;563;574;582;591;596;601;624;643;653;673;684;695;704;751;758;765;770;803;834;858;869;922;928;933
13;19;30;33;41;43;48;61;65;77;79;96;106;109;115;119;123;128;137;139;154;162;173;182;188;195;204;217;228;243;253;267;274;323;335;344;347;365;369;381;384;389;397;402;415;419;425;428;445;464;482;487;490;494;499;512;517;532;537;542;559;561;566;571;585;594;600;614;625;635;654;664;720;749;769;777;781;785;793
7;8;10;12;21;26;31;36;40;50;59;71;75;82;87;91;95;98;102;107;113;135;142;149;163;174;184;191;209;220;247;256;261;277;283;286;293;299;331;339;352;358;364;380;388;392;396;407;414;418;433;437;442;451;458;461;468;472;477;486;493;498;503;507;511;522;528;536;548;558;565;578;584;589;607;634;642;693;701
104;122;126;136;141;151;170;197;207;230;246;255;259;269;276;282;288;297;306;316;322;328;338;356;361;368;375;378;382;404;409;412;431;438;455;466;474;483;496;501;505;510;514;525;530;540;545;551;560;569;575;583;587;602;609;615;632;641;661;699;716
3;11;16;18;22;29;37;46;51;53;55;63;69;72;83;90;92;99;103;108;114;118;125;133;138;152;157;160;166;168
