0
1;4;7;9;11
13;15
18;24;27;33;37;41;42;47;55;59;65;68;71;81;85;95;98;103;106;109;129;135;138;142;145;148;153;158;162;166;172;179;189;191;201;209;211;215;219;233;238;243;276;282;289;293;298;303;311;321;325;328;331;342;346;350;355;360;365;371;379;396;405;413;414;423;437
454;466;479
465;508
14
2;3;5;6;8;10;12;16;25;28;31;34;39;43;45;49;54;60;62;66;69;72;74;76;79;96;99;104;110;119;122;126;130;143;146;151;154;163;168;171;173;177;182;188;193;195;200;202;208;214;218;231;232;239;248;254;256
260;267;280
266
192;199;213;224;229
241;245;250;262;270;274
210;227;236;240;249;257
261;269
403;411;419;442;451;513
417;426;468;497;526
475
504
490
561;584;593
519;534;583;592
545;573
491;522;563;577;598;611;617;624;633;649;657;666;673
507;548
555;576;597;609;615;640;664
575;596;614;622;639
578;618;627;636;645;652;669;677;684
587
599;612;626
635;644;658
643;650;676;682;687
625;634;642
667;675;680;692;698;704
674;691
688;700;711
717
694;699;710
715
237;246;251;255;258;263;271;275;288;297;305;315;329;340;344;368;376;380;384;388;394;402;409;416;425;438;447;455;481;495;525;539;550;564
268;273;281;287;292;301;308;318;333;336;339;348;357;363;367;374;383;393;400;408;415;429;448
277;284;304;306;312;322;326;332;335;338;347;351;361;366;372;392;407;422;445;478;492;523;537;556;565;588;601;629;661;678
23;36;40;44;48;51;53;58;64;67;73;75;80;84;86;88;91;94;97;102;108;112;115;118;121;125;141;157;160;161;165;169;174;178;183;184;194;196;197;203;212;244;252;259;264;283;290;299;310;323;337;341;377;381;385;389;395;399;406;421;428;436;453;464;477
17;20;22;30;32;35;38;50;52;57;61;70;78;83;90;92;101;111;114;117;124;128;132;134;136;140;147;150;156;159;167;175;180;186;190;198;204;206;216;222;234;253;265;294;300;316;320;324;327;330;345;349;354;359;378;382;386;390;404;420;433;452;462
278;285;291;295;307;313;317;343;352;356;362;369;373;398
19;21;26;29;46;56;63;77;82;87;89;93;100;105;107;113;116;120;123;127;131;133;137;139;144;149;152;155;164;170;176;181;185;187
