0	9;1;5;11;17;14
9;1;5;11;17;14	9;1;5;11;17;14_M4
9;1;5;11;17;14	9;1;5;11;17;14_P
9;1;5;11;17;14	9;1;5;11;17;14_M1
9;1;5;11;17;14	9;1;5;11;17;14_M3
9;1;5;11;17;14	9;1;5;11;17;14_M2
0	34;3;2;6;13;12;10;15;32;33
34;3;2;6;13;12;10;15;32;33	34;3;2;6;13;12;10;15;32;33_M4
34;3;2;6;13;12;10;15;32;33	34;3;2;6;13;12;10;15;32;33_P
34;3;2;6;13;12;10;15;32;33	34;3;2;6;13;12;10;15;32;33_M1
34;3;2;6;13;12;10;15;32;33	34;3;2;6;13;12;10;15;32;33_M3
34;3;2;6;13;12;10;15;32;33	34;3;2;6;13;12;10;15;32;33_M2
0	8;20;25;4
8;20;25;4	8;20;25;4_M4
8;20;25;4	8;20;25;4_P
8;20;25;4	8;20;25;4_M1
8;20;25;4	8;20;25;4_M3
8;20;25;4	8;20;25;4_M2
0	31;7;18;16;28;22
31;7;18;16;28;22	31;7;18;16;28;22_M4
31;7;18;16;28;22	31;7;18;16;28;22_P
31;7;18;16;28;22	31;7;18;16;28;22_M1
31;7;18;16;28;22	31;7;18;16;28;22_M3
31;7;18;16;28;22	31;7;18;16;28;22_M2
GL	0
0	0_M4
0	0_P
0	0_M1
0	0_M3
0	0_M2
29	38
38	38_M4
38	38_P
38	38_M1
38	38_M3
38	38_M2
9;1;5;11;17;14	29
29	29_M4
29	29_P
29	29_M1
29	29_M3
29	29_M2
9;1;5;11;17;14	21
21	21_M4
21	21_P
21	21_M1
21	21_M3
21	21_M2
38	44;43;40
44;43;40	44;43;40_M4
44;43;40	44;43;40_P
44;43;40	44;43;40_M1
44;43;40	44;43;40_M3
44;43;40	44;43;40_M2
34;3;2;6;13;12;10;15;32;33	36;35
36;35	36;35_M4
36;35	36;35_P
36;35	36;35_M1
36;35	36;35_M3
36;35	36;35_M2
