0	9;1;5;11;17;14
9;1;5;11;17;14	9;1;5;11;17;14_M4
9;1;5;11;17;14	9;1;5;11;17;14_P
9;1;5;11;17;14	9;1;5;11;17;14_M1
9;1;5;11;17;14	9;1;5;11;17;14_M3
9;1;5;11;17;14	9;1;5;11;17;14_M2
0	34;3;2;6;13;12;10;15;32;33
34;3;2;6;13;12;10;15;32;33	34;3;2;6;13;12;10;15;32;33_M3
0	8;20;25;4
8;20;25;4	8;20;25;4_M2
0	31;7;18;16;28;22
31;7;18;16;28;22	31;7;18;16;28;22_M1
GL	0
0	0_M4
0	0_P
0	0_M1
0	0_M3
0	0_M2
29	38
38	38_M4
9;1;5;11;17;14	29
29	29_M4
9;1;5;11;17;14	21
21	21_P
38	44;43;40
44;43;40	44;43;40_M4
34;3;2;6;13;12;10;15;32;33	36;35
36;35	36;35_M3
