17;16;14;22;4;1;0;10	24
24	24_P
24	24_M5
24	24_M4
24	24_M7
24	24_M6
24	24_M1
24	24_M3
24	24_M2
17;16;14;22;4;1;0;10	53;34;75;60
53;34;75;60	53;34;75;60_P
53;34;75;60	53;34;75;60_M5
53;34;75;60	53;34;75;60_M4
53;34;75;60	53;34;75;60_M7
53;34;75;60	53;34;75;60_M6
53;34;75;60	53;34;75;60_M1
53;34;75;60	53;34;75;60_M3
53;34;75;60	53;34;75;60_M2
17;16;14;22;4;1;0;10	36;84;55;64;39;82;48
36;84;55;64;39;82;48	36;84;55;64;39;82;48_P
36;84;55;64;39;82;48	36;84;55;64;39;82;48_M5
36;84;55;64;39;82;48	36;84;55;64;39;82;48_M4
36;84;55;64;39;82;48	36;84;55;64;39;82;48_M7
36;84;55;64;39;82;48	36;84;55;64;39;82;48_M6
36;84;55;64;39;82;48	36;84;55;64;39;82;48_M1
36;84;55;64;39;82;48	36;84;55;64;39;82;48_M3
36;84;55;64;39;82;48	36;84;55;64;39;82;48_M2
17;16;14;22;4;1;0;10	52;76;58;83;44
52;76;58;83;44	52;76;58;83;44_P
52;76;58;83;44	52;76;58;83;44_M5
52;76;58;83;44	52;76;58;83;44_M4
52;76;58;83;44	52;76;58;83;44_M7
52;76;58;83;44	52;76;58;83;44_M6
52;76;58;83;44	52;76;58;83;44_M1
52;76;58;83;44	52;76;58;83;44_M3
52;76;58;83;44	52;76;58;83;44_M2
17;16;14;22;4;1;0;10	66;42
66;42	66;42_P
66;42	66;42_M5
66;42	66;42_M4
66;42	66;42_M7
66;42	66;42_M6
66;42	66;42_M1
66;42	66;42_M3
66;42	66;42_M2
17;16;14;22;4;1;0;10	74
74	74_P
74	74_M5
74	74_M4
74	74_M7
74	74_M6
74	74_M1
74	74_M3
74	74_M2
GL	17;16;14;22;4;1;0;10
17;16;14;22;4;1;0;10	17;16;14;22;4;1;0;10_P
17;16;14;22;4;1;0;10	17;16;14;22;4;1;0;10_M5
17;16;14;22;4;1;0;10	17;16;14;22;4;1;0;10_M4
17;16;14;22;4;1;0;10	17;16;14;22;4;1;0;10_M7
17;16;14;22;4;1;0;10	17;16;14;22;4;1;0;10_M6
17;16;14;22;4;1;0;10	17;16;14;22;4;1;0;10_M1
17;16;14;22;4;1;0;10	17;16;14;22;4;1;0;10_M3
17;16;14;22;4;1;0;10	17;16;14;22;4;1;0;10_M2
24	56;79;43;81;32;71;51;50
56;79;43;81;32;71;51;50	56;79;43;81;32;71;51;50_P
56;79;43;81;32;71;51;50	56;79;43;81;32;71;51;50_M5
56;79;43;81;32;71;51;50	56;79;43;81;32;71;51;50_M4
56;79;43;81;32;71;51;50	56;79;43;81;32;71;51;50_M7
56;79;43;81;32;71;51;50	56;79;43;81;32;71;51;50_M6
56;79;43;81;32;71;51;50	56;79;43;81;32;71;51;50_M1
56;79;43;81;32;71;51;50	56;79;43;81;32;71;51;50_M3
56;79;43;81;32;71;51;50	56;79;43;81;32;71;51;50_M2
24	77;19;63;25;12;33;40;11;30;9;6;80;46;78;37;72;49;41;28
77;19;63;25;12;33;40;11;30;9;6;80;46;78;37;72;49;41;28	77;19;63;25;12;33;40;11;30;9;6;80;46;78;37;72;49;41;28_P
77;19;63;25;12;33;40;11;30;9;6;80;46;78;37;72;49;41;28	77;19;63;25;12;33;40;11;30;9;6;80;46;78;37;72;49;41;28_M5
77;19;63;25;12;33;40;11;30;9;6;80;46;78;37;72;49;41;28	77;19;63;25;12;33;40;11;30;9;6;80;46;78;37;72;49;41;28_M4
77;19;63;25;12;33;40;11;30;9;6;80;46;78;37;72;49;41;28	77;19;63;25;12;33;40;11;30;9;6;80;46;78;37;72;49;41;28_M7
77;19;63;25;12;33;40;11;30;9;6;80;46;78;37;72;49;41;28	77;19;63;25;12;33;40;11;30;9;6;80;46;78;37;72;49;41;28_M6
77;19;63;25;12;33;40;11;30;9;6;80;46;78;37;72;49;41;28	77;19;63;25;12;33;40;11;30;9;6;80;46;78;37;72;49;41;28_M1
77;19;63;25;12;33;40;11;30;9;6;80;46;78;37;72;49;41;28	77;19;63;25;12;33;40;11;30;9;6;80;46;78;37;72;49;41;28_M3
77;19;63;25;12;33;40;11;30;9;6;80;46;78;37;72;49;41;28	77;19;63;25;12;33;40;11;30;9;6;80;46;78;37;72;49;41;28_M2
53;34;75;60	13;23;5;29;35;38;26
13;23;5;29;35;38;26	13;23;5;29;35;38;26_P
13;23;5;29;35;38;26	13;23;5;29;35;38;26_M5
13;23;5;29;35;38;26	13;23;5;29;35;38;26_M4
13;23;5;29;35;38;26	13;23;5;29;35;38;26_M7
13;23;5;29;35;38;26	13;23;5;29;35;38;26_M6
13;23;5;29;35;38;26	13;23;5;29;35;38;26_M1
13;23;5;29;35;38;26	13;23;5;29;35;38;26_M3
13;23;5;29;35;38;26	13;23;5;29;35;38;26_M2
