24_P	P
24_M5	M5
24_M4	M4
24_M7	M7
24_M6	M6
24_M1	M1
24_M3	M3
24_M2	M2
53;34;75;60_P	P
53;34;75;60_M5	M5
53;34;75;60_M4	M4
53;34;75;60_M7	M7
53;34;75;60_M6	M6
53;34;75;60_M1	M1
53;34;75;60_M3	M3
53;34;75;60_M2	M2
36;84;55;64;39;82;48_P	P
36;84;55;64;39;82;48_M5	M5
36;84;55;64;39;82;48_M4	M4
36;84;55;64;39;82;48_M7	M7
36;84;55;64;39;82;48_M6	M6
36;84;55;64;39;82;48_M1	M1
36;84;55;64;39;82;48_M3	M3
36;84;55;64;39;82;48_M2	M2
52;76;58;83;44_P	P
52;76;58;83;44_M5	M5
52;76;58;83;44_M4	M4
52;76;58;83;44_M7	M7
52;76;58;83;44_M6	M6
52;76;58;83;44_M1	M1
52;76;58;83;44_M3	M3
52;76;58;83;44_M2	M2
66;42_P	P
66;42_M5	M5
66;42_M4	M4
66;42_M7	M7
66;42_M6	M6
66;42_M1	M1
66;42_M3	M3
66;42_M2	M2
74_P	P
74_M5	M5
74_M4	M4
74_M7	M7
74_M6	M6
74_M1	M1
74_M3	M3
74_M2	M2
17;16;14;22;4;1;0;10_P	P
17;16;14;22;4;1;0;10_M5	M5
17;16;14;22;4;1;0;10_M4	M4
17;16;14;22;4;1;0;10_M7	M7
17;16;14;22;4;1;0;10_M6	M6
17;16;14;22;4;1;0;10_M1	M1
17;16;14;22;4;1;0;10_M3	M3
17;16;14;22;4;1;0;10_M2	M2
56;79;43;81;32;71;51;50_P	P
56;79;43;81;32;71;51;50_M5	M5
56;79;43;81;32;71;51;50_M4	M4
56;79;43;81;32;71;51;50_M7	M7
56;79;43;81;32;71;51;50_M6	M6
56;79;43;81;32;71;51;50_M1	M1
56;79;43;81;32;71;51;50_M3	M3
56;79;43;81;32;71;51;50_M2	M2
77;19;63;25;12;33;40;11;30;9;6;80;46;78;37;72;49;41;28_P	P
77;19;63;25;12;33;40;11;30;9;6;80;46;78;37;72;49;41;28_M5	M5
77;19;63;25;12;33;40;11;30;9;6;80;46;78;37;72;49;41;28_M4	M4
77;19;63;25;12;33;40;11;30;9;6;80;46;78;37;72;49;41;28_M7	M7
77;19;63;25;12;33;40;11;30;9;6;80;46;78;37;72;49;41;28_M6	M6
77;19;63;25;12;33;40;11;30;9;6;80;46;78;37;72;49;41;28_M1	M1
77;19;63;25;12;33;40;11;30;9;6;80;46;78;37;72;49;41;28_M3	M3
77;19;63;25;12;33;40;11;30;9;6;80;46;78;37;72;49;41;28_M2	M2
13;23;5;29;35;38;26_P	P
13;23;5;29;35;38;26_M5	M5
13;23;5;29;35;38;26_M4	M4
13;23;5;29;35;38;26_M7	M7
13;23;5;29;35;38;26_M6	M6
13;23;5;29;35;38;26_M1	M1
13;23;5;29;35;38;26_M3	M3
13;23;5;29;35;38;26_M2	M2
