13;25;29	54;8;41;51;44;58;59;49;38;48
54;8;41;51;44;58;59;49;38;48	54;8;41;51;44;58;59;49;38;48_M5
13;25;29	32;14;12;31;11
32;14;12;31;11	32;14;12;31;11_M2
0	1;5
1;5	1;5_M1
0	2
2	2_P
0	13;25;29
13;25;29	13;25;29_M2
0	4;3
4;3	4;3_P
GL	0
0	0_P
0	0_M5
0	0_M4
0	0_M7
0	0_M6
0	0_M1
0	0_M3
0	0_M2
10	36;26;27;22;30;28;45
36;26;27;22;30;28;45	36;26;27;22;30;28;45_M6
36;26;27;22;30;28;45	36;26;27;22;30;28;45_M3
10	19;21
19;21	19;21_M1
1;5	10
10	10_M1
36;26;27;22;30;28;45	47;57;64;50;56
47;57;64;50;56	47;57;64;50;56_M6
2	18;15;9;42;7;6;35;43;46;20
18;15;9;42;7;6;35;43;46;20	18;15;9;42;7;6;35;43;46;20_M4
18;15;9;42;7;6;35;43;46;20	18;15;9;42;7;6;35;43;46;20_M7
52;74;61	75
75	75_M7
18;15;9;42;7;6;35;43;46;20	52;74;61
52;74;61	52;74;61_M7
18;15;9;42;7;6;35;43;46;20	62
62	62_M4
