13;25;29	54;8;41;51;44;58;59;49;38;48
54;8;41;51;44;58;59;49;38;48	54;8;41;51;44;58;59;49;38;48_P
54;8;41;51;44;58;59;49;38;48	54;8;41;51;44;58;59;49;38;48_M5
54;8;41;51;44;58;59;49;38;48	54;8;41;51;44;58;59;49;38;48_M4
54;8;41;51;44;58;59;49;38;48	54;8;41;51;44;58;59;49;38;48_M7
54;8;41;51;44;58;59;49;38;48	54;8;41;51;44;58;59;49;38;48_M6
54;8;41;51;44;58;59;49;38;48	54;8;41;51;44;58;59;49;38;48_M1
54;8;41;51;44;58;59;49;38;48	54;8;41;51;44;58;59;49;38;48_M3
54;8;41;51;44;58;59;49;38;48	54;8;41;51;44;58;59;49;38;48_M2
13;25;29	32;14;12;31;11
32;14;12;31;11	32;14;12;31;11_P
32;14;12;31;11	32;14;12;31;11_M5
32;14;12;31;11	32;14;12;31;11_M4
32;14;12;31;11	32;14;12;31;11_M7
32;14;12;31;11	32;14;12;31;11_M6
32;14;12;31;11	32;14;12;31;11_M1
32;14;12;31;11	32;14;12;31;11_M3
32;14;12;31;11	32;14;12;31;11_M2
0	1;5
1;5	1;5_P
1;5	1;5_M5
1;5	1;5_M4
1;5	1;5_M7
1;5	1;5_M6
1;5	1;5_M1
1;5	1;5_M3
1;5	1;5_M2
0	2
2	2_P
2	2_M5
2	2_M4
2	2_M7
2	2_M6
2	2_M1
2	2_M3
2	2_M2
0	13;25;29
13;25;29	13;25;29_P
13;25;29	13;25;29_M5
13;25;29	13;25;29_M4
13;25;29	13;25;29_M7
13;25;29	13;25;29_M6
13;25;29	13;25;29_M1
13;25;29	13;25;29_M3
13;25;29	13;25;29_M2
0	4;3
4;3	4;3_P
4;3	4;3_M5
4;3	4;3_M4
4;3	4;3_M7
4;3	4;3_M6
4;3	4;3_M1
4;3	4;3_M3
4;3	4;3_M2
GL	0
0	0_P
0	0_M5
0	0_M4
0	0_M7
0	0_M6
0	0_M1
0	0_M3
0	0_M2
10	36;26;27;22;30;28;45
36;26;27;22;30;28;45	36;26;27;22;30;28;45_P
36;26;27;22;30;28;45	36;26;27;22;30;28;45_M5
36;26;27;22;30;28;45	36;26;27;22;30;28;45_M4
36;26;27;22;30;28;45	36;26;27;22;30;28;45_M7
36;26;27;22;30;28;45	36;26;27;22;30;28;45_M6
36;26;27;22;30;28;45	36;26;27;22;30;28;45_M1
36;26;27;22;30;28;45	36;26;27;22;30;28;45_M3
36;26;27;22;30;28;45	36;26;27;22;30;28;45_M2
10	19;21
19;21	19;21_P
19;21	19;21_M5
19;21	19;21_M4
19;21	19;21_M7
19;21	19;21_M6
19;21	19;21_M1
19;21	19;21_M3
19;21	19;21_M2
1;5	10
10	10_P
10	10_M5
10	10_M4
10	10_M7
10	10_M6
10	10_M1
10	10_M3
10	10_M2
36;26;27;22;30;28;45	47;57;64;50;56
47;57;64;50;56	47;57;64;50;56_P
47;57;64;50;56	47;57;64;50;56_M5
47;57;64;50;56	47;57;64;50;56_M4
47;57;64;50;56	47;57;64;50;56_M7
47;57;64;50;56	47;57;64;50;56_M6
47;57;64;50;56	47;57;64;50;56_M1
47;57;64;50;56	47;57;64;50;56_M3
47;57;64;50;56	47;57;64;50;56_M2
2	18;15;9;42;7;6;35;43;46;20
18;15;9;42;7;6;35;43;46;20	18;15;9;42;7;6;35;43;46;20_P
18;15;9;42;7;6;35;43;46;20	18;15;9;42;7;6;35;43;46;20_M5
18;15;9;42;7;6;35;43;46;20	18;15;9;42;7;6;35;43;46;20_M4
18;15;9;42;7;6;35;43;46;20	18;15;9;42;7;6;35;43;46;20_M7
18;15;9;42;7;6;35;43;46;20	18;15;9;42;7;6;35;43;46;20_M6
18;15;9;42;7;6;35;43;46;20	18;15;9;42;7;6;35;43;46;20_M1
18;15;9;42;7;6;35;43;46;20	18;15;9;42;7;6;35;43;46;20_M3
18;15;9;42;7;6;35;43;46;20	18;15;9;42;7;6;35;43;46;20_M2
52;74;61	75
75	75_P
75	75_M5
75	75_M4
75	75_M7
75	75_M6
75	75_M1
75	75_M3
75	75_M2
18;15;9;42;7;6;35;43;46;20	52;74;61
52;74;61	52;74;61_P
52;74;61	52;74;61_M5
52;74;61	52;74;61_M4
52;74;61	52;74;61_M7
52;74;61	52;74;61_M6
52;74;61	52;74;61_M1
52;74;61	52;74;61_M3
52;74;61	52;74;61_M2
18;15;9;42;7;6;35;43;46;20	62
62	62_P
62	62_M5
62	62_M4
62	62_M7
62	62_M6
62	62_M1
62	62_M3
62	62_M2
