id, 	 phi, 	 nChildren, 	 nGenes, 	 genes 
0,	[ 1.  1.  1.  1.  1.  1.  1.  1.  1.],	1,	0,	
1,	[ 0.959  0.963  0.981  0.975  0.992  0.982  0.98   0.986  0.993],	4,	1,	s0
2,	[ 0.18   0.241  0.041  0.079  0.031  0.65   0.047  0.03   0.743],	1,	1,	s2
3,	[ 0.052  0.056  0.031  0.047  0.022  0.638  0.038  0.016  0.723],	2,	10,	s16; s15; s9; s33; s7; s6; s29; s34; s37; s18
4,	[ 0.021  0.009  0.009  0.017  0.007  0.102  0.005  0.004  0.598],	1,	3,	s43; s52; s49
5,	[ 0.012  0.006  0.006  0.011  0.005  0.038  0.001  0.002  0.117],	0,	1,	s53
6,	[ 0.007  0.015  0.007  0.01   0.005  0.058  0.009  0.002  0.01 ],	0,	1,	s50
7,	[ 0.112  0.012  0.017  0.017  0.017  0.002  0.011  0.008  0.009],	0,	2,	s4; s3
8,	[ 0.027  0.045  0.033  0.405  0.023  0.029  0.456  0.015  0.023],	2,	3,	s13; s21; s25
9,	[ 0.012  0.009  0.004  0.012  0.007  0.003  0.415  0.003  0.006],	0,	10,	s44; s8; s32; s42; s35; s47; s48; s40; s31; s39
10,	[ 0.004  0.008  0.008  0.126  0.005  0.009  0.009  0.002  0.009],	0,	5,	s28; s14; s12; s27; s11
11,	[ 0.084  0.18   0.542  0.118  0.72   0.084  0.143  0.779  0.056],	1,	2,	s1; s5
12,	[ 0.073  0.158  0.512  0.109  0.714  0.075  0.124  0.772  0.044],	2,	1,	s10
13,	[ 0.027  0.04   0.05   0.046  0.661  0.042  0.034  0.728  0.025],	1,	7,	s30; s22; s23; s20; s26; s24; s36
14,	[ 0.004  0.01   0.008  0.006  0.006  0.006  0.009  0.618  0.005],	0,	5,	s38; s46; s51; s41; s45
15,	[ 0.011  0.022  0.202  0.012  0.017  0.009  0.02   0.006  0.006],	0,	2,	s17; s19



            /4 /-5
      /2 /3|
     |      \-6
     |
     |--7
     |
-0 /1|   /-9
     |-8|
     |   \-10
     |
     |      /13/-14
      \11/12
            \-15

Number of non-empty nodes in the tree: 15


id, 	 phi, 	 nChildren, 	 nGenes, 	 genes 
0,	[ 1.  1.  1.  1.  1.  1.  1.  1.  1.],	1,	0,	
1,	[ 0.929  0.941  0.99   0.963  0.995  0.993  0.986  0.979  0.992],	4,	1,	s0
2,	[ 0.177  0.241  0.045  0.092  0.032  0.657  0.038  0.033  0.741],	1,	1,	s2
3,	[ 0.049  0.045  0.041  0.049  0.022  0.644  0.022  0.025  0.732],	2,	10,	s16; s15; s9; s33; s7; s6; s29; s34; s37; s18
4,	[ 0.019  0.022  0.024  0.019  0.01   0.126  0.009  0.014  0.623],	1,	3,	s43; s52; s49
5,	[ 0.005  0.005  0.007  0.006  0.004  0.035  0.003  0.004  0.125],	0,	1,	s53
6,	[ 0.01   0.008  0.003  0.003  0.004  0.076  0.006  0.003  0.03 ],	0,	1,	s50
7,	[ 0.103  0.179  0.532  0.121  0.742  0.099  0.14   0.76   0.081],	1,	1,	s1
8,	[ 0.091  0.144  0.48   0.11   0.737  0.089  0.125  0.751  0.076],	2,	2,	s5; s10
9,	[ 0.028  0.044  0.043  0.044  0.654  0.037  0.047  0.695  0.035],	1,	7,	s30; s22; s23; s20; s26; s24; s36
10,	[ 0.005  0.008  0.004  0.004  0.004  0.003  0.008  0.578  0.006],	0,	5,	s38; s46; s51; s41; s45
11,	[ 0.009  0.01   0.178  0.005  0.021  0.003  0.006  0.006  0.007],	0,	2,	s17; s19
12,	[ 0.15   0.01   0.013  0.004  0.014  0.003  0.005  0.004  0.011],	0,	2,	s4; s3
13,	[ 0.043  0.032  0.032  0.383  0.02   0.018  0.467  0.021  0.014],	2,	3,	s13; s21; s25
14,	[ 0.006  0.005  0.016  0.011  0.005  0.004  0.416  0.004  0.004],	0,	10,	s44; s8; s32; s42; s35; s47; s48; s40; s31; s39
15,	[ 0.017  0.008  0.005  0.11   0.004  0.003  0.011  0.003  0.005],	0,	5,	s28; s14; s12; s27; s11



            /4 /-5
      /2 /3|
     |      \-6
     |
     |      /9 /-10
     |-7 /8|
-0 /1|      \-11
     |
     |--12
     |
     |   /-14
      \13
         \-15

Number of non-empty nodes in the tree: 15


id, 	 phi, 	 nChildren, 	 nGenes, 	 genes 
0,	[ 1.  1.  1.  1.  1.  1.  1.  1.  1.],	1,	0,	
1,	[ 0.941  0.952  0.988  0.956  0.996  0.99   0.99   0.979  0.993],	4,	1,	s0
2,	[ 0.172  0.245  0.048  0.084  0.03   0.66   0.04   0.038  0.757],	1,	1,	s2
3,	[ 0.044  0.054  0.042  0.047  0.021  0.649  0.026  0.033  0.75 ],	2,	10,	s16; s15; s9; s33; s7; s6; s29; s34; s37; s18
4,	[ 0.019  0.027  0.022  0.02   0.008  0.137  0.008  0.016  0.656],	1,	3,	s43; s52; s49
5,	[ 0.006  0.007  0.006  0.008  0.003  0.047  0.004  0.007  0.145],	0,	1,	s53
6,	[ 0.005  0.003  0.001  0.002  0.002  0.035  0.003  0.002  0.007],	0,	1,	s50
7,	[ 0.137  0.018  0.012  0.007  0.017  0.004  0.01   0.002  0.011],	0,	2,	s4; s3
8,	[ 0.036  0.028  0.032  0.387  0.025  0.022  0.453  0.027  0.016],	2,	3,	s13; s21; s25
9,	[ 0.016  0.008  0.005  0.114  0.005  0.005  0.009  0.005  0.005],	0,	5,	s28; s14; s12; s27; s11
10,	[ 0.005  0.005  0.009  0.012  0.004  0.002  0.408  0.003  0.006],	0,	10,	s44; s8; s32; s42; s35; s47; s48; s40; s31; s39
11,	[ 0.126  0.197  0.536  0.125  0.751  0.096  0.144  0.769  0.08 ],	1,	2,	s1; s10
12,	[ 0.111  0.158  0.483  0.114  0.744  0.084  0.124  0.763  0.075],	2,	1,	s5
13,	[ 0.012  0.012  0.195  0.005  0.026  0.007  0.005  0.005  0.008],	0,	2,	s17; s19
14,	[ 0.038  0.054  0.045  0.05   0.656  0.033  0.041  0.697  0.035],	1,	7,	s30; s22; s23; s20; s26; s24; s36
15,	[ 0.004  0.005  0.003  0.006  0.004  0.006  0.005  0.583  0.007],	0,	5,	s38; s46; s51; s41; s45



            /4 /-5
      /2 /3|
     |      \-6
     |
     |--7
     |
-0 /1|   /-9
     |-8|
     |   \-10
     |
     |      /-13
      \11/12
            \14/-15

Number of non-empty nodes in the tree: 15


id, 	 phi, 	 nChildren, 	 nGenes, 	 genes 
0,	[ 1.  1.  1.  1.  1.  1.  1.  1.  1.],	1,	0,	
1,	[ 0.944  0.962  0.986  0.962  0.993  0.985  0.986  0.984  0.992],	4,	1,	s0
2,	[ 0.167  0.221  0.042  0.081  0.031  0.671  0.052  0.035  0.718],	1,	1,	s2
3,	[ 0.058  0.05   0.036  0.046  0.025  0.664  0.04   0.025  0.704],	2,	10,	s16; s15; s9; s33; s7; s6; s29; s34; s37; s18
4,	[ 0.021  0.02   0.024  0.019  0.009  0.126  0.018  0.014  0.601],	1,	3,	s43; s52; s49
5,	[ 0.007  0.007  0.005  0.007  0.001  0.043  0.009  0.003  0.12 ],	0,	1,	s53
6,	[ 0.011  0.014  0.005  0.006  0.008  0.064  0.008  0.003  0.019],	0,	1,	s50
7,	[ 0.129  0.009  0.02   0.019  0.021  0.003  0.004  0.008  0.016],	0,	2,	s4; s3
8,	[ 0.022  0.046  0.028  0.365  0.021  0.031  0.451  0.023  0.015],	2,	3,	s13; s21; s25
9,	[ 0.003  0.01   0.008  0.107  0.006  0.006  0.01   0.004  0.003],	0,	5,	s28; s14; s12; s27; s11
10,	[ 0.005  0.004  0.006  0.011  0.006  0.004  0.403  0.005  0.006],	0,	10,	s44; s8; s32; s42; s35; s47; s48; s40; s31; s39
11,	[ 0.101  0.182  0.546  0.11   0.731  0.072  0.131  0.776  0.075],	1,	2,	s1; s5
12,	[ 0.087  0.148  0.503  0.101  0.723  0.062  0.112  0.769  0.064],	2,	1,	s10
13,	[ 0.033  0.053  0.065  0.05   0.67   0.034  0.038  0.732  0.034],	1,	7,	s30; s22; s23; s20; s26; s24; s36
14,	[ 0.006  0.006  0.008  0.006  0.01   0.007  0.007  0.62   0.004],	0,	5,	s38; s46; s51; s41; s45
15,	[ 0.017  0.012  0.205  0.006  0.014  0.006  0.01   0.004  0.011],	0,	2,	s17; s19



            /4 /-5
      /2 /3|
     |      \-6
     |
     |--7
     |
-0 /1|   /-9
     |-8|
     |   \-10
     |
     |      /13/-14
      \11/12
            \-15

Number of non-empty nodes in the tree: 15


id, 	 phi, 	 nChildren, 	 nGenes, 	 genes 
0,	[ 1.  1.  1.  1.  1.  1.  1.  1.  1.],	1,	0,	
1,	[ 0.953  0.951  0.995  0.961  0.996  0.988  0.99   0.985  0.992],	4,	1,	s0
2,	[ 0.197  0.263  0.062  0.101  0.045  0.653  0.064  0.047  0.766],	1,	1,	s2
3,	[ 0.059  0.062  0.052  0.064  0.034  0.638  0.046  0.04   0.758],	2,	10,	s16; s15; s9; s33; s7; s6; s29; s34; s37; s18
4,	[ 0.026  0.033  0.025  0.032  0.016  0.148  0.019  0.021  0.665],	1,	3,	s43; s52; s49
5,	[ 0.001  0.002  0.002  0.002  0.001  0.004  0.001  0.001  0.019],	0,	1,	s53
6,	[ 0.005  0.005  0.002  0.001  0.002  0.029  0.003  0.003  0.008],	0,	1,	s50
7,	[ 0.141  0.014  0.019  0.01   0.016  0.005  0.01   0.003  0.009],	0,	2,	s4; s3
8,	[ 0.039  0.028  0.03   0.385  0.022  0.029  0.414  0.024  0.014],	2,	3,	s13; s21; s25
9,	[ 0.003  0.009  0.006  0.013  0.005  0.002  0.368  0.002  0.005],	0,	10,	s44; s8; s32; s42; s35; s47; s48; s40; s31; s39
10,	[ 0.018  0.01   0.004  0.099  0.004  0.005  0.009  0.006  0.006],	0,	5,	s28; s14; s12; s27; s11
11,	[ 0.133  0.206  0.533  0.129  0.744  0.095  0.146  0.79   0.063],	1,	2,	s1; s10
12,	[ 0.118  0.173  0.479  0.118  0.734  0.08   0.126  0.784  0.061],	2,	1,	s5
13,	[ 0.009  0.014  0.193  0.008  0.021  0.007  0.004  0.008  0.006],	0,	2,	s17; s19
14,	[ 0.044  0.051  0.041  0.044  0.649  0.03   0.039  0.732  0.025],	1,	7,	s30; s22; s23; s20; s26; s24; s36
15,	[ 0.006  0.003  0.002  0.004  0.005  0.004  0.006  0.623  0.003],	0,	5,	s38; s46; s51; s41; s45



            /4 /-5
      /2 /3|
     |      \-6
     |
     |--7
     |
-0 /1|   /-9
     |-8|
     |   \-10
     |
     |      /-13
      \11/12
            \14/-15

Number of non-empty nodes in the tree: 15


