0	3
3	3_M4
3	3_P
3	3_M1
3	3_M3
3	3_M2
0	2
2	2_M4
2	2_P
2	2_M1
2	2_M3
2	2_M2
0	23;21;19
23;21;19	23;21;19_M4
23;21;19	23;21;19_P
23;21;19	23;21;19_M1
23;21;19	23;21;19_M3
23;21;19	23;21;19_M2
0	1;8
1;8	1;8_M4
1;8	1;8_P
1;8	1;8_M1
1;8	1;8_M3
1;8	1;8_M2
0	16
16	16_M4
16	16_P
16	16_M1
16	16_M3
16	16_M2
0	6
6	6_M4
6	6_P
6	6_M1
6	6_M3
6	6_M2
GL	0
0	0_M4
0	0_P
0	0_M1
0	0_M3
0	0_M2
18;14	37
37	37_M4
37	37_P
37	37_M1
37	37_M3
37	37_M2
3	18;14
18;14	18;14_M4
18;14	18;14_P
18;14	18;14_M1
18;14	18;14_M3
18;14	18;14_M2
2	4
4	4_M4
4	4_P
4	4_M1
4	4_M3
4	4_M2
10;9;33;41;20;12;31;25	27;34;7;38;13;11;17;15;40;39;24;22
27;34;7;38;13;11;17;15;40;39;24;22	27;34;7;38;13;11;17;15;40;39;24;22_M4
27;34;7;38;13;11;17;15;40;39;24;22	27;34;7;38;13;11;17;15;40;39;24;22_P
27;34;7;38;13;11;17;15;40;39;24;22	27;34;7;38;13;11;17;15;40;39;24;22_M1
27;34;7;38;13;11;17;15;40;39;24;22	27;34;7;38;13;11;17;15;40;39;24;22_M3
27;34;7;38;13;11;17;15;40;39;24;22	27;34;7;38;13;11;17;15;40;39;24;22_M2
4	10;9;33;41;20;12;31;25
10;9;33;41;20;12;31;25	10;9;33;41;20;12;31;25_M4
10;9;33;41;20;12;31;25	10;9;33;41;20;12;31;25_P
10;9;33;41;20;12;31;25	10;9;33;41;20;12;31;25_M1
10;9;33;41;20;12;31;25	10;9;33;41;20;12;31;25_M3
10;9;33;41;20;12;31;25	10;9;33;41;20;12;31;25_M2
23;21;19	28
28	28_M4
28	28_P
28	28_M1
28	28_M3
28	28_M2
