0	3
3	3_M4
3	3_P
3	3_M1
3	3_M3
3	3_M2
0	2
2	2_M4
2	2_P
2	2_M1
2	2_M3
2	2_M2
0	23;21;19
23;21;19	23;21;19_M2
0	1;8
1;8	1;8_P
0	16
16	16_M1
0	6
6	6_P
GL	0
0	0_M4
0	0_P
0	0_M1
0	0_M3
0	0_M2
18;14	37
37	37_M3
3	18;14
18;14	18;14_M1
18;14	18;14_M3
2	4
4	4_M4
4	4_P
4	4_M1
4	4_M3
4	4_M2
10;9;33;41;20;12;31;25	27;34;7;38;13;11;17;15;40;39;24;22
27;34;7;38;13;11;17;15;40;39;24;22	27;34;7;38;13;11;17;15;40;39;24;22_M4
4	10;9;33;41;20;12;31;25
10;9;33;41;20;12;31;25	10;9;33;41;20;12;31;25_M4
23;21;19	28
28	28_M2
