1;0	17;15;14;6
17;15;14;6	17;15;14;6_M4
17;15;14;6	17;15;14;6_P
17;15;14;6	17;15;14;6_M1
17;15;14;6	17;15;14;6_M3
17;15;14;6	17;15;14;6_M2
1;0	32;29;11;25;13
32;29;11;25;13	32;29;11;25;13_M4
32;29;11;25;13	32;29;11;25;13_P
32;29;11;25;13	32;29;11;25;13_M1
32;29;11;25;13	32;29;11;25;13_M3
32;29;11;25;13	32;29;11;25;13_M2
1;0	8;3;2;7;22;12;10;24
8;3;2;7;22;12;10;24	8;3;2;7;22;12;10;24_M4
8;3;2;7;22;12;10;24	8;3;2;7;22;12;10;24_P
8;3;2;7;22;12;10;24	8;3;2;7;22;12;10;24_M1
8;3;2;7;22;12;10;24	8;3;2;7;22;12;10;24_M3
8;3;2;7;22;12;10;24	8;3;2;7;22;12;10;24_M2
1;0	9;5;4;47;16;35
9;5;4;47;16;35	9;5;4;47;16;35_M4
9;5;4;47;16;35	9;5;4;47;16;35_P
9;5;4;47;16;35	9;5;4;47;16;35_M1
9;5;4;47;16;35	9;5;4;47;16;35_M3
9;5;4;47;16;35	9;5;4;47;16;35_M2
GL	1;0
1;0	1;0_M4
1;0	1;0_P
1;0	1;0_M1
1;0	1;0_M3
1;0	1;0_M2
19	30;42;36;26;34
30;42;36;26;34	30;42;36;26;34_M4
30;42;36;26;34	30;42;36;26;34_P
30;42;36;26;34	30;42;36;26;34_M1
30;42;36;26;34	30;42;36;26;34_M3
30;42;36;26;34	30;42;36;26;34_M2
17;15;14;6	19
19	19_M4
19	19_P
19	19_M1
19	19_M3
19	19_M2
30;42;36;26;34	44;43
44;43	44;43_M4
44;43	44;43_P
44;43	44;43_M1
44;43	44;43_M3
44;43	44;43_M2
32;29;11;25;13	40;38
40;38	40;38_M4
40;38	40;38_P
40;38	40;38_M1
40;38	40;38_M3
40;38	40;38_M2
9;5;4;47;16;35	41
41	41_M4
41	41_P
41	41_M1
41	41_M3
41	41_M2
