0;8;3;1;4;13;12;16;15;14	9;2;7;6;5;11;10
9;2;7;6;5;11;10	9;2;7;6;5;11;10_M4
9;2;7;6;5;11;10	9;2;7;6;5;11;10_P
9;2;7;6;5;11;10	9;2;7;6;5;11;10_M1
9;2;7;6;5;11;10	9;2;7;6;5;11;10_M3
9;2;7;6;5;11;10	9;2;7;6;5;11;10_M2
0;8;3;1;4;13;12;16;15;14	29
29	29_M4
29	29_P
29	29_M1
29	29_M3
29	29_M2
0;8;3;1;4;13;12;16;15;14	33;21;28
33;21;28	33;21;28_M4
33;21;28	33;21;28_P
33;21;28	33;21;28_M1
33;21;28	33;21;28_M3
33;21;28	33;21;28_M2
0;8;3;1;4;13;12;16;15;14	17
17	17_M4
17	17_P
17	17_M1
17	17_M3
17	17_M2
GL	0;8;3;1;4;13;12;16;15;14
0;8;3;1;4;13;12;16;15;14	0;8;3;1;4;13;12;16;15;14_M4
0;8;3;1;4;13;12;16;15;14	0;8;3;1;4;13;12;16;15;14_P
0;8;3;1;4;13;12;16;15;14	0;8;3;1;4;13;12;16;15;14_M1
0;8;3;1;4;13;12;16;15;14	0;8;3;1;4;13;12;16;15;14_M3
0;8;3;1;4;13;12;16;15;14	0;8;3;1;4;13;12;16;15;14_M2
20	26;30;39;19;41;23
26;30;39;19;41;23	26;30;39;19;41;23_M4
26;30;39;19;41;23	26;30;39;19;41;23_P
26;30;39;19;41;23	26;30;39;19;41;23_M1
26;30;39;19;41;23	26;30;39;19;41;23_M3
26;30;39;19;41;23	26;30;39;19;41;23_M2
9;2;7;6;5;11;10	20
20	20_M4
20	20_P
20	20_M1
20	20_M3
20	20_M2
9;2;7;6;5;11;10	18
18	18_M4
18	18_P
18	18_M1
18	18_M3
18	18_M2
26;30;39;19;41;23	24;42
24;42	24;42_M4
24;42	24;42_P
24;42	24;42_M1
24;42	24;42_M3
24;42	24;42_M2
18	32;25
32;25	32;25_M4
32;25	32;25_P
32;25	32;25_M1
32;25	32;25_M3
32;25	32;25_M2
29	40
40	40_M4
40	40_P
40	40_M1
40	40_M3
40	40_M2
