0	17;16;21;9;2;8;6;13;12
17;16;21;9;2;8;6;13;12	17;16;21;9;2;8;6;13;12_M4
17;16;21;9;2;8;6;13;12	17;16;21;9;2;8;6;13;12_P
17;16;21;9;2;8;6;13;12	17;16;21;9;2;8;6;13;12_M1
17;16;21;9;2;8;6;13;12	17;16;21;9;2;8;6;13;12_M3
17;16;21;9;2;8;6;13;12	17;16;21;9;2;8;6;13;12_M2
0	18;15;10;4;3;23;7;44;5;28;33;20;19;14;11
18;15;10;4;3;23;7;44;5;28;33;20;19;14;11	18;15;10;4;3;23;7;44;5;28;33;20;19;14;11_P
0	63;41;29;25
63;41;29;25	63;41;29;25_M3
0	46;49;47;32;51;31;53;42
46;49;47;32;51;31;53;42	46;49;47;32;51;31;53;42_M1
GL	0
0	0_M4
0	0_P
0	0_M1
0	0_M3
0	0_M2
22	39;48;45;30;56;37;43;40;52
39;48;45;30;56;37;43;40;52	39;48;45;30;56;37;43;40;52_M2
17;16;21;9;2;8;6;13;12	22
22	22_M4
22	22_P
22	22_M1
22	22_M3
22	22_M2
17;16;21;9;2;8;6;13;12	27
27	27_M4
27	27_M1
27	27_M3
27	27_M2
27	24
24	24_M4
24	24_M1
24	65;35;34;38;54;60
65;35;34;38;54;60	65;35;34;38;54;60_M4
