32;29;49;23;11	52
52	52_M2
0	37;30;64;12;3;1;22;38;65;25
37;30;64;12;3;1;22;38;65;25	37;30;64;12;3;1;22;38;65;25_P
37;30;64;12;3;1;22;38;65;25	37;30;64;12;3;1;22;38;65;25_M5
37;30;64;12;3;1;22;38;65;25	37;30;64;12;3;1;22;38;65;25_M4
37;30;64;12;3;1;22;38;65;25	37;30;64;12;3;1;22;38;65;25_M7
37;30;64;12;3;1;22;38;65;25	37;30;64;12;3;1;22;38;65;25_M6
37;30;64;12;3;1;22;38;65;25	37;30;64;12;3;1;22;38;65;25_M1
37;30;64;12;3;1;22;38;65;25	37;30;64;12;3;1;22;38;65;25_M3
37;30;64;12;3;1;22;38;65;25	37;30;64;12;3;1;22;38;65;25_M2
0	33;14;13;19;8;7;4;35;42;27;31
33;14;13;19;8;7;4;35;42;27;31	33;14;13;19;8;7;4;35;42;27;31_M5
33;14;13;19;8;7;4;35;42;27;31	33;14;13;19;8;7;4;35;42;27;31_M1
0	61;34;10;9;63;66;17;101;96;60;72
61;34;10;9;63;66;17;101;96;60;72	61;34;10;9;63;66;17;101;96;60;72_M4
0	32;29;49;23;11
32;29;49;23;11	32;29;49;23;11_M2
0	99;100;93;98;74;104
99;100;93;98;74;104	99;100;93;98;74;104_M7
0	20;2;15;6;26;45
20;2;15;6;26;45	20;2;15;6;26;45_M1
GL	0
0	0_P
0	0_M5
0	0_M4
0	0_M7
0	0_M6
0	0_M1
0	0_M3
0	0_M2
67	78;97;71;92;84;88;95;73
78;97;71;92;84;88;95;73	78;97;71;92;84;88;95;73_P
67	91;94;102;105
91;94;102;105	91;94;102;105_M6
37;30;64;12;3;1;22;38;65;25	67
67	67_P
67	67_M5
67	67_M4
67	67_M7
67	67_M6
67	67_M1
67	67_M3
67	67_M2
37;30;64;12;3;1;22;38;65;25	90;58;21;57;86
90;58;21;57;86	90;58;21;57;86_M3
33;14;13;19;8;7;4;35;42;27;31	40;43;51;62;83
40;43;51;62;83	40;43;51;62;83_M5
61;34;10;9;63;66;17;101;96;60;72	106
106	106_M4
