32;29;49;23;11	52
52	52_P
52	52_M5
52	52_M4
52	52_M7
52	52_M6
52	52_M1
52	52_M3
52	52_M2
0	37;30;64;12;3;1;22;38;65;25
37;30;64;12;3;1;22;38;65;25	37;30;64;12;3;1;22;38;65;25_P
37;30;64;12;3;1;22;38;65;25	37;30;64;12;3;1;22;38;65;25_M5
37;30;64;12;3;1;22;38;65;25	37;30;64;12;3;1;22;38;65;25_M4
37;30;64;12;3;1;22;38;65;25	37;30;64;12;3;1;22;38;65;25_M7
37;30;64;12;3;1;22;38;65;25	37;30;64;12;3;1;22;38;65;25_M6
37;30;64;12;3;1;22;38;65;25	37;30;64;12;3;1;22;38;65;25_M1
37;30;64;12;3;1;22;38;65;25	37;30;64;12;3;1;22;38;65;25_M3
37;30;64;12;3;1;22;38;65;25	37;30;64;12;3;1;22;38;65;25_M2
0	33;14;13;19;8;7;4;35;42;27;31
33;14;13;19;8;7;4;35;42;27;31	33;14;13;19;8;7;4;35;42;27;31_P
33;14;13;19;8;7;4;35;42;27;31	33;14;13;19;8;7;4;35;42;27;31_M5
33;14;13;19;8;7;4;35;42;27;31	33;14;13;19;8;7;4;35;42;27;31_M4
33;14;13;19;8;7;4;35;42;27;31	33;14;13;19;8;7;4;35;42;27;31_M7
33;14;13;19;8;7;4;35;42;27;31	33;14;13;19;8;7;4;35;42;27;31_M6
33;14;13;19;8;7;4;35;42;27;31	33;14;13;19;8;7;4;35;42;27;31_M1
33;14;13;19;8;7;4;35;42;27;31	33;14;13;19;8;7;4;35;42;27;31_M3
33;14;13;19;8;7;4;35;42;27;31	33;14;13;19;8;7;4;35;42;27;31_M2
0	61;34;10;9;63;66;17;101;96;60;72
61;34;10;9;63;66;17;101;96;60;72	61;34;10;9;63;66;17;101;96;60;72_P
61;34;10;9;63;66;17;101;96;60;72	61;34;10;9;63;66;17;101;96;60;72_M5
61;34;10;9;63;66;17;101;96;60;72	61;34;10;9;63;66;17;101;96;60;72_M4
61;34;10;9;63;66;17;101;96;60;72	61;34;10;9;63;66;17;101;96;60;72_M7
61;34;10;9;63;66;17;101;96;60;72	61;34;10;9;63;66;17;101;96;60;72_M6
61;34;10;9;63;66;17;101;96;60;72	61;34;10;9;63;66;17;101;96;60;72_M1
61;34;10;9;63;66;17;101;96;60;72	61;34;10;9;63;66;17;101;96;60;72_M3
61;34;10;9;63;66;17;101;96;60;72	61;34;10;9;63;66;17;101;96;60;72_M2
0	32;29;49;23;11
32;29;49;23;11	32;29;49;23;11_P
32;29;49;23;11	32;29;49;23;11_M5
32;29;49;23;11	32;29;49;23;11_M4
32;29;49;23;11	32;29;49;23;11_M7
32;29;49;23;11	32;29;49;23;11_M6
32;29;49;23;11	32;29;49;23;11_M1
32;29;49;23;11	32;29;49;23;11_M3
32;29;49;23;11	32;29;49;23;11_M2
0	99;100;93;98;74;104
99;100;93;98;74;104	99;100;93;98;74;104_P
99;100;93;98;74;104	99;100;93;98;74;104_M5
99;100;93;98;74;104	99;100;93;98;74;104_M4
99;100;93;98;74;104	99;100;93;98;74;104_M7
99;100;93;98;74;104	99;100;93;98;74;104_M6
99;100;93;98;74;104	99;100;93;98;74;104_M1
99;100;93;98;74;104	99;100;93;98;74;104_M3
99;100;93;98;74;104	99;100;93;98;74;104_M2
0	20;2;15;6;26;45
20;2;15;6;26;45	20;2;15;6;26;45_P
20;2;15;6;26;45	20;2;15;6;26;45_M5
20;2;15;6;26;45	20;2;15;6;26;45_M4
20;2;15;6;26;45	20;2;15;6;26;45_M7
20;2;15;6;26;45	20;2;15;6;26;45_M6
20;2;15;6;26;45	20;2;15;6;26;45_M1
20;2;15;6;26;45	20;2;15;6;26;45_M3
20;2;15;6;26;45	20;2;15;6;26;45_M2
GL	0
0	0_P
0	0_M5
0	0_M4
0	0_M7
0	0_M6
0	0_M1
0	0_M3
0	0_M2
67	78;97;71;92;84;88;95;73
78;97;71;92;84;88;95;73	78;97;71;92;84;88;95;73_P
78;97;71;92;84;88;95;73	78;97;71;92;84;88;95;73_M5
78;97;71;92;84;88;95;73	78;97;71;92;84;88;95;73_M4
78;97;71;92;84;88;95;73	78;97;71;92;84;88;95;73_M7
78;97;71;92;84;88;95;73	78;97;71;92;84;88;95;73_M6
78;97;71;92;84;88;95;73	78;97;71;92;84;88;95;73_M1
78;97;71;92;84;88;95;73	78;97;71;92;84;88;95;73_M3
78;97;71;92;84;88;95;73	78;97;71;92;84;88;95;73_M2
67	91;94;102;105
91;94;102;105	91;94;102;105_P
91;94;102;105	91;94;102;105_M5
91;94;102;105	91;94;102;105_M4
91;94;102;105	91;94;102;105_M7
91;94;102;105	91;94;102;105_M6
91;94;102;105	91;94;102;105_M1
91;94;102;105	91;94;102;105_M3
91;94;102;105	91;94;102;105_M2
37;30;64;12;3;1;22;38;65;25	67
67	67_P
67	67_M5
67	67_M4
67	67_M7
67	67_M6
67	67_M1
67	67_M3
67	67_M2
37;30;64;12;3;1;22;38;65;25	90;58;21;57;86
90;58;21;57;86	90;58;21;57;86_P
90;58;21;57;86	90;58;21;57;86_M5
90;58;21;57;86	90;58;21;57;86_M4
90;58;21;57;86	90;58;21;57;86_M7
90;58;21;57;86	90;58;21;57;86_M6
90;58;21;57;86	90;58;21;57;86_M1
90;58;21;57;86	90;58;21;57;86_M3
90;58;21;57;86	90;58;21;57;86_M2
33;14;13;19;8;7;4;35;42;27;31	40;43;51;62;83
40;43;51;62;83	40;43;51;62;83_P
40;43;51;62;83	40;43;51;62;83_M5
40;43;51;62;83	40;43;51;62;83_M4
40;43;51;62;83	40;43;51;62;83_M7
40;43;51;62;83	40;43;51;62;83_M6
40;43;51;62;83	40;43;51;62;83_M1
40;43;51;62;83	40;43;51;62;83_M3
40;43;51;62;83	40;43;51;62;83_M2
61;34;10;9;63;66;17;101;96;60;72	106
106	106_P
106	106_M5
106	106_M4
106	106_M7
106	106_M6
106	106_M1
106	106_M3
106	106_M2
