id, 	 phi, 	 nChildren, 	 nGenes, 	 genes 
0,	[ 1.  1.  1.  1.  1.  1.],	1,	0,	
1,	[ 0.948  0.973  0.975  0.987  0.969  0.974],	3,	1,	s0
2,	[ 0.09   0.172  0.038  0.013  0.015  0.01 ],	0,	1,	s1
3,	[ 0.015  0.023  0.027  0.022  0.586  0.023],	1,	2,	s2; s6
4,	[ 0.007  0.015  0.013  0.01   0.235  0.014],	0,	1,	s8
5,	[ 0.062  0.036  0.034  0.659  0.039  0.678],	1,	3,	s4; s3; s5
6,	[ 0.009  0.01   0.014  0.044  0.011  0.637],	0,	1,	s7



      /-2
     |
-0 /1|-3 /-4
     |
      \5 /-6

Number of non-empty nodes in the tree: 6


id, 	 phi, 	 nChildren, 	 nGenes, 	 genes 
0,	[ 1.  1.  1.  1.  1.  1.],	1,	0,	
1,	[ 0.967  0.961  0.972  0.975  0.991  0.992],	3,	1,	s0
2,	[ 0.088  0.123  0.039  0.023  0.01   0.013],	0,	1,	s1
3,	[ 0.042  0.026  0.029  0.011  0.599  0.011],	1,	2,	s2; s6
4,	[ 0.017  0.007  0.019  0.005  0.176  0.008],	0,	1,	s8
5,	[ 0.039  0.056  0.042  0.66   0.024  0.664],	1,	3,	s4; s3; s5
6,	[ 0.007  0.012  0.009  0.035  0.007  0.493],	0,	1,	s7



      /-2
     |
-0 /1|-3 /-4
     |
      \5 /-6

Number of non-empty nodes in the tree: 6


id, 	 phi, 	 nChildren, 	 nGenes, 	 genes 
0,	[ 1.  1.  1.  1.  1.  1.],	1,	0,	
1,	[ 0.967  0.987  0.919  0.989  0.985  0.982],	3,	1,	s0
2,	[ 0.097  0.131  0.019  0.008  0.025  0.008],	0,	1,	s1
3,	[ 0.031  0.023  0.031  0.626  0.013  0.613],	1,	3,	s4; s3; s5
4,	[ 0.014  0.009  0.022  0.094  0.006  0.563],	0,	1,	s7
5,	[ 0.022  0.017  0.029  0.014  0.539  0.014],	1,	2,	s2; s6
6,	[ 0.008  0.004  0.014  0.004  0.197  0.006],	0,	1,	s8



      /-2
     |
-0 /1|-3 /-4
     |
      \5 /-6

Number of non-empty nodes in the tree: 6


id, 	 phi, 	 nChildren, 	 nGenes, 	 genes 
0,	[ 1.  1.  1.  1.  1.  1.],	1,	0,	
1,	[ 0.958  0.982  0.971  0.983  0.986  0.981],	3,	1,	s0
2,	[ 0.063  0.141  0.019  0.013  0.009  0.013],	0,	1,	s1
3,	[ 0.034  0.041  0.032  0.608  0.028  0.669],	1,	3,	s4; s3; s5
4,	[ 0.01   0.018  0.007  0.051  0.005  0.595],	0,	1,	s7
5,	[ 0.03   0.032  0.033  0.016  0.547  0.016],	1,	2,	s2; s6
6,	[ 0.01   0.012  0.012  0.008  0.268  0.012],	0,	1,	s8



      /-2
     |
-0 /1|-3 /-4
     |
      \5 /-6

Number of non-empty nodes in the tree: 6


id, 	 phi, 	 nChildren, 	 nGenes, 	 genes 
0,	[ 1.  1.  1.  1.  1.  1.],	1,	0,	
1,	[ 0.982  0.957  0.956  0.985  0.992  0.985],	3,	1,	s0
2,	[ 0.112  0.13   0.022  0.013  0.006  0.008],	0,	1,	s1
3,	[ 0.054  0.049  0.038  0.023  0.608  0.037],	1,	2,	s2; s6
4,	[ 0.011  0.008  0.01   0.006  0.187  0.011],	0,	1,	s8
5,	[ 0.045  0.039  0.033  0.636  0.035  0.625],	1,	3,	s4; s3; s5
6,	[ 0.015  0.015  0.006  0.052  0.013  0.565],	0,	1,	s7



      /-2
     |
-0 /1|-3 /-4
     |
      \5 /-6

Number of non-empty nodes in the tree: 6


