12;6;4	10;9
10;9	10;9_M1
3;1;0;8;7;13	16
16	16_P
16	16_M5
16	16_M4
16	16_M7
16	16_M6
16	16_M1
16	16_M3
16	16_M2
16	16_M8
3;1;0;8;7;13	14;15
14;15	14;15_P
14;15	14;15_M5
14;15	14;15_M4
14;15	14;15_M7
14;15	14;15_M6
14;15	14;15_M1
14;15	14;15_M3
14;15	14;15_M2
14;15	14;15_M8
3;1;0;8;7;13	32;24;29;5;38;33;20;11;18
32;24;29;5;38;33;20;11;18	32;24;29;5;38;33;20;11;18_M2
3;1;0;8;7;13	12;6;4
12;6;4	12;6;4_M1
12;6;4	12;6;4_M3
3;1;0;8;7;13	36;34;30
36;34;30	36;34;30_P
3;1;0;8;7;13	46;35;51;22;23;28
46;35;51;22;23;28	46;35;51;22;23;28_M5
3;1;0;8;7;13	37;43
37;43	37;43_M8
3;1;0;8;7;13	19
19	19_M4
19	19_M3
GL	3;1;0;8;7;13
3;1;0;8;7;13	3;1;0;8;7;13_P
3;1;0;8;7;13	3;1;0;8;7;13_M5
3;1;0;8;7;13	3;1;0;8;7;13_M4
3;1;0;8;7;13	3;1;0;8;7;13_M7
3;1;0;8;7;13	3;1;0;8;7;13_M6
3;1;0;8;7;13	3;1;0;8;7;13_M1
3;1;0;8;7;13	3;1;0;8;7;13_M3
3;1;0;8;7;13	3;1;0;8;7;13_M2
3;1;0;8;7;13	3;1;0;8;7;13_M8
27;21	49;53;52
49;53;52	49;53;52_M4
16	27;21
27;21	27;21_M5
27;21	27;21_P
27;21	27;21_M8
27;21	27;21_M3
27;21	27;21_M4
16	48;25;40
48;25;40	48;25;40_M5
48;25;40	48;25;40_P
48;25;40	48;25;40_M6
48;25;40	48;25;40_M8
48;25;40	59
59	59_M6
14;15	65;39;26;31;62
65;39;26;31;62	65;39;26;31;62_M7
32;24;29;5;38;33;20;11;18	45
45	45_M2
