12;6;4	10;9
10;9	10;9_P
10;9	10;9_M5
10;9	10;9_M4
10;9	10;9_M7
10;9	10;9_M6
10;9	10;9_M1
10;9	10;9_M3
10;9	10;9_M2
10;9	10;9_M8
3;1;0;8;7;13	16
16	16_P
16	16_M5
16	16_M4
16	16_M7
16	16_M6
16	16_M1
16	16_M3
16	16_M2
16	16_M8
3;1;0;8;7;13	14;15
14;15	14;15_P
14;15	14;15_M5
14;15	14;15_M4
14;15	14;15_M7
14;15	14;15_M6
14;15	14;15_M1
14;15	14;15_M3
14;15	14;15_M2
14;15	14;15_M8
3;1;0;8;7;13	32;24;29;5;38;33;20;11;18
32;24;29;5;38;33;20;11;18	32;24;29;5;38;33;20;11;18_P
32;24;29;5;38;33;20;11;18	32;24;29;5;38;33;20;11;18_M5
32;24;29;5;38;33;20;11;18	32;24;29;5;38;33;20;11;18_M4
32;24;29;5;38;33;20;11;18	32;24;29;5;38;33;20;11;18_M7
32;24;29;5;38;33;20;11;18	32;24;29;5;38;33;20;11;18_M6
32;24;29;5;38;33;20;11;18	32;24;29;5;38;33;20;11;18_M1
32;24;29;5;38;33;20;11;18	32;24;29;5;38;33;20;11;18_M3
32;24;29;5;38;33;20;11;18	32;24;29;5;38;33;20;11;18_M2
32;24;29;5;38;33;20;11;18	32;24;29;5;38;33;20;11;18_M8
3;1;0;8;7;13	12;6;4
12;6;4	12;6;4_P
12;6;4	12;6;4_M5
12;6;4	12;6;4_M4
12;6;4	12;6;4_M7
12;6;4	12;6;4_M6
12;6;4	12;6;4_M1
12;6;4	12;6;4_M3
12;6;4	12;6;4_M2
12;6;4	12;6;4_M8
3;1;0;8;7;13	36;34;30
36;34;30	36;34;30_P
36;34;30	36;34;30_M5
36;34;30	36;34;30_M4
36;34;30	36;34;30_M7
36;34;30	36;34;30_M6
36;34;30	36;34;30_M1
36;34;30	36;34;30_M3
36;34;30	36;34;30_M2
36;34;30	36;34;30_M8
3;1;0;8;7;13	46;35;51;22;23;28
46;35;51;22;23;28	46;35;51;22;23;28_P
46;35;51;22;23;28	46;35;51;22;23;28_M5
46;35;51;22;23;28	46;35;51;22;23;28_M4
46;35;51;22;23;28	46;35;51;22;23;28_M7
46;35;51;22;23;28	46;35;51;22;23;28_M6
46;35;51;22;23;28	46;35;51;22;23;28_M1
46;35;51;22;23;28	46;35;51;22;23;28_M3
46;35;51;22;23;28	46;35;51;22;23;28_M2
46;35;51;22;23;28	46;35;51;22;23;28_M8
3;1;0;8;7;13	37;43
37;43	37;43_P
37;43	37;43_M5
37;43	37;43_M4
37;43	37;43_M7
37;43	37;43_M6
37;43	37;43_M1
37;43	37;43_M3
37;43	37;43_M2
37;43	37;43_M8
3;1;0;8;7;13	19
19	19_P
19	19_M5
19	19_M4
19	19_M7
19	19_M6
19	19_M1
19	19_M3
19	19_M2
19	19_M8
GL	3;1;0;8;7;13
3;1;0;8;7;13	3;1;0;8;7;13_P
3;1;0;8;7;13	3;1;0;8;7;13_M5
3;1;0;8;7;13	3;1;0;8;7;13_M4
3;1;0;8;7;13	3;1;0;8;7;13_M7
3;1;0;8;7;13	3;1;0;8;7;13_M6
3;1;0;8;7;13	3;1;0;8;7;13_M1
3;1;0;8;7;13	3;1;0;8;7;13_M3
3;1;0;8;7;13	3;1;0;8;7;13_M2
3;1;0;8;7;13	3;1;0;8;7;13_M8
27;21	49;53;52
49;53;52	49;53;52_P
49;53;52	49;53;52_M5
49;53;52	49;53;52_M4
49;53;52	49;53;52_M7
49;53;52	49;53;52_M6
49;53;52	49;53;52_M1
49;53;52	49;53;52_M3
49;53;52	49;53;52_M2
49;53;52	49;53;52_M8
16	27;21
27;21	27;21_P
27;21	27;21_M5
27;21	27;21_M4
27;21	27;21_M7
27;21	27;21_M6
27;21	27;21_M1
27;21	27;21_M3
27;21	27;21_M2
27;21	27;21_M8
16	48;25;40
48;25;40	48;25;40_P
48;25;40	48;25;40_M5
48;25;40	48;25;40_M4
48;25;40	48;25;40_M7
48;25;40	48;25;40_M6
48;25;40	48;25;40_M1
48;25;40	48;25;40_M3
48;25;40	48;25;40_M2
48;25;40	48;25;40_M8
48;25;40	59
59	59_P
59	59_M5
59	59_M4
59	59_M7
59	59_M6
59	59_M1
59	59_M3
59	59_M2
59	59_M8
14;15	65;39;26;31;62
65;39;26;31;62	65;39;26;31;62_P
65;39;26;31;62	65;39;26;31;62_M5
65;39;26;31;62	65;39;26;31;62_M4
65;39;26;31;62	65;39;26;31;62_M7
65;39;26;31;62	65;39;26;31;62_M6
65;39;26;31;62	65;39;26;31;62_M1
65;39;26;31;62	65;39;26;31;62_M3
65;39;26;31;62	65;39;26;31;62_M2
65;39;26;31;62	65;39;26;31;62_M8
32;24;29;5;38;33;20;11;18	45
45	45_P
45	45_M5
45	45_M4
45	45_M7
45	45_M6
45	45_M1
45	45_M3
45	45_M2
45	45_M8
