id, 	 phi, 	 nChildren, 	 nGenes, 	 genes 
0,	[ 1.  1.  1.  1.  1.  1.  1.  1.  1.  1.],	1,	0,	
1,	[ 0.989  0.995  0.939  0.995  0.994  0.984  0.982  0.992  0.992  0.988],	8,	6,	s2; s1; s0; s7; s6; s12
2,	[ 0.383  0.315  0.258  0.205  0.309  0.564  0.265  0.409  0.217  0.346],	2,	1,	s15
3,	[ 0.045  0.046  0.026  0.03   0.035  0.276  0.037  0.022  0.017  0.047],	1,	2,	s25; s19
4,	[ 0.015  0.008  0.006  0.015  0.005  0.14   0.005  0.006  0.002  0.002],	0,	3,	s43; s46; s45
5,	[ 0.047  0.018  0.026  0.023  0.02   0.022  0.032  0.177  0.021  0.041],	1,	3,	s42; s23; s38
6,	[ 0.013  0.009  0.008  0.004  0.011  0.008  0.009  0.03   0.008  0.019],	0,	1,	s47
7,	[ 0.09   0.066  0.104  0.067  0.187  0.084  0.072  0.189  0.426  0.107],	1,	2,	s13; s14
8,	[ 0.003  0.004  0.006  0.01   0.012  0.008  0.004  0.012  0.318  0.012],	0,	5,	s49; s37; s24; s29; s48
9,	[ 0.008  0.004  0.005  0.009  0.009  0.005  0.313  0.006  0.005  0.004],	0,	6,	s41; s33; s44; s20; s21; s26
10,	[ 0.124  0.197  0.013  0.005  0.007  0.006  0.013  0.012  0.009  0.011],	0,	3,	s34; s32; s28
11,	[ 0.019  0.016  0.009  0.391  0.015  0.013  0.005  0.009  0.011  0.015],	1,	9,	s30; s22; s27; s4; s36; s31; s18; s10; s16
12,	[ 0.009  0.005  0.006  0.231  0.006  0.008  0.004  0.005  0.003  0.006],	0,	1,	s40
13,	[ 0.013  0.01   0.007  0.008  0.01   0.003  0.013  0.008  0.014  0.156],	0,	2,	s35; s39
14,	[ 0.003  0.006  0.007  0.007  0.067  0.02   0.011  0.008  0.019  0.006],	0,	1,	s17
15,	[ 0.018  0.018  0.203  0.022  0.044  0.021  0.024  0.03   0.022  0.026],	1,	3,	s11; s5; s3
16,	[ 0.008  0.003  0.115  0.008  0.016  0.01   0.005  0.018  0.016  0.009],	0,	2,	s9; s8



         /3 /-4
      /2|
     |   \5 /-6
     |
     |-7 /-8
     |
     |--9
     |
-0 /1|--10
     |
     |-11/-12
     |
     |--13
     |
     |--14
     |
      \15/-16

Number of non-empty nodes in the tree: 16


id, 	 phi, 	 nChildren, 	 nGenes, 	 genes 
0,	[ 1.  1.  1.  1.  1.  1.  1.  1.  1.  1.],	1,	0,	
1,	[ 0.992  0.994  0.953  0.993  0.995  0.984  0.989  0.994  0.991  0.987],	8,	6,	s2; s1; s0; s7; s6; s12
2,	[ 0.342  0.367  0.287  0.22   0.296  0.526  0.287  0.409  0.243  0.326],	2,	1,	s15
3,	[ 0.039  0.045  0.032  0.035  0.03   0.304  0.049  0.038  0.042  0.051],	1,	2,	s25; s19
4,	[ 0.005  0.006  0.002  0.02   0.006  0.15   0.011  0.009  0.007  0.008],	0,	3,	s43; s46; s45
5,	[ 0.036  0.034  0.025  0.022  0.028  0.025  0.025  0.181  0.022  0.046],	1,	2,	s23; s38
6,	[ 0.028  0.028  0.02   0.017  0.009  0.011  0.019  0.157  0.014  0.027],	1,	1,	s42
7,	[ 0.003  0.014  0.006  0.004  0.005  0.003  0.003  0.057  0.007  0.014],	0,	1,	s47
8,	[ 0.108  0.068  0.098  0.089  0.18   0.097  0.077  0.197  0.417  0.087],	1,	1,	s13
9,	[ 0.084  0.061  0.087  0.082  0.157  0.086  0.066  0.179  0.397  0.069],	1,	1,	s14
10,	[ 0.002  0.004  0.003  0.006  0.015  0.007  0.002  0.011  0.295  0.004],	0,	5,	s49; s37; s24; s29; s48
11,	[ 0.01   0.003  0.006  0.004  0.005  0.004  0.28   0.005  0.012  0.008],	0,	6,	s41; s33; s44; s20; s21; s26
12,	[ 0.161  0.165  0.008  0.004  0.008  0.007  0.011  0.008  0.01   0.007],	0,	3,	s34; s32; s28
13,	[ 0.021  0.014  0.008  0.381  0.026  0.017  0.007  0.011  0.005  0.013],	1,	9,	s30; s22; s27; s4; s36; s31; s18; s10; s16
14,	[ 0.01   0.005  0.004  0.249  0.013  0.013  0.005  0.006  0.001  0.005],	0,	1,	s40
15,	[ 0.012  0.006  0.008  0.004  0.016  0.002  0.014  0.007  0.007  0.151],	0,	2,	s35; s39
16,	[ 0.008  0.006  0.005  0.007  0.074  0.015  0.006  0.007  0.015  0.005],	0,	1,	s17
17,	[ 0.023  0.027  0.193  0.023  0.031  0.017  0.016  0.019  0.022  0.033],	1,	3,	s11; s5; s3
18,	[ 0.01   0.005  0.118  0.005  0.009  0.004  0.004  0.009  0.01   0.006],	0,	2,	s9; s8



         /3 /-4
      /2|
     |   \5 /6 /-7
     |
     |-8 /9 /-10
     |
     |--11
     |
-0 /1|--12
     |
     |-13/-14
     |
     |--15
     |
     |--16
     |
      \17/-18

Number of non-empty nodes in the tree: 18


id, 	 phi, 	 nChildren, 	 nGenes, 	 genes 
0,	[ 1.  1.  1.  1.  1.  1.  1.  1.  1.  1.],	1,	0,	
1,	[ 0.992  0.997  0.944  0.996  0.993  0.985  0.988  0.996  0.99   0.988],	8,	6,	s2; s1; s0; s7; s6; s12
2,	[ 0.371  0.349  0.267  0.218  0.268  0.519  0.262  0.396  0.235  0.353],	2,	1,	s15
3,	[ 0.047  0.024  0.033  0.024  0.019  0.028  0.041  0.168  0.03   0.043],	1,	1,	s23
4,	[ 0.04   0.019  0.025  0.019  0.007  0.018  0.031  0.155  0.023  0.026],	1,	2,	s42; s38
5,	[ 0.008  0.008  0.009  0.004  0.005  0.005  0.006  0.043  0.009  0.015],	0,	1,	s47
6,	[ 0.046  0.05   0.026  0.035  0.025  0.258  0.04   0.029  0.02   0.058],	1,	2,	s25; s19
7,	[ 0.012  0.013  0.004  0.016  0.002  0.117  0.008  0.006  0.003  0.008],	0,	3,	s43; s46; s45
8,	[ 0.006  0.008  0.006  0.005  0.011  0.002  0.008  0.007  0.009  0.142],	0,	2,	s35; s39
9,	[ 0.005  0.009  0.005  0.005  0.079  0.014  0.009  0.009  0.012  0.004],	0,	1,	s17
10,	[ 0.022  0.022  0.204  0.028  0.04   0.014  0.028  0.03   0.025  0.03 ],	1,	3,	s11; s5; s3
11,	[ 0.009  0.007  0.126  0.008  0.009  0.004  0.006  0.017  0.01   0.007],	0,	2,	s9; s8
12,	[ 0.149  0.177  0.01   0.002  0.007  0.004  0.016  0.007  0.009  0.013],	0,	3,	s34; s32; s28
13,	[ 0.024  0.023  0.009  0.379  0.021  0.031  0.017  0.011  0.009  0.016],	1,	9,	s30; s22; s27; s4; s36; s31; s18; s10; s16
14,	[ 0.012  0.007  0.003  0.236  0.002  0.017  0.009  0.004  0.002  0.005],	0,	1,	s40
15,	[ 0.1    0.054  0.085  0.07   0.192  0.096  0.064  0.19   0.436  0.082],	1,	1,	s13
16,	[ 0.079  0.047  0.068  0.065  0.163  0.076  0.054  0.174  0.417  0.063],	1,	1,	s14
17,	[ 0.005  0.002  0.004  0.01   0.013  0.011  0.007  0.018  0.306  0.01 ],	0,	5,	s49; s37; s24; s29; s48
18,	[ 0.006  0.004  0.004  0.009  0.005  0.004  0.313  0.003  0.006  0.008],	0,	6,	s41; s33; s44; s20; s21; s26



         /3 /4 /-5
      /2|
     |   \6 /-7
     |
     |--8
     |
     |--9
     |
-0 /1|-10/-11
     |
     |--12
     |
     |-13/-14
     |
     |-15/16/-17
     |
      \-18

Number of non-empty nodes in the tree: 18


id, 	 phi, 	 nChildren, 	 nGenes, 	 genes 
0,	[ 1.  1.  1.  1.  1.  1.  1.  1.  1.  1.],	1,	0,	
1,	[ 0.988  0.979  0.979  0.976  0.994  0.993  0.995  0.987  0.987  0.993],	7,	6,	s2; s1; s0; s7; s6; s12
2,	[ 0.365  0.329  0.258  0.219  0.304  0.524  0.31   0.47   0.253  0.399],	2,	1,	s15
3,	[ 0.053  0.03   0.037  0.021  0.037  0.04   0.041  0.214  0.039  0.05 ],	1,	2,	s23; s38
4,	[ 0.043  0.016  0.023  0.016  0.027  0.032  0.034  0.183  0.032  0.046],	1,	1,	s42
5,	[ 0.011  0.003  0.004  0.006  0.009  0.016  0.007  0.077  0.008  0.008],	0,	1,	s47
6,	[ 0.056  0.046  0.042  0.034  0.046  0.257  0.064  0.051  0.036  0.042],	1,	2,	s25; s19
7,	[ 0.01   0.009  0.005  0.007  0.008  0.163  0.007  0.01   0.012  0.011],	0,	3,	s43; s46; s45
8,	[ 0.12   0.191  0.014  0.005  0.008  0.009  0.007  0.006  0.007  0.005],	0,	3,	s34; s32; s28
9,	[ 0.01   0.007  0.017  0.382  0.016  0.01   0.006  0.02   0.015  0.015],	1,	9,	s30; s22; s27; s4; s36; s31; s18; s10; s16
10,	[ 0.006  0.003  0.008  0.17   0.007  0.004  0.003  0.007  0.003  0.005],	0,	1,	s40
11,	[ 0.107  0.091  0.141  0.102  0.209  0.088  0.1    0.191  0.418  0.119],	1,	1,	s13
12,	[ 0.075  0.053  0.095  0.066  0.131  0.055  0.071  0.159  0.383  0.077],	1,	1,	s14
13,	[ 0.004  0.006  0.008  0.014  0.012  0.002  0.004  0.024  0.298  0.009],	0,	5,	s49; s37; s24; s29; s48
14,	[ 0.006  0.003  0.006  0.003  0.011  0.006  0.287  0.009  0.003  0.01 ],	0,	6,	s41; s33; s44; s20; s21; s26
15,	[ 0.009  0.012  0.007  0.007  0.018  0.006  0.004  0.008  0.005  0.15 ],	0,	2,	s35; s39
16,	[ 0.103  0.086  0.251  0.06   0.18   0.089  0.069  0.085  0.07   0.094],	1,	1,	s17
17,	[ 0.01   0.011  0.177  0.009  0.013  0.007  0.007  0.005  0.003  0.006],	0,	5,	s5; s11; s9; s8; s3



         /3 /4 /-5
      /2|
     |   \6 /-7
     |
     |--8
     |
     |-9 /-10
-0 /1|
     |-11/12/-13
     |
     |--14
     |
     |--15
     |
      \16/-17

Number of non-empty nodes in the tree: 17


id, 	 phi, 	 nChildren, 	 nGenes, 	 genes 
0,	[ 1.  1.  1.  1.  1.  1.  1.  1.  1.  1.],	1,	0,	
1,	[ 0.985  0.983  0.965  0.992  0.996  0.992  0.993  0.993  0.989  0.993],	8,	6,	s2; s1; s0; s7; s6; s12
2,	[ 0.379  0.363  0.276  0.237  0.297  0.529  0.328  0.386  0.257  0.371],	2,	1,	s15
3,	[ 0.036  0.033  0.019  0.019  0.025  0.014  0.015  0.17   0.013  0.019],	1,	3,	s42; s23; s38
4,	[ 0.022  0.018  0.004  0.005  0.009  0.011  0.003  0.056  0.004  0.005],	0,	1,	s47
5,	[ 0.028  0.022  0.043  0.022  0.037  0.227  0.033  0.038  0.035  0.035],	1,	2,	s25; s19
6,	[ 0.01   0.006  0.014  0.006  0.011  0.143  0.006  0.007  0.006  0.006],	0,	3,	s43; s46; s45
7,	[ 0.131  0.167  0.01   0.008  0.005  0.008  0.011  0.007  0.005  0.02 ],	0,	3,	s34; s32; s28
8,	[ 0.026  0.016  0.015  0.396  0.018  0.014  0.017  0.013  0.023  0.019],	1,	9,	s30; s22; s27; s4; s36; s31; s18; s10; s16
9,	[ 0.005  0.004  0.003  0.15   0.004  0.006  0.004  0.003  0.006  0.003],	0,	1,	s40
10,	[ 0.004  0.008  0.006  0.008  0.012  0.013  0.01   0.012  0.004  0.14 ],	0,	2,	s35; s39
11,	[ 0.009  0.009  0.009  0.01   0.112  0.003  0.006  0.012  0.007  0.004],	0,	1,	s17
12,	[ 0.026  0.015  0.206  0.006  0.012  0.011  0.012  0.014  0.017  0.013],	1,	2,	s5; s3
13,	[ 0.019  0.007  0.15   0.003  0.003  0.005  0.008  0.006  0.009  0.008],	0,	3,	s11; s9; s8
14,	[ 0.1    0.084  0.122  0.079  0.17   0.092  0.089  0.251  0.377  0.114],	1,	1,	s13
15,	[ 0.083  0.065  0.097  0.058  0.147  0.07   0.065  0.21   0.356  0.096],	1,	1,	s14
16,	[ 0.008  0.007  0.003  0.006  0.02   0.004  0.004  0.005  0.269  0.013],	0,	5,	s49; s37; s24; s29; s48
17,	[ 0.009  0.006  0.007  0.006  0.005  0.007  0.286  0.01   0.006  0.009],	0,	6,	s41; s33; s44; s20; s21; s26



         /3 /-4
      /2|
     |   \5 /-6
     |
     |--7
     |
     |-8 /-9
     |
-0 /1|--10
     |
     |--11
     |
     |-12/-13
     |
     |-14/15/-16
     |
      \-17

Number of non-empty nodes in the tree: 17


