18;67;11;38;17;7;5;10;22;23;20	86
86	86_P
86	86_M5
86	86_M4
86	86_M7
86	86_M6
86	86_M1
86	86_M3
86	86_M2
86	86_M8
18;67;11;38;17;7;5;10;22;23;20	59;36
59;36	59;36_P
59;36	59;36_M5
59;36	59;36_M4
59;36	59;36_M7
59;36	59;36_M6
59;36	59;36_M1
59;36	59;36_M3
59;36	59;36_M2
59;36	59;36_M8
0	19;40;13;12;8;3;2
19;40;13;12;8;3;2	19;40;13;12;8;3;2_P
19;40;13;12;8;3;2	19;40;13;12;8;3;2_M5
19;40;13;12;8;3;2	19;40;13;12;8;3;2_M4
19;40;13;12;8;3;2	19;40;13;12;8;3;2_M7
19;40;13;12;8;3;2	19;40;13;12;8;3;2_M6
19;40;13;12;8;3;2	19;40;13;12;8;3;2_M1
19;40;13;12;8;3;2	19;40;13;12;8;3;2_M3
19;40;13;12;8;3;2	19;40;13;12;8;3;2_M2
19;40;13;12;8;3;2	19;40;13;12;8;3;2_M8
0	18;67;11;38;17;7;5;10;22;23;20
18;67;11;38;17;7;5;10;22;23;20	18;67;11;38;17;7;5;10;22;23;20_P
18;67;11;38;17;7;5;10;22;23;20	18;67;11;38;17;7;5;10;22;23;20_M5
18;67;11;38;17;7;5;10;22;23;20	18;67;11;38;17;7;5;10;22;23;20_M4
18;67;11;38;17;7;5;10;22;23;20	18;67;11;38;17;7;5;10;22;23;20_M7
18;67;11;38;17;7;5;10;22;23;20	18;67;11;38;17;7;5;10;22;23;20_M6
18;67;11;38;17;7;5;10;22;23;20	18;67;11;38;17;7;5;10;22;23;20_M1
18;67;11;38;17;7;5;10;22;23;20	18;67;11;38;17;7;5;10;22;23;20_M3
18;67;11;38;17;7;5;10;22;23;20	18;67;11;38;17;7;5;10;22;23;20_M2
18;67;11;38;17;7;5;10;22;23;20	18;67;11;38;17;7;5;10;22;23;20_M8
0	32;28;16;15;1;14;6;4;31;21
32;28;16;15;1;14;6;4;31;21	32;28;16;15;1;14;6;4;31;21_P
32;28;16;15;1;14;6;4;31;21	32;28;16;15;1;14;6;4;31;21_M5
32;28;16;15;1;14;6;4;31;21	32;28;16;15;1;14;6;4;31;21_M4
32;28;16;15;1;14;6;4;31;21	32;28;16;15;1;14;6;4;31;21_M7
32;28;16;15;1;14;6;4;31;21	32;28;16;15;1;14;6;4;31;21_M6
32;28;16;15;1;14;6;4;31;21	32;28;16;15;1;14;6;4;31;21_M1
32;28;16;15;1;14;6;4;31;21	32;28;16;15;1;14;6;4;31;21_M3
32;28;16;15;1;14;6;4;31;21	32;28;16;15;1;14;6;4;31;21_M2
32;28;16;15;1;14;6;4;31;21	32;28;16;15;1;14;6;4;31;21_M8
0	35;48;27
35;48;27	35;48;27_P
35;48;27	35;48;27_M5
35;48;27	35;48;27_M4
35;48;27	35;48;27_M7
35;48;27	35;48;27_M6
35;48;27	35;48;27_M1
35;48;27	35;48;27_M3
35;48;27	35;48;27_M2
35;48;27	35;48;27_M8
0	25;75;41;30;9;68;44;34;74;63;60;26
25;75;41;30;9;68;44;34;74;63;60;26	25;75;41;30;9;68;44;34;74;63;60;26_P
25;75;41;30;9;68;44;34;74;63;60;26	25;75;41;30;9;68;44;34;74;63;60;26_M5
25;75;41;30;9;68;44;34;74;63;60;26	25;75;41;30;9;68;44;34;74;63;60;26_M4
25;75;41;30;9;68;44;34;74;63;60;26	25;75;41;30;9;68;44;34;74;63;60;26_M7
25;75;41;30;9;68;44;34;74;63;60;26	25;75;41;30;9;68;44;34;74;63;60;26_M6
25;75;41;30;9;68;44;34;74;63;60;26	25;75;41;30;9;68;44;34;74;63;60;26_M1
25;75;41;30;9;68;44;34;74;63;60;26	25;75;41;30;9;68;44;34;74;63;60;26_M3
25;75;41;30;9;68;44;34;74;63;60;26	25;75;41;30;9;68;44;34;74;63;60;26_M2
25;75;41;30;9;68;44;34;74;63;60;26	25;75;41;30;9;68;44;34;74;63;60;26_M8
GL	0
0	0_P
0	0_M5
0	0_M4
0	0_M7
0	0_M6
0	0_M1
0	0_M3
0	0_M2
0	0_M8
45	24;55;53;49;72;52;57;81;42;39
24;55;53;49;72;52;57;81;42;39	24;55;53;49;72;52;57;81;42;39_P
24;55;53;49;72;52;57;81;42;39	24;55;53;49;72;52;57;81;42;39_M5
24;55;53;49;72;52;57;81;42;39	24;55;53;49;72;52;57;81;42;39_M4
24;55;53;49;72;52;57;81;42;39	24;55;53;49;72;52;57;81;42;39_M7
24;55;53;49;72;52;57;81;42;39	24;55;53;49;72;52;57;81;42;39_M6
24;55;53;49;72;52;57;81;42;39	24;55;53;49;72;52;57;81;42;39_M1
24;55;53;49;72;52;57;81;42;39	24;55;53;49;72;52;57;81;42;39_M3
24;55;53;49;72;52;57;81;42;39	24;55;53;49;72;52;57;81;42;39_M2
24;55;53;49;72;52;57;81;42;39	24;55;53;49;72;52;57;81;42;39_M8
45	47;78;79;33;70;58;56
47;78;79;33;70;58;56	47;78;79;33;70;58;56_P
47;78;79;33;70;58;56	47;78;79;33;70;58;56_M5
47;78;79;33;70;58;56	47;78;79;33;70;58;56_M4
47;78;79;33;70;58;56	47;78;79;33;70;58;56_M7
47;78;79;33;70;58;56	47;78;79;33;70;58;56_M6
47;78;79;33;70;58;56	47;78;79;33;70;58;56_M1
47;78;79;33;70;58;56	47;78;79;33;70;58;56_M3
47;78;79;33;70;58;56	47;78;79;33;70;58;56_M2
47;78;79;33;70;58;56	47;78;79;33;70;58;56_M8
19;40;13;12;8;3;2	45
45	45_P
45	45_M5
45	45_M4
45	45_M7
45	45_M6
45	45_M1
45	45_M3
45	45_M2
45	45_M8
19;40;13;12;8;3;2	50
50	50_P
50	50_M5
50	50_M4
50	50_M7
50	50_M6
50	50_M1
50	50_M3
50	50_M2
50	50_M8
19;40;13;12;8;3;2	65;64;87;62;54
65;64;87;62;54	65;64;87;62;54_P
65;64;87;62;54	65;64;87;62;54_M5
65;64;87;62;54	65;64;87;62;54_M4
65;64;87;62;54	65;64;87;62;54_M7
65;64;87;62;54	65;64;87;62;54_M6
65;64;87;62;54	65;64;87;62;54_M1
65;64;87;62;54	65;64;87;62;54_M3
65;64;87;62;54	65;64;87;62;54_M2
65;64;87;62;54	65;64;87;62;54_M8
66;69	73
73	73_P
73	73_M5
73	73_M4
73	73_M7
73	73_M6
73	73_M1
73	73_M3
73	73_M2
73	73_M8
50	66;69
66;69	66;69_P
66;69	66;69_M5
66;69	66;69_M4
66;69	66;69_M7
66;69	66;69_M6
66;69	66;69_M1
66;69	66;69_M3
66;69	66;69_M2
66;69	66;69_M8
