pattern,seed,mut_tree,enforced,inferred,mu,gamma,sigma,method,RF,recallT,precisionT,FscoreT,recallG,precisionG,FscoreG,recallMultiG,precisionMultiG,FscoreMultiG
pM,209,3,R,pS,6,4,2,MACHINA (Clomial),2,0.5,0.5,0.5,0.4,0.5,0.444444444444,0.428571428571,0.5,0.461538461538
pM,209,2,R,pS,6,4,2,MACHINA (Clomial),2,0.5,0.5,0.5,0.4,0.5,0.444444444444,0.428571428571,0.5,0.461538461538
pM,209,5,R,pS,6,4,2,MACHINA (Clomial),2,0.5,0.5,0.5,0.2,0.25,0.222222222222,0.285714285714,0.333333333333,0.307692307692
pM,209,4,R,pS,6,4,2,MACHINA (Clomial),2,0.5,0.5,0.5,0.4,0.5,0.444444444444,0.428571428571,0.5,0.461538461538
pM,209,1,R,pS,6,4,2,MACHINA (Clomial),2,0.25,0.25,0.25,0.2,0.25,0.222222222222,0.285714285714,0.333333333333,0.307692307692
pM,209,0,R,pS,6,4,2,MACHINA (Clomial),2,0.25,0.25,0.25,0.2,0.25,0.222222222222,0.285714285714,0.333333333333,0.307692307692
pM,512,1,R,pS,6,4,2,MACHINA (Clomial),6,0.8,0.666666666667,0.727272727273,0.2,0.25,0.222222222222,0.166666666667,0.166666666667,0.166666666667
pM,512,2,R,pS,6,4,2,MACHINA (Clomial),7,0.6,0.75,0.666666666667,0.4,0.5,0.444444444444,0.333333333333,0.333333333333,0.333333333333
pM,512,0,R,pS,6,4,2,MACHINA (Clomial),5,0.8,0.666666666667,0.727272727273,0.2,0.25,0.222222222222,0.166666666667,0.166666666667,0.166666666667
pM,534,3,R,pS,6,4,2,MACHINA (Clomial),5,0.6,0.6,0.6,0.8,1.0,0.888888888889,0.833333333333,0.833333333333,0.833333333333
pM,534,9,R,pS,6,4,2,MACHINA (Clomial),5,0.6,0.75,0.666666666667,0.8,1.0,0.888888888889,0.833333333333,0.833333333333,0.833333333333
pM,534,2,R,pS,6,4,2,MACHINA (Clomial),5,0.6,0.6,0.6,0.8,1.0,0.888888888889,0.833333333333,0.833333333333,0.833333333333
pM,534,8,R,pS,6,4,2,MACHINA (Clomial),5,0.4,0.666666666667,0.5,0.6,0.75,0.666666666667,0.666666666667,0.666666666667,0.666666666667
pM,545,1,R,pS,6,5,2,MACHINA (Clomial),6,0.75,0.5,0.6,0.5,0.6,0.545454545455,0.571428571429,0.666666666667,0.615384615385
pM,545,0,R,pS,6,5,2,MACHINA (Clomial),5,0.5,0.4,0.444444444444,0.5,0.6,0.545454545455,0.571428571429,0.666666666667,0.615384615385
pM,565,0,R,pPS,6,4,1,MACHINA (Clomial),1,0.5,1.0,0.666666666667,0.8,1.0,0.888888888889,0.833333333333,0.833333333333,0.833333333333
pM,694,1,R,pS,6,4,2,MACHINA (Clomial),1,0.6,0.75,0.666666666667,0.6,0.75,0.666666666667,0.666666666667,0.666666666667,0.666666666667
pM,694,0,R,pS,6,4,2,MACHINA (Clomial),1,0.6,0.75,0.666666666667,0.6,0.75,0.666666666667,0.666666666667,0.666666666667,0.666666666667
pM,76,0,R,pPS,8,4,1,MACHINA (Clomial),6,0.4,0.5,0.444444444444,0.6,0.75,0.666666666667,0.666666666667,0.5,0.571428571429
pM,865,1,R,pM,6,5,3,MACHINA (Clomial),2,0.6,0.6,0.6,0.4,0.4,0.4,0.285714285714,0.333333333333,0.307692307692
pM,865,0,R,pM,6,5,3,MACHINA (Clomial),2,0.6,0.6,0.6,0.4,0.4,0.4,0.285714285714,0.333333333333,0.307692307692
pM,907,0,R,pM,8,6,3,MACHINA (Clomial),2,0.6,0.428571428571,0.5,0.666666666667,0.666666666667,0.666666666667,0.571428571429,0.5,0.533333333333
mS,0,0,R,mM,7,7,2,MACHINA (Clomial),10,1.0,0.8,0.888888888889,1.0,0.571428571429,0.727272727273,1.0,0.571428571429,0.727272727273
mS,10,0,R,mS,4,4,2,MACHINA (Clomial),4,0.5,0.5,0.5,0.5,0.5,0.5,0.5,0.5,0.5
mS,12,1,R,mPS,4,4,1,MACHINA (Clomial),0,1.0,1.0,1.0,1.0,1.0,1.0,1.0,1.0,1.0
mS,12,0,R,mPS,4,4,1,MACHINA (Clomial),0,1.0,1.0,1.0,1.0,1.0,1.0,1.0,1.0,1.0
mS,2,0,R,mPS,4,4,1,MACHINA (Clomial),3,1.0,1.0,1.0,0.75,0.75,0.75,0.75,0.75,0.75
mS,3,0,R,pS,6,5,2,MACHINA (Clomial),5,1.0,0.6,0.75,0.8,0.8,0.8,0.8,0.666666666667,0.727272727273
mS,4,0,R,mPS,4,4,1,MACHINA (Clomial),1,1.0,1.0,1.0,0.75,0.75,0.75,0.75,0.75,0.75
mS,5,0,R,mPS,4,4,1,MACHINA (Clomial),2,0.5,0.5,0.5,1.0,1.0,1.0,1.0,1.0,1.0
mS,7,0,R,mPS,4,4,1,MACHINA (Clomial),1,1.0,1.0,1.0,1.0,1.0,1.0,1.0,1.0,1.0
mS,8,1,R,mPS,4,4,1,MACHINA (Clomial),2,1.0,1.0,1.0,1.0,1.0,1.0,1.0,1.0,1.0
mS,8,0,R,mPS,4,4,1,MACHINA (Clomial),2,1.0,1.0,1.0,1.0,1.0,1.0,1.0,1.0,1.0
mS,9,1,R,mPS,4,4,1,MACHINA (Clomial),3,1.0,0.5,0.666666666667,0.75,0.75,0.75,0.75,0.75,0.75
pR,1140,0,R,pPS,6,4,1,MACHINA (Clomial),2,1.0,0.5,0.666666666667,0.8,1.0,0.888888888889,0.833333333333,0.833333333333,0.833333333333
pR,1140,1,R,pPS,6,4,1,MACHINA (Clomial),2,1.0,0.5,0.666666666667,0.8,1.0,0.888888888889,0.833333333333,0.833333333333,0.833333333333
pR,17,0,R,pPS,10,5,1,MACHINA (Clomial),4,0.5,0.285714285714,0.363636363636,0.333333333333,0.4,0.363636363636,0.333333333333,0.3,0.315789473684
pR,17,1,R,pPS,10,5,1,MACHINA (Clomial),4,0.5,0.285714285714,0.363636363636,0.333333333333,0.4,0.363636363636,0.333333333333,0.3,0.315789473684
pR,2155,0,R,pR,9,7,2,MACHINA (Clomial),6,0.8,0.8,0.8,0.125,0.142857142857,0.133333333333,0.111111111111,0.111111111111,0.111111111111
pR,2155,1,R,pR,9,7,2,MACHINA (Clomial),8,0.8,0.8,0.8,0.25,0.285714285714,0.266666666667,0.222222222222,0.222222222222,0.222222222222
pR,2155,2,R,pR,9,7,2,MACHINA (Clomial),8,0.8,0.8,0.8,0.25,0.285714285714,0.266666666667,0.222222222222,0.222222222222,0.222222222222
pR,247,1,R,pPS,8,4,1,MACHINA (Clomial),4,0.75,0.6,0.666666666667,0.4,0.5,0.444444444444,0.285714285714,0.25,0.266666666667
pR,518,0,R,pPS,6,4,1,MACHINA (Clomial),3,0.5,0.666666666667,0.571428571429,0.4,0.5,0.444444444444,0.5,0.5,0.5
pR,538,0,R,mM,6,6,2,MACHINA (Clomial),3,0.75,0.6,0.666666666667,0.8,0.666666666667,0.727272727273,0.5,0.666666666667,0.571428571429
pR,538,3,R,mM,6,6,2,MACHINA (Clomial),3,0.75,0.5,0.6,0.8,0.666666666667,0.727272727273,0.5,0.666666666667,0.571428571429
pR,538,1,R,mM,6,6,2,MACHINA (Clomial),3,0.75,0.6,0.666666666667,0.8,0.666666666667,0.727272727273,0.5,0.666666666667,0.571428571429
pR,538,2,R,mM,6,6,2,MACHINA (Clomial),3,0.75,0.75,0.75,0.8,0.666666666667,0.727272727273,0.5,0.666666666667,0.571428571429
pR,571,1,R,pPS,6,5,1,MACHINA (Clomial),2,0.25,0.166666666667,0.2,0.666666666667,0.8,0.727272727273,0.714285714286,0.833333333333,0.769230769231
pR,571,2,R,pPS,6,5,1,MACHINA (Clomial),2,0.25,0.166666666667,0.2,0.666666666667,0.8,0.727272727273,0.714285714286,0.833333333333,0.769230769231
pR,950,3,R,pS,8,6,2,MACHINA (Clomial),7,0.6,0.6,0.6,0.285714285714,0.333333333333,0.307692307692,0.25,0.25,0.25
pR,950,1,R,pS,8,6,2,MACHINA (Clomial),7,0.6,0.6,0.6,0.285714285714,0.333333333333,0.307692307692,0.25,0.25,0.25
pR,950,2,R,pS,8,6,2,MACHINA (Clomial),7,0.6,0.6,0.6,0.285714285714,0.333333333333,0.307692307692,0.25,0.25,0.25
pR,950,0,R,pS,8,6,2,MACHINA (Clomial),7,0.6,0.5,0.545454545455,0.285714285714,0.333333333333,0.307692307692,0.25,0.25,0.25
pR,955,0,R,pS,6,4,2,MACHINA (Clomial),1,0.333333333333,0.25,0.285714285714,0.8,1.0,0.888888888889,0.833333333333,0.833333333333,0.833333333333
pR,981,1,R,mPS,4,4,1,MACHINA (Clomial),6,0.4,0.666666666667,0.5,0.6,0.75,0.666666666667,0.5,0.75,0.6
pS,17,0,R,pPS,5,4,1,MACHINA (Clomial),1,0.333333333333,0.2,0.25,0.75,0.75,0.75,0.8,0.8,0.8
pS,17,1,R,pPS,5,4,1,MACHINA (Clomial),1,1.0,1.0,1.0,0.75,0.75,0.75,0.8,0.8,0.8
pS,23,1,R,pS,8,4,2,MACHINA (Clomial),3,1.0,0.75,0.857142857143,0.75,0.75,0.75,0.857142857143,0.75,0.8
pS,23,0,R,pS,8,4,2,MACHINA (Clomial),3,1.0,0.75,0.857142857143,0.75,0.75,0.75,0.857142857143,0.75,0.8
pS,25,0,R,pS,6,4,2,MACHINA (Clomial),1,0.5,0.5,0.5,1.0,1.0,1.0,1.0,1.0,1.0
pS,31,8,R,pPS,5,4,1,MACHINA (Clomial),3,0.333333333333,0.25,0.285714285714,0.5,0.5,0.5,0.6,0.6,0.6
pS,31,5,R,pPS,5,4,1,MACHINA (Clomial),3,0.333333333333,0.25,0.285714285714,0.5,0.5,0.5,0.6,0.6,0.6
pS,31,0,R,pPS,5,4,1,MACHINA (Clomial),3,0.333333333333,0.25,0.285714285714,0.5,0.5,0.5,0.6,0.6,0.6
pS,31,6,R,pPS,5,4,1,MACHINA (Clomial),3,0.666666666667,0.5,0.571428571429,0.5,0.5,0.5,0.6,0.6,0.6
pS,31,9,R,pPS,5,4,1,MACHINA (Clomial),3,1.0,1.0,1.0,0.5,0.5,0.5,0.6,0.6,0.6
pS,31,7,R,pPS,5,4,1,MACHINA (Clomial),3,1.0,1.0,1.0,0.5,0.5,0.5,0.6,0.6,0.6
pS,31,10,R,pPS,5,4,1,MACHINA (Clomial),3,0.666666666667,0.666666666667,0.666666666667,0.5,0.5,0.5,0.6,0.6,0.6
pS,31,11,R,pPS,5,4,1,MACHINA (Clomial),3,1.0,0.75,0.857142857143,0.5,0.5,0.5,0.6,0.6,0.6
pS,31,1,R,pPS,5,4,1,MACHINA (Clomial),3,1.0,1.0,1.0,0.5,0.5,0.5,0.6,0.6,0.6
pS,31,2,R,pPS,5,4,1,MACHINA (Clomial),3,1.0,0.75,0.857142857143,0.5,0.5,0.5,0.6,0.6,0.6
pS,31,3,R,pPS,5,4,1,MACHINA (Clomial),3,0.333333333333,0.25,0.285714285714,0.5,0.5,0.5,0.6,0.6,0.6
pS,31,4,R,pPS,5,4,1,MACHINA (Clomial),3,0.666666666667,0.5,0.571428571429,0.5,0.5,0.5,0.6,0.6,0.6
pS,32,1,R,pS,5,4,2,MACHINA (Clomial),1,0.5,0.5,0.5,1.0,1.0,1.0,1.0,1.0,1.0
pS,32,0,R,pS,5,4,2,MACHINA (Clomial),1,0.5,0.5,0.5,0.75,0.75,0.75,0.8,0.8,0.8
pS,35,0,R,mM,5,5,2,MACHINA (Clomial),5,1.0,0.75,0.857142857143,0.75,0.6,0.666666666667,0.6,0.6,0.6
pS,40,1,R,pS,6,5,2,MACHINA (Clomial),1,0.8,0.8,0.8,0.4,0.4,0.4,0.333333333333,0.333333333333,0.333333333333
pS,40,0,R,pS,6,5,2,MACHINA (Clomial),1,0.6,0.75,0.666666666667,0.8,0.8,0.8,0.833333333333,0.833333333333,0.833333333333
pS,49,0,R,pPS,5,4,1,MACHINA (Clomial),2,0.5,0.666666666667,0.571428571429,0.75,0.75,0.75,0.8,0.8,0.8
pS,49,1,R,pPS,5,4,1,MACHINA (Clomial),2,0.75,0.75,0.75,0.75,0.75,0.75,0.8,0.8,0.8
pS,62,2,R,mPS,4,4,1,MACHINA (Clomial),5,1.0,0.666666666667,0.8,1.0,1.0,1.0,0.8,1.0,0.888888888889
pS,81,0,R,mM,5,5,2,MACHINA (Clomial),4,0.5,0.666666666667,0.571428571429,1.0,0.8,0.888888888889,0.666666666667,0.8,0.727272727273
