pattern,seed,mut_tree,enforced,inferred,mu,gamma,sigma,method,RF,recallT,precisionT,FscoreT,recallG,precisionG,FscoreG,recallMultiG,precisionMultiG,FscoreMultiG
pM,172,7,R,pM,12,10,2,MACHINA (PhyloWGS),8,0.8,1.0,0.888888888889,0.181818181818,0.2,0.190476190476,0.142857142857,0.166666666667,0.153846153846
pM,172,20,R,pM,12,10,2,MACHINA (PhyloWGS),8,0.8,1.0,0.888888888889,0.0909090909091,0.1,0.0952380952381,0.0714285714286,0.0833333333333,0.0769230769231
pM,172,9,R,pM,12,10,2,MACHINA (PhyloWGS),8,0.8,1.0,0.888888888889,0.181818181818,0.2,0.190476190476,0.142857142857,0.166666666667,0.153846153846
pM,172,6,R,pM,12,10,2,MACHINA (PhyloWGS),8,0.8,1.0,0.888888888889,0.0909090909091,0.1,0.0952380952381,0.0714285714286,0.0833333333333,0.0769230769231
pM,172,19,R,pM,12,10,2,MACHINA (PhyloWGS),8,0.8,1.0,0.888888888889,0.181818181818,0.2,0.190476190476,0.142857142857,0.166666666667,0.153846153846
pM,172,18,R,pM,12,10,2,MACHINA (PhyloWGS),8,0.8,1.0,0.888888888889,0.181818181818,0.2,0.190476190476,0.142857142857,0.166666666667,0.153846153846
pM,172,14,R,pM,12,10,2,MACHINA (PhyloWGS),8,0.8,1.0,0.888888888889,0.181818181818,0.2,0.190476190476,0.142857142857,0.166666666667,0.153846153846
pM,172,8,R,pM,12,10,2,MACHINA (PhyloWGS),8,0.8,1.0,0.888888888889,0.181818181818,0.2,0.190476190476,0.142857142857,0.166666666667,0.153846153846
pM,172,23,R,pM,12,10,2,MACHINA (PhyloWGS),8,0.8,1.0,0.888888888889,0.181818181818,0.2,0.190476190476,0.142857142857,0.166666666667,0.153846153846
pM,172,22,R,pM,12,10,2,MACHINA (PhyloWGS),8,0.8,1.0,0.888888888889,0.0909090909091,0.1,0.0952380952381,0.0714285714286,0.0833333333333,0.0769230769231
pM,172,21,R,pM,12,10,2,MACHINA (PhyloWGS),8,0.8,1.0,0.888888888889,0.0909090909091,0.1,0.0952380952381,0.0714285714286,0.0833333333333,0.0769230769231
pM,172,12,R,pM,12,10,2,MACHINA (PhyloWGS),8,0.8,1.0,0.888888888889,0.181818181818,0.2,0.190476190476,0.142857142857,0.166666666667,0.153846153846
pM,19,21,R,pS,9,7,2,MACHINA (PhyloWGS),2,0.571428571429,0.571428571429,0.571428571429,0.625,0.714285714286,0.666666666667,0.666666666667,0.666666666667,0.666666666667
pM,19,20,R,pS,9,7,2,MACHINA (PhyloWGS),2,0.571428571429,0.571428571429,0.571428571429,0.625,0.714285714286,0.666666666667,0.666666666667,0.666666666667,0.666666666667
pM,19,23,R,pS,9,7,2,MACHINA (PhyloWGS),2,0.571428571429,0.571428571429,0.571428571429,0.625,0.714285714286,0.666666666667,0.666666666667,0.666666666667,0.666666666667
pM,19,13,R,pS,9,7,2,MACHINA (PhyloWGS),2,0.571428571429,0.5,0.533333333333,0.625,0.714285714286,0.666666666667,0.666666666667,0.666666666667,0.666666666667
pM,19,12,R,pS,9,7,2,MACHINA (PhyloWGS),2,0.571428571429,0.666666666667,0.615384615385,0.625,0.714285714286,0.666666666667,0.666666666667,0.666666666667,0.666666666667
pM,19,17,R,pS,9,7,2,MACHINA (PhyloWGS),2,0.571428571429,0.571428571429,0.571428571429,0.625,0.714285714286,0.666666666667,0.666666666667,0.666666666667,0.666666666667
pM,19,15,R,pS,9,7,2,MACHINA (PhyloWGS),2,0.571428571429,0.571428571429,0.571428571429,0.625,0.714285714286,0.666666666667,0.666666666667,0.666666666667,0.666666666667
pM,19,16,R,pS,9,7,2,MACHINA (PhyloWGS),2,0.571428571429,0.571428571429,0.571428571429,0.625,0.714285714286,0.666666666667,0.666666666667,0.666666666667,0.666666666667
pM,19,22,R,pS,9,7,2,MACHINA (PhyloWGS),2,0.571428571429,0.571428571429,0.571428571429,0.625,0.714285714286,0.666666666667,0.666666666667,0.666666666667,0.666666666667
pM,19,19,R,pS,9,7,2,MACHINA (PhyloWGS),2,0.571428571429,0.571428571429,0.571428571429,0.625,0.714285714286,0.666666666667,0.666666666667,0.666666666667,0.666666666667
pM,19,14,R,pS,9,7,2,MACHINA (PhyloWGS),2,0.571428571429,0.571428571429,0.571428571429,0.625,0.714285714286,0.666666666667,0.666666666667,0.666666666667,0.666666666667
pM,19,18,R,pS,9,7,2,MACHINA (PhyloWGS),2,0.571428571429,0.571428571429,0.571428571429,0.625,0.714285714286,0.666666666667,0.666666666667,0.666666666667,0.666666666667
pM,216,5,R,pS,8,7,3,MACHINA (PhyloWGS),2,0.833333333333,0.833333333333,0.833333333333,0.5,0.571428571429,0.533333333333,0.555555555556,0.625,0.588235294118
pM,216,3,R,pS,8,7,3,MACHINA (PhyloWGS),2,0.833333333333,0.833333333333,0.833333333333,0.5,0.571428571429,0.533333333333,0.555555555556,0.625,0.588235294118
pM,216,4,R,pS,8,7,3,MACHINA (PhyloWGS),2,0.833333333333,0.833333333333,0.833333333333,0.5,0.571428571429,0.533333333333,0.555555555556,0.625,0.588235294118
pM,216,2,R,pS,8,7,3,MACHINA (PhyloWGS),2,0.833333333333,0.833333333333,0.833333333333,0.5,0.571428571429,0.533333333333,0.555555555556,0.625,0.588235294118
pM,239,1,R,mS,7,7,2,MACHINA (PhyloWGS),3,0.666666666667,0.8,0.727272727273,0.75,0.857142857143,0.8,0.666666666667,0.857142857143,0.75
pM,239,0,R,mS,7,7,2,MACHINA (PhyloWGS),3,0.833333333333,1.0,0.909090909091,0.75,0.857142857143,0.8,0.666666666667,0.857142857143,0.75
pM,241,21,R,pS,8,7,2,MACHINA (PhyloWGS),6,0.8,0.8,0.8,0.5,0.571428571429,0.533333333333,0.444444444444,0.5,0.470588235294
pM,241,35,R,pS,8,7,2,MACHINA (PhyloWGS),6,0.8,0.8,0.8,0.625,0.714285714286,0.666666666667,0.555555555556,0.625,0.588235294118
pM,241,20,R,pS,8,7,2,MACHINA (PhyloWGS),5,0.8,0.8,0.8,0.625,0.714285714286,0.666666666667,0.555555555556,0.625,0.588235294118
pM,241,25,R,pS,8,7,2,MACHINA (PhyloWGS),6,0.8,0.8,0.8,0.5,0.571428571429,0.533333333333,0.444444444444,0.5,0.470588235294
pM,241,23,R,pS,8,7,2,MACHINA (PhyloWGS),6,0.8,0.8,0.8,0.625,0.714285714286,0.666666666667,0.555555555556,0.625,0.588235294118
pM,241,24,R,pS,8,7,2,MACHINA (PhyloWGS),5,0.8,0.8,0.8,0.625,0.714285714286,0.666666666667,0.555555555556,0.625,0.588235294118
pM,241,30,R,pS,8,7,2,MACHINA (PhyloWGS),6,0.8,0.8,0.8,0.5,0.571428571429,0.533333333333,0.444444444444,0.5,0.470588235294
pM,241,27,R,pS,8,7,2,MACHINA (PhyloWGS),6,0.8,0.666666666667,0.727272727273,0.5,0.571428571429,0.533333333333,0.444444444444,0.5,0.470588235294
pM,241,34,R,pS,8,7,2,MACHINA (PhyloWGS),5,0.8,0.8,0.8,0.625,0.714285714286,0.666666666667,0.555555555556,0.625,0.588235294118
pM,241,22,R,pS,8,7,2,MACHINA (PhyloWGS),6,0.8,0.8,0.8,0.625,0.714285714286,0.666666666667,0.555555555556,0.625,0.588235294118
pM,241,19,R,pS,8,7,2,MACHINA (PhyloWGS),5,0.8,0.8,0.8,0.625,0.714285714286,0.666666666667,0.555555555556,0.625,0.588235294118
pM,241,26,R,pS,8,7,2,MACHINA (PhyloWGS),6,0.8,0.8,0.8,0.5,0.571428571429,0.533333333333,0.444444444444,0.5,0.470588235294
pM,241,29,R,pS,8,7,2,MACHINA (PhyloWGS),6,0.8,0.8,0.8,0.5,0.571428571429,0.533333333333,0.444444444444,0.5,0.470588235294
pM,241,28,R,pS,8,7,2,MACHINA (PhyloWGS),5,0.8,0.8,0.8,0.625,0.714285714286,0.666666666667,0.555555555556,0.625,0.588235294118
pM,241,33,R,pS,8,7,2,MACHINA (PhyloWGS),6,0.8,0.8,0.8,0.625,0.714285714286,0.666666666667,0.555555555556,0.625,0.588235294118
pM,241,18,R,pS,8,7,2,MACHINA (PhyloWGS),6,0.8,0.8,0.8,0.5,0.571428571429,0.533333333333,0.444444444444,0.5,0.470588235294
pM,241,31,R,pS,8,7,2,MACHINA (PhyloWGS),6,0.8,0.8,0.8,0.5,0.571428571429,0.533333333333,0.444444444444,0.5,0.470588235294
pM,241,32,R,pS,8,7,2,MACHINA (PhyloWGS),5,0.8,0.8,0.8,0.625,0.714285714286,0.666666666667,0.555555555556,0.625,0.588235294118
pM,243,8,R,pPS,13,8,1,MACHINA (PhyloWGS),6,0.5,0.428571428571,0.461538461538,0.777777777778,0.875,0.823529411765,0.846153846154,0.846153846154,0.846153846154
pM,243,14,R,pPS,13,8,1,MACHINA (PhyloWGS),6,0.5,0.6,0.545454545455,0.777777777778,0.875,0.823529411765,0.846153846154,0.846153846154,0.846153846154
pM,243,15,R,pPS,13,8,1,MACHINA (PhyloWGS),6,0.5,0.6,0.545454545455,0.777777777778,0.875,0.823529411765,0.846153846154,0.846153846154,0.846153846154
pM,243,9,R,pPS,13,8,1,MACHINA (PhyloWGS),6,0.5,0.6,0.545454545455,0.777777777778,0.875,0.823529411765,0.846153846154,0.846153846154,0.846153846154
pM,243,10,R,pPS,13,8,1,MACHINA (PhyloWGS),6,0.5,0.428571428571,0.461538461538,0.777777777778,0.875,0.823529411765,0.846153846154,0.846153846154,0.846153846154
pM,243,11,R,pPS,13,8,1,MACHINA (PhyloWGS),6,0.5,0.5,0.5,0.777777777778,0.875,0.823529411765,0.846153846154,0.846153846154,0.846153846154
pM,243,12,R,pPS,13,8,1,MACHINA (PhyloWGS),6,0.5,0.5,0.5,0.777777777778,0.875,0.823529411765,0.846153846154,0.846153846154,0.846153846154
pM,243,13,R,pPS,13,8,1,MACHINA (PhyloWGS),6,0.5,0.428571428571,0.461538461538,0.777777777778,0.875,0.823529411765,0.846153846154,0.846153846154,0.846153846154
pM,35,10,R,mS,8,8,3,MACHINA (PhyloWGS),8,0.6,1.0,0.75,0.777777777778,0.875,0.823529411765,0.636363636364,0.875,0.736842105263
pM,35,3,R,mS,8,8,3,MACHINA (PhyloWGS),8,0.6,1.0,0.75,0.555555555556,0.625,0.588235294118,0.454545454545,0.625,0.526315789474
pM,35,2,R,mS,8,8,3,MACHINA (PhyloWGS),8,0.6,1.0,0.75,0.333333333333,0.375,0.352941176471,0.272727272727,0.375,0.315789473684
pM,35,8,R,mS,8,8,3,MACHINA (PhyloWGS),8,0.6,1.0,0.75,0.555555555556,0.625,0.588235294118,0.454545454545,0.625,0.526315789474
pM,35,4,R,mS,8,8,3,MACHINA (PhyloWGS),8,0.6,1.0,0.75,0.666666666667,0.75,0.705882352941,0.545454545455,0.75,0.631578947368
pM,35,6,R,mS,8,8,3,MACHINA (PhyloWGS),8,0.6,1.0,0.75,0.444444444444,0.5,0.470588235294,0.363636363636,0.5,0.421052631579
pM,35,5,R,mS,8,8,3,MACHINA (PhyloWGS),8,0.6,1.0,0.75,0.666666666667,0.75,0.705882352941,0.545454545455,0.75,0.631578947368
pM,35,11,R,mS,8,8,3,MACHINA (PhyloWGS),8,0.6,1.0,0.75,0.666666666667,0.75,0.705882352941,0.545454545455,0.75,0.631578947368
pM,45,5,R,pS,10,7,2,MACHINA (PhyloWGS),6,0.8,1.0,0.888888888889,0.666666666667,0.857142857143,0.75,0.727272727273,0.8,0.761904761905
pM,45,4,R,pS,10,7,2,MACHINA (PhyloWGS),6,0.8,1.0,0.888888888889,0.222222222222,0.285714285714,0.25,0.272727272727,0.3,0.285714285714
pM,45,2,R,pS,10,7,2,MACHINA (PhyloWGS),6,0.8,1.0,0.888888888889,0.777777777778,1.0,0.875,0.818181818182,0.9,0.857142857143
pM,45,7,R,pS,10,7,2,MACHINA (PhyloWGS),6,0.8,1.0,0.888888888889,0.222222222222,0.285714285714,0.25,0.272727272727,0.3,0.285714285714
pM,76,6,R,pS,10,8,2,MACHINA (PhyloWGS),4,0.428571428571,0.6,0.5,0.666666666667,0.75,0.705882352941,0.7,0.7,0.7
pM,76,3,R,pS,10,8,2,MACHINA (PhyloWGS),4,0.428571428571,0.6,0.5,0.666666666667,0.75,0.705882352941,0.7,0.7,0.7
pM,76,2,R,pS,10,8,2,MACHINA (PhyloWGS),4,0.428571428571,0.75,0.545454545455,0.666666666667,0.75,0.705882352941,0.7,0.7,0.7
pM,76,5,R,pS,10,8,2,MACHINA (PhyloWGS),4,0.428571428571,0.6,0.5,0.666666666667,0.75,0.705882352941,0.7,0.7,0.7
pM,76,4,R,pS,10,8,2,MACHINA (PhyloWGS),4,0.428571428571,0.6,0.5,0.666666666667,0.75,0.705882352941,0.7,0.7,0.7
pM,76,9,R,pS,10,8,2,MACHINA (PhyloWGS),4,0.428571428571,0.75,0.545454545455,0.666666666667,0.75,0.705882352941,0.7,0.7,0.7
pM,76,7,R,pS,10,8,2,MACHINA (PhyloWGS),4,0.428571428571,0.6,0.5,0.666666666667,0.75,0.705882352941,0.7,0.7,0.7
pM,76,8,R,pS,10,8,2,MACHINA (PhyloWGS),4,0.428571428571,0.6,0.5,0.666666666667,0.75,0.705882352941,0.7,0.7,0.7
pM,7,0,R,mM,8,8,3,MACHINA (PhyloWGS),5,0.75,1.0,0.857142857143,0.666666666667,0.75,0.705882352941,0.6,0.75,0.666666666667
pM,7,3,R,mM,8,8,3,MACHINA (PhyloWGS),5,0.75,1.0,0.857142857143,0.666666666667,0.75,0.705882352941,0.6,0.75,0.666666666667
pM,7,6,R,mM,8,8,3,MACHINA (PhyloWGS),5,0.75,1.0,0.857142857143,0.666666666667,0.75,0.705882352941,0.6,0.75,0.666666666667
pM,7,9,R,mM,8,8,3,MACHINA (PhyloWGS),5,0.75,1.0,0.857142857143,0.555555555556,0.625,0.588235294118,0.5,0.625,0.555555555556
pM,7,4,R,mM,8,8,3,MACHINA (PhyloWGS),5,0.75,1.0,0.857142857143,0.666666666667,0.75,0.705882352941,0.6,0.75,0.666666666667
pM,7,7,R,mM,8,8,3,MACHINA (PhyloWGS),5,0.75,1.0,0.857142857143,0.222222222222,0.25,0.235294117647,0.2,0.25,0.222222222222
pM,7,8,R,mM,8,8,3,MACHINA (PhyloWGS),5,0.75,1.0,0.857142857143,0.333333333333,0.375,0.352941176471,0.3,0.375,0.333333333333
pM,7,17,R,mM,8,8,3,MACHINA (PhyloWGS),5,0.75,1.0,0.857142857143,0.222222222222,0.25,0.235294117647,0.2,0.25,0.222222222222
pM,7,2,R,mM,8,8,3,MACHINA (PhyloWGS),5,0.75,1.0,0.857142857143,0.222222222222,0.25,0.235294117647,0.2,0.25,0.222222222222
pM,7,16,R,mM,8,8,3,MACHINA (PhyloWGS),5,0.75,1.0,0.857142857143,0.222222222222,0.25,0.235294117647,0.2,0.25,0.222222222222
pM,7,19,R,mM,8,8,3,MACHINA (PhyloWGS),5,0.75,1.0,0.857142857143,0.555555555556,0.625,0.588235294118,0.5,0.625,0.555555555556
pM,7,22,R,mM,8,8,3,MACHINA (PhyloWGS),5,0.75,1.0,0.857142857143,0.777777777778,0.875,0.823529411765,0.7,0.875,0.777777777778
pM,7,20,R,mM,8,8,3,MACHINA (PhyloWGS),5,0.75,1.0,0.857142857143,0.555555555556,0.625,0.588235294118,0.5,0.625,0.555555555556
pM,7,23,R,mM,8,8,3,MACHINA (PhyloWGS),5,0.75,1.0,0.857142857143,0.222222222222,0.25,0.235294117647,0.2,0.25,0.222222222222
pM,7,18,R,mM,8,8,3,MACHINA (PhyloWGS),5,0.75,1.0,0.857142857143,0.666666666667,0.75,0.705882352941,0.6,0.75,0.666666666667
pM,7,21,R,mM,8,8,3,MACHINA (PhyloWGS),5,0.75,1.0,0.857142857143,0.555555555556,0.625,0.588235294118,0.5,0.625,0.555555555556
mS,0,0,R,mPS,8,8,1,MACHINA (PhyloWGS),6,0.2,0.333333333333,0.25,1.0,1.0,1.0,1.0,1.0,1.0
mS,0,4,R,mPS,8,8,1,MACHINA (PhyloWGS),6,0.2,0.333333333333,0.25,1.0,1.0,1.0,1.0,1.0,1.0
mS,10,0,R,mS,7,7,2,MACHINA (PhyloWGS),3,0.75,1.0,0.857142857143,0.571428571429,0.571428571429,0.571428571429,0.571428571429,0.571428571429,0.571428571429
mS,12,106,R,mS,8,8,2,MACHINA (PhyloWGS),0,1.0,0.8,0.888888888889,1.0,1.0,1.0,1.0,1.0,1.0
mS,12,105,R,mS,8,8,2,MACHINA (PhyloWGS),0,1.0,0.666666666667,0.8,1.0,1.0,1.0,1.0,1.0,1.0
mS,12,86,R,mS,8,8,2,MACHINA (PhyloWGS),0,1.0,1.0,1.0,1.0,1.0,1.0,1.0,1.0,1.0
mS,12,97,R,mS,8,8,2,MACHINA (PhyloWGS),0,1.0,0.8,0.888888888889,1.0,1.0,1.0,1.0,1.0,1.0
mS,12,91,R,mS,8,8,2,MACHINA (PhyloWGS),0,1.0,0.8,0.888888888889,1.0,1.0,1.0,1.0,1.0,1.0
mS,12,89,R,mS,8,8,2,MACHINA (PhyloWGS),0,1.0,0.8,0.888888888889,1.0,1.0,1.0,1.0,1.0,1.0
mS,12,100,R,mS,8,8,2,MACHINA (PhyloWGS),2,1.0,0.8,0.888888888889,0.875,0.875,0.875,0.875,0.875,0.875
mS,12,101,R,mS,8,8,2,MACHINA (PhyloWGS),0,1.0,0.8,0.888888888889,1.0,1.0,1.0,1.0,1.0,1.0
mS,12,88,R,mS,8,8,2,MACHINA (PhyloWGS),2,1.0,1.0,1.0,0.75,0.75,0.75,0.75,0.75,0.75
mS,12,95,R,mS,8,8,2,MACHINA (PhyloWGS),0,1.0,0.8,0.888888888889,1.0,1.0,1.0,1.0,1.0,1.0
mS,12,98,R,mS,8,8,2,MACHINA (PhyloWGS),0,1.0,0.8,0.888888888889,1.0,1.0,1.0,1.0,1.0,1.0
mS,12,102,R,mS,8,8,2,MACHINA (PhyloWGS),2,1.0,0.8,0.888888888889,0.875,0.875,0.875,0.875,0.875,0.875
mS,12,92,R,mS,8,8,2,MACHINA (PhyloWGS),2,1.0,0.8,0.888888888889,0.875,0.875,0.875,0.875,0.875,0.875
mS,12,107,R,mS,8,8,2,MACHINA (PhyloWGS),0,1.0,0.666666666667,0.8,1.0,1.0,1.0,1.0,1.0,1.0
mS,12,93,R,mS,8,8,2,MACHINA (PhyloWGS),0,1.0,0.8,0.888888888889,1.0,1.0,1.0,1.0,1.0,1.0
mS,12,104,R,mS,8,8,2,MACHINA (PhyloWGS),0,1.0,0.666666666667,0.8,1.0,1.0,1.0,1.0,1.0,1.0
mS,12,87,R,mS,8,8,2,MACHINA (PhyloWGS),0,1.0,1.0,1.0,1.0,1.0,1.0,1.0,1.0,1.0
mS,12,90,R,mS,8,8,2,MACHINA (PhyloWGS),0,1.0,0.8,0.888888888889,1.0,1.0,1.0,1.0,1.0,1.0
mS,12,94,R,mS,8,8,2,MACHINA (PhyloWGS),0,1.0,0.666666666667,0.8,1.0,1.0,1.0,1.0,1.0,1.0
mS,12,84,R,mS,8,8,2,MACHINA (PhyloWGS),0,1.0,0.8,0.888888888889,1.0,1.0,1.0,1.0,1.0,1.0
mS,12,99,R,mS,8,8,2,MACHINA (PhyloWGS),0,1.0,1.0,1.0,1.0,1.0,1.0,1.0,1.0,1.0
mS,12,85,R,mS,8,8,2,MACHINA (PhyloWGS),0,1.0,0.8,0.888888888889,1.0,1.0,1.0,1.0,1.0,1.0
mS,12,96,R,mS,8,8,2,MACHINA (PhyloWGS),0,1.0,0.8,0.888888888889,1.0,1.0,1.0,1.0,1.0,1.0
mS,12,103,R,mS,8,8,2,MACHINA (PhyloWGS),0,1.0,0.8,0.888888888889,1.0,1.0,1.0,1.0,1.0,1.0
mS,2,1,R,mPS,8,8,1,MACHINA (PhyloWGS),5,1.0,0.666666666667,0.8,0.5,0.5,0.5,0.5,0.5,0.5
mS,3,3,R,mS,8,8,2,MACHINA (PhyloWGS),8,0.2,0.5,0.285714285714,0.25,0.25,0.25,0.25,0.25,0.25
mS,3,2,R,mS,8,8,2,MACHINA (PhyloWGS),8,0.2,0.5,0.285714285714,0.125,0.125,0.125,0.125,0.125,0.125
mS,3,1,R,mS,8,8,2,MACHINA (PhyloWGS),8,0.2,0.5,0.285714285714,0.0,0.0,0,0.0,0.0,0
mS,3,4,R,mS,8,8,2,MACHINA (PhyloWGS),8,0.2,0.333333333333,0.25,0.125,0.125,0.125,0.125,0.125,0.125
mS,3,6,R,mS,8,8,2,MACHINA (PhyloWGS),8,0.2,0.333333333333,0.25,0.125,0.125,0.125,0.125,0.125,0.125
mS,3,5,R,mS,8,8,2,MACHINA (PhyloWGS),8,0.2,0.5,0.285714285714,0.0,0.0,0,0.0,0.0,0
mS,3,0,R,mS,8,8,2,MACHINA (PhyloWGS),6,0.2,0.5,0.285714285714,0.75,0.75,0.75,0.75,0.75,0.75
mS,3,7,R,mS,8,8,2,MACHINA (PhyloWGS),8,0.2,0.5,0.285714285714,0.125,0.125,0.125,0.125,0.125,0.125
mS,4,3,R,mS,7,7,2,MACHINA (PhyloWGS),4,0.4,0.5,0.444444444444,0.714285714286,0.714285714286,0.714285714286,0.714285714286,0.714285714286,0.714285714286
mS,4,2,R,mS,7,7,2,MACHINA (PhyloWGS),4,0.2,0.2,0.2,0.857142857143,0.857142857143,0.857142857143,0.857142857143,0.857142857143,0.857142857143
mS,4,1,R,mS,7,7,2,MACHINA (PhyloWGS),4,0.2,0.25,0.222222222222,0.714285714286,0.714285714286,0.714285714286,0.714285714286,0.714285714286,0.714285714286
mS,4,4,R,mS,7,7,2,MACHINA (PhyloWGS),2,0.4,0.5,0.444444444444,1.0,1.0,1.0,1.0,1.0,1.0
mS,4,6,R,mS,7,7,2,MACHINA (PhyloWGS),2,0.4,0.5,0.444444444444,1.0,1.0,1.0,1.0,1.0,1.0
mS,4,5,R,mS,7,7,2,MACHINA (PhyloWGS),2,0.4,0.5,0.444444444444,1.0,1.0,1.0,1.0,1.0,1.0
mS,4,0,R,mS,7,7,2,MACHINA (PhyloWGS),4,0.2,0.25,0.222222222222,0.857142857143,0.857142857143,0.857142857143,0.857142857143,0.857142857143,0.857142857143
mS,4,7,R,mS,7,7,2,MACHINA (PhyloWGS),4,0.4,0.5,0.444444444444,0.857142857143,0.857142857143,0.857142857143,0.857142857143,0.857142857143,0.857142857143
mS,5,0,R,mPS,7,7,1,MACHINA (PhyloWGS),3,0.333333333333,0.5,0.4,1.0,1.0,1.0,1.0,1.0,1.0
mS,7,1,R,mPS,7,7,1,MACHINA (PhyloWGS),1,1.0,0.75,0.857142857143,1.0,1.0,1.0,1.0,1.0,1.0
mS,7,2,R,mPS,7,7,1,MACHINA (PhyloWGS),1,1.0,1.0,1.0,1.0,1.0,1.0,1.0,1.0,1.0
mS,7,0,R,mPS,7,7,1,MACHINA (PhyloWGS),1,1.0,1.0,1.0,1.0,1.0,1.0,1.0,1.0,1.0
mS,7,3,R,mPS,7,7,1,MACHINA (PhyloWGS),1,1.0,1.0,1.0,1.0,1.0,1.0,1.0,1.0,1.0
mS,8,0,R,pPS,9,8,1,MACHINA (PhyloWGS),3,0.75,0.5,0.6,1.0,1.0,1.0,1.0,0.888888888889,0.941176470588
mS,8,3,R,pPS,9,8,1,MACHINA (PhyloWGS),5,0.75,0.6,0.666666666667,1.0,1.0,1.0,1.0,0.888888888889,0.941176470588
mS,8,1,R,pPS,9,8,1,MACHINA (PhyloWGS),5,0.75,0.6,0.666666666667,1.0,1.0,1.0,1.0,0.888888888889,0.941176470588
mS,8,2,R,pPS,9,8,1,MACHINA (PhyloWGS),5,0.75,0.6,0.666666666667,1.0,1.0,1.0,1.0,0.888888888889,0.941176470588
mS,9,2,R,mS,8,8,2,MACHINA (PhyloWGS),5,0.666666666667,0.666666666667,0.666666666667,0.5,0.5,0.5,0.5,0.5,0.5
mS,9,1,R,mS,8,8,2,MACHINA (PhyloWGS),5,0.666666666667,0.666666666667,0.666666666667,0.375,0.375,0.375,0.375,0.375,0.375
mS,9,0,R,mS,8,8,2,MACHINA (PhyloWGS),3,0.666666666667,0.666666666667,0.666666666667,0.75,0.75,0.75,0.75,0.75,0.75
pR,10046,0,R,mM,8,8,2,MACHINA (PhyloWGS),6,0.666666666667,0.8,0.727272727273,0.625,0.625,0.625,0.454545454545,0.625,0.526315789474
pR,10046,3,R,mM,8,8,2,MACHINA (PhyloWGS),7,0.666666666667,0.8,0.727272727273,0.875,0.875,0.875,0.636363636364,0.875,0.736842105263
pR,10046,6,R,mM,8,8,2,MACHINA (PhyloWGS),6,0.666666666667,0.8,0.727272727273,0.625,0.625,0.625,0.454545454545,0.625,0.526315789474
pR,10046,4,R,mM,8,8,2,MACHINA (PhyloWGS),7,0.666666666667,0.8,0.727272727273,0.875,0.875,0.875,0.636363636364,0.875,0.736842105263
pR,10046,7,R,mM,8,8,2,MACHINA (PhyloWGS),7,0.666666666667,0.8,0.727272727273,0.75,0.75,0.75,0.545454545455,0.75,0.631578947368
pR,10046,2,R,mM,8,8,2,MACHINA (PhyloWGS),6,0.666666666667,0.8,0.727272727273,0.625,0.625,0.625,0.454545454545,0.625,0.526315789474
pR,10046,5,R,mM,8,8,2,MACHINA (PhyloWGS),6,0.666666666667,0.8,0.727272727273,0.625,0.625,0.625,0.454545454545,0.625,0.526315789474
pR,10046,1,R,mM,8,8,2,MACHINA (PhyloWGS),7,0.666666666667,0.8,0.727272727273,0.875,0.875,0.875,0.636363636364,0.875,0.736842105263
pR,10157,40,R,pPS,9,7,1,MACHINA (PhyloWGS),5,0.4,0.666666666667,0.5,0.25,0.285714285714,0.266666666667,0.333333333333,0.333333333333,0.333333333333
pR,10157,2,R,pPS,9,7,1,MACHINA (PhyloWGS),5,0.4,0.5,0.444444444444,0.25,0.285714285714,0.266666666667,0.333333333333,0.333333333333,0.333333333333
pR,10157,3,R,pPS,9,7,1,MACHINA (PhyloWGS),5,0.4,0.666666666667,0.5,0.25,0.285714285714,0.266666666667,0.333333333333,0.333333333333,0.333333333333
pR,10157,26,R,pPS,9,7,1,MACHINA (PhyloWGS),5,0.4,0.666666666667,0.5,0.25,0.285714285714,0.266666666667,0.333333333333,0.333333333333,0.333333333333
pR,10157,45,R,pPS,9,7,1,MACHINA (PhyloWGS),5,0.4,0.666666666667,0.5,0.25,0.285714285714,0.266666666667,0.333333333333,0.333333333333,0.333333333333
pR,10157,27,R,pPS,9,7,1,MACHINA (PhyloWGS),5,0.4,0.666666666667,0.5,0.25,0.285714285714,0.266666666667,0.333333333333,0.333333333333,0.333333333333
pR,10157,46,R,pPS,9,7,1,MACHINA (PhyloWGS),5,0.4,0.666666666667,0.5,0.25,0.285714285714,0.266666666667,0.333333333333,0.333333333333,0.333333333333
pR,10157,28,R,pPS,9,7,1,MACHINA (PhyloWGS),5,0.4,0.666666666667,0.5,0.25,0.285714285714,0.266666666667,0.333333333333,0.333333333333,0.333333333333
pR,10157,47,R,pPS,9,7,1,MACHINA (PhyloWGS),5,0.4,0.666666666667,0.5,0.25,0.285714285714,0.266666666667,0.333333333333,0.333333333333,0.333333333333
pR,10157,13,R,pPS,9,7,1,MACHINA (PhyloWGS),5,0.4,0.666666666667,0.5,0.25,0.285714285714,0.266666666667,0.333333333333,0.333333333333,0.333333333333
pR,10157,14,R,pPS,9,7,1,MACHINA (PhyloWGS),5,0.4,0.666666666667,0.5,0.25,0.285714285714,0.266666666667,0.333333333333,0.333333333333,0.333333333333
pR,10157,15,R,pPS,9,7,1,MACHINA (PhyloWGS),5,0.4,0.666666666667,0.5,0.25,0.285714285714,0.266666666667,0.333333333333,0.333333333333,0.333333333333
pR,10157,42,R,pPS,9,7,1,MACHINA (PhyloWGS),5,0.4,0.666666666667,0.5,0.25,0.285714285714,0.266666666667,0.333333333333,0.333333333333,0.333333333333
pR,10157,24,R,pPS,9,7,1,MACHINA (PhyloWGS),5,0.4,0.666666666667,0.5,0.25,0.285714285714,0.266666666667,0.333333333333,0.333333333333,0.333333333333
pR,10157,43,R,pPS,9,7,1,MACHINA (PhyloWGS),5,0.4,0.666666666667,0.5,0.25,0.285714285714,0.266666666667,0.333333333333,0.333333333333,0.333333333333
pR,10157,44,R,pPS,9,7,1,MACHINA (PhyloWGS),5,0.4,0.666666666667,0.5,0.25,0.285714285714,0.266666666667,0.333333333333,0.333333333333,0.333333333333
pR,10157,5,R,pPS,9,7,1,MACHINA (PhyloWGS),5,0.4,0.666666666667,0.5,0.25,0.285714285714,0.266666666667,0.333333333333,0.333333333333,0.333333333333
pR,10157,41,R,pPS,9,7,1,MACHINA (PhyloWGS),5,0.4,0.666666666667,0.5,0.25,0.285714285714,0.266666666667,0.333333333333,0.333333333333,0.333333333333
pR,10157,7,R,pPS,9,7,1,MACHINA (PhyloWGS),5,0.4,0.666666666667,0.5,0.25,0.285714285714,0.266666666667,0.333333333333,0.333333333333,0.333333333333
pR,10157,29,R,pPS,9,7,1,MACHINA (PhyloWGS),5,0.4,0.666666666667,0.5,0.25,0.285714285714,0.266666666667,0.333333333333,0.333333333333,0.333333333333
pR,10157,30,R,pPS,9,7,1,MACHINA (PhyloWGS),5,0.4,0.666666666667,0.5,0.25,0.285714285714,0.266666666667,0.333333333333,0.333333333333,0.333333333333
pR,10157,12,R,pPS,9,7,1,MACHINA (PhyloWGS),5,0.4,0.666666666667,0.5,0.25,0.285714285714,0.266666666667,0.333333333333,0.333333333333,0.333333333333
pR,10157,31,R,pPS,9,7,1,MACHINA (PhyloWGS),5,0.4,0.666666666667,0.5,0.25,0.285714285714,0.266666666667,0.333333333333,0.333333333333,0.333333333333
pR,10157,25,R,pPS,9,7,1,MACHINA (PhyloWGS),5,0.4,0.666666666667,0.5,0.25,0.285714285714,0.266666666667,0.333333333333,0.333333333333,0.333333333333
pR,1070,18,R,mPS,7,7,1,MACHINA (PhyloWGS),8,0.166666666667,0.25,0.2,0.375,0.428571428571,0.4,0.333333333333,0.428571428571,0.375
pR,1070,21,R,mPS,7,7,1,MACHINA (PhyloWGS),8,0.166666666667,0.333333333333,0.222222222222,0.375,0.428571428571,0.4,0.333333333333,0.428571428571,0.375
pR,1070,19,R,mPS,7,7,1,MACHINA (PhyloWGS),8,0.333333333333,0.4,0.363636363636,0.375,0.428571428571,0.4,0.333333333333,0.428571428571,0.375
pR,1070,20,R,mPS,7,7,1,MACHINA (PhyloWGS),8,0.166666666667,0.25,0.2,0.375,0.428571428571,0.4,0.333333333333,0.428571428571,0.375
pR,157,8,R,pPS,11,10,1,MACHINA (PhyloWGS),4,0.666666666667,0.8,0.727272727273,0.272727272727,0.3,0.285714285714,0.25,0.272727272727,0.260869565217
pR,157,14,R,pPS,11,10,1,MACHINA (PhyloWGS),4,0.666666666667,1.0,0.8,0.272727272727,0.3,0.285714285714,0.25,0.272727272727,0.260869565217
pR,157,17,R,pPS,11,10,1,MACHINA (PhyloWGS),4,0.666666666667,1.0,0.8,0.272727272727,0.3,0.285714285714,0.25,0.272727272727,0.260869565217
pR,157,15,R,pPS,11,10,1,MACHINA (PhyloWGS),4,0.5,0.6,0.545454545455,0.272727272727,0.3,0.285714285714,0.25,0.272727272727,0.260869565217
pR,157,6,R,pPS,11,10,1,MACHINA (PhyloWGS),4,0.5,0.6,0.545454545455,0.272727272727,0.3,0.285714285714,0.25,0.272727272727,0.260869565217
pR,157,9,R,pPS,11,10,1,MACHINA (PhyloWGS),4,0.666666666667,0.8,0.727272727273,0.272727272727,0.3,0.285714285714,0.25,0.272727272727,0.260869565217
pR,157,7,R,pPS,11,10,1,MACHINA (PhyloWGS),4,0.5,0.6,0.545454545455,0.272727272727,0.3,0.285714285714,0.25,0.272727272727,0.260869565217
pR,157,10,R,pPS,11,10,1,MACHINA (PhyloWGS),4,0.666666666667,1.0,0.8,0.272727272727,0.3,0.285714285714,0.25,0.272727272727,0.260869565217
pR,157,11,R,pPS,11,10,1,MACHINA (PhyloWGS),4,0.5,0.75,0.6,0.272727272727,0.3,0.285714285714,0.25,0.272727272727,0.260869565217
pR,157,12,R,pPS,11,10,1,MACHINA (PhyloWGS),4,0.666666666667,0.8,0.727272727273,0.272727272727,0.3,0.285714285714,0.25,0.272727272727,0.260869565217
pR,157,16,R,pPS,11,10,1,MACHINA (PhyloWGS),4,0.666666666667,0.8,0.727272727273,0.272727272727,0.3,0.285714285714,0.25,0.272727272727,0.260869565217
pR,157,13,R,pPS,11,10,1,MACHINA (PhyloWGS),4,0.5,0.75,0.6,0.272727272727,0.3,0.285714285714,0.25,0.272727272727,0.260869565217
pR,30342,0,R,pPS,8,7,1,MACHINA (PhyloWGS),4,0.666666666667,0.5,0.571428571429,0.75,0.857142857143,0.8,0.7,0.875,0.777777777778
pR,30342,1,R,pPS,8,7,1,MACHINA (PhyloWGS),4,0.666666666667,1.0,0.8,0.75,0.857142857143,0.8,0.7,0.875,0.777777777778
pR,383,38,R,pM,9,8,2,MACHINA (PhyloWGS),8,0.75,1.0,0.857142857143,0.555555555556,0.625,0.588235294118,0.5,0.555555555556,0.526315789474
pR,383,28,R,pM,9,8,2,MACHINA (PhyloWGS),8,0.75,1.0,0.857142857143,0.555555555556,0.625,0.588235294118,0.5,0.555555555556,0.526315789474
pR,383,17,R,pM,9,8,2,MACHINA (PhyloWGS),8,0.75,1.0,0.857142857143,0.555555555556,0.625,0.588235294118,0.5,0.555555555556,0.526315789474
pR,383,26,R,pM,9,8,2,MACHINA (PhyloWGS),8,0.75,1.0,0.857142857143,0.555555555556,0.625,0.588235294118,0.5,0.555555555556,0.526315789474
pR,383,23,R,pM,9,8,2,MACHINA (PhyloWGS),8,0.75,1.0,0.857142857143,0.555555555556,0.625,0.588235294118,0.5,0.555555555556,0.526315789474
pR,383,35,R,pM,9,8,2,MACHINA (PhyloWGS),8,0.75,1.0,0.857142857143,0.555555555556,0.625,0.588235294118,0.5,0.555555555556,0.526315789474
pR,383,16,R,pM,9,8,2,MACHINA (PhyloWGS),8,0.75,1.0,0.857142857143,0.555555555556,0.625,0.588235294118,0.5,0.555555555556,0.526315789474
pR,383,21,R,pM,9,8,2,MACHINA (PhyloWGS),8,0.75,1.0,0.857142857143,0.555555555556,0.625,0.588235294118,0.5,0.555555555556,0.526315789474
pR,383,2,R,pM,9,8,2,MACHINA (PhyloWGS),8,0.75,1.0,0.857142857143,0.555555555556,0.625,0.588235294118,0.5,0.555555555556,0.526315789474
pR,383,30,R,pM,9,8,2,MACHINA (PhyloWGS),8,0.75,1.0,0.857142857143,0.555555555556,0.625,0.588235294118,0.5,0.555555555556,0.526315789474
pR,383,11,R,pM,9,8,2,MACHINA (PhyloWGS),8,0.75,1.0,0.857142857143,0.555555555556,0.625,0.588235294118,0.5,0.555555555556,0.526315789474
pR,383,20,R,pM,9,8,2,MACHINA (PhyloWGS),8,0.75,1.0,0.857142857143,0.555555555556,0.625,0.588235294118,0.5,0.555555555556,0.526315789474
pR,383,6,R,pM,9,8,2,MACHINA (PhyloWGS),8,0.75,1.0,0.857142857143,0.555555555556,0.625,0.588235294118,0.5,0.555555555556,0.526315789474
pR,383,15,R,pM,9,8,2,MACHINA (PhyloWGS),8,0.75,1.0,0.857142857143,0.555555555556,0.625,0.588235294118,0.5,0.555555555556,0.526315789474
pR,383,8,R,pM,9,8,2,MACHINA (PhyloWGS),8,0.75,1.0,0.857142857143,0.555555555556,0.625,0.588235294118,0.5,0.555555555556,0.526315789474
pR,383,3,R,pM,9,8,2,MACHINA (PhyloWGS),8,0.75,1.0,0.857142857143,0.555555555556,0.625,0.588235294118,0.5,0.555555555556,0.526315789474
pR,383,33,R,pM,9,8,2,MACHINA (PhyloWGS),8,0.75,1.0,0.857142857143,0.555555555556,0.625,0.588235294118,0.5,0.555555555556,0.526315789474
pR,383,39,R,pM,9,8,2,MACHINA (PhyloWGS),8,0.75,1.0,0.857142857143,0.555555555556,0.625,0.588235294118,0.5,0.555555555556,0.526315789474
pR,383,32,R,pM,9,8,2,MACHINA (PhyloWGS),8,0.75,1.0,0.857142857143,0.555555555556,0.625,0.588235294118,0.5,0.555555555556,0.526315789474
pR,383,37,R,pM,9,8,2,MACHINA (PhyloWGS),8,0.75,1.0,0.857142857143,0.555555555556,0.625,0.588235294118,0.5,0.555555555556,0.526315789474
pR,383,18,R,pM,9,8,2,MACHINA (PhyloWGS),8,0.75,1.0,0.857142857143,0.555555555556,0.625,0.588235294118,0.5,0.555555555556,0.526315789474
pR,383,27,R,pM,9,8,2,MACHINA (PhyloWGS),8,0.75,1.0,0.857142857143,0.555555555556,0.625,0.588235294118,0.5,0.555555555556,0.526315789474
pR,383,13,R,pM,9,8,2,MACHINA (PhyloWGS),8,0.75,1.0,0.857142857143,0.555555555556,0.625,0.588235294118,0.5,0.555555555556,0.526315789474
pR,383,36,R,pM,9,8,2,MACHINA (PhyloWGS),8,0.75,1.0,0.857142857143,0.555555555556,0.625,0.588235294118,0.5,0.555555555556,0.526315789474
pR,383,25,R,pM,9,8,2,MACHINA (PhyloWGS),8,0.75,1.0,0.857142857143,0.555555555556,0.625,0.588235294118,0.5,0.555555555556,0.526315789474
pR,383,22,R,pM,9,8,2,MACHINA (PhyloWGS),8,0.75,1.0,0.857142857143,0.555555555556,0.625,0.588235294118,0.5,0.555555555556,0.526315789474
pR,383,31,R,pM,9,8,2,MACHINA (PhyloWGS),8,0.75,1.0,0.857142857143,0.555555555556,0.625,0.588235294118,0.5,0.555555555556,0.526315789474
pR,383,12,R,pM,9,8,2,MACHINA (PhyloWGS),8,0.75,1.0,0.857142857143,0.555555555556,0.625,0.588235294118,0.5,0.555555555556,0.526315789474
pR,383,1,R,pM,9,8,2,MACHINA (PhyloWGS),8,0.75,1.0,0.857142857143,0.555555555556,0.625,0.588235294118,0.5,0.555555555556,0.526315789474
pR,383,24,R,pM,9,8,2,MACHINA (PhyloWGS),8,0.75,1.0,0.857142857143,0.555555555556,0.625,0.588235294118,0.5,0.555555555556,0.526315789474
pR,383,10,R,pM,9,8,2,MACHINA (PhyloWGS),8,0.75,1.0,0.857142857143,0.555555555556,0.625,0.588235294118,0.5,0.555555555556,0.526315789474
pR,383,7,R,pM,9,8,2,MACHINA (PhyloWGS),8,0.75,1.0,0.857142857143,0.555555555556,0.625,0.588235294118,0.5,0.555555555556,0.526315789474
pR,383,9,R,pM,9,8,2,MACHINA (PhyloWGS),8,0.75,1.0,0.857142857143,0.555555555556,0.625,0.588235294118,0.5,0.555555555556,0.526315789474
pR,383,19,R,pM,9,8,2,MACHINA (PhyloWGS),8,0.75,1.0,0.857142857143,0.555555555556,0.625,0.588235294118,0.5,0.555555555556,0.526315789474
pR,383,0,R,pM,9,8,2,MACHINA (PhyloWGS),8,0.75,0.857142857143,0.8,0.555555555556,0.625,0.588235294118,0.5,0.555555555556,0.526315789474
pR,383,5,R,pM,9,8,2,MACHINA (PhyloWGS),8,0.75,1.0,0.857142857143,0.555555555556,0.625,0.588235294118,0.5,0.555555555556,0.526315789474
pR,383,14,R,pM,9,8,2,MACHINA (PhyloWGS),8,0.75,1.0,0.857142857143,0.555555555556,0.625,0.588235294118,0.5,0.555555555556,0.526315789474
pR,383,4,R,pM,9,8,2,MACHINA (PhyloWGS),8,0.75,1.0,0.857142857143,0.555555555556,0.625,0.588235294118,0.5,0.555555555556,0.526315789474
pR,383,34,R,pM,9,8,2,MACHINA (PhyloWGS),8,0.75,1.0,0.857142857143,0.555555555556,0.625,0.588235294118,0.5,0.555555555556,0.526315789474
pR,383,29,R,pM,9,8,2,MACHINA (PhyloWGS),8,0.75,1.0,0.857142857143,0.555555555556,0.625,0.588235294118,0.5,0.555555555556,0.526315789474
pR,394,3,R,pS,9,8,2,MACHINA (PhyloWGS),5,0.6,0.6,0.6,0.555555555556,0.625,0.588235294118,0.6,0.666666666667,0.631578947368
pR,394,1,R,pS,9,8,2,MACHINA (PhyloWGS),5,0.6,0.6,0.6,0.555555555556,0.625,0.588235294118,0.6,0.666666666667,0.631578947368
pR,394,2,R,pS,9,8,2,MACHINA (PhyloWGS),5,0.6,0.6,0.6,0.666666666667,0.75,0.705882352941,0.7,0.777777777778,0.736842105263
pR,394,0,R,pS,9,8,2,MACHINA (PhyloWGS),5,0.6,0.5,0.545454545455,0.555555555556,0.625,0.588235294118,0.6,0.666666666667,0.631578947368
pR,905,8,R,pPS,9,7,1,MACHINA (PhyloWGS),1,0.666666666667,0.571428571429,0.615384615385,0.375,0.428571428571,0.4,0.444444444444,0.444444444444,0.444444444444
pR,905,9,R,pPS,9,7,1,MACHINA (PhyloWGS),1,0.666666666667,0.571428571429,0.615384615385,0.375,0.428571428571,0.4,0.444444444444,0.444444444444,0.444444444444
pR,905,7,R,pPS,9,7,1,MACHINA (PhyloWGS),1,0.666666666667,0.571428571429,0.615384615385,0.375,0.428571428571,0.4,0.444444444444,0.444444444444,0.444444444444
pR,905,1,R,pPS,9,7,1,MACHINA (PhyloWGS),1,0.666666666667,0.5,0.571428571429,0.375,0.428571428571,0.4,0.444444444444,0.444444444444,0.444444444444
pR,905,2,R,pPS,9,7,1,MACHINA (PhyloWGS),1,0.666666666667,0.571428571429,0.615384615385,0.375,0.428571428571,0.4,0.444444444444,0.444444444444,0.444444444444
pR,905,3,R,pPS,9,7,1,MACHINA (PhyloWGS),1,0.666666666667,0.666666666667,0.666666666667,0.375,0.428571428571,0.4,0.444444444444,0.444444444444,0.444444444444
pR,981,40,R,pPS,9,8,1,MACHINA (PhyloWGS),9,0.125,0.166666666667,0.142857142857,0.4,0.5,0.444444444444,0.333333333333,0.444444444444,0.380952380952
pR,981,1,R,pPS,9,8,1,MACHINA (PhyloWGS),9,0.125,0.25,0.166666666667,0.4,0.5,0.444444444444,0.333333333333,0.444444444444,0.380952380952
pR,981,2,R,pPS,9,8,1,MACHINA (PhyloWGS),9,0.125,0.166666666667,0.142857142857,0.4,0.5,0.444444444444,0.333333333333,0.444444444444,0.380952380952
pR,981,3,R,pPS,9,8,1,MACHINA (PhyloWGS),9,0.125,0.25,0.166666666667,0.4,0.5,0.444444444444,0.333333333333,0.444444444444,0.380952380952
pR,981,22,R,pPS,9,8,1,MACHINA (PhyloWGS),9,0.125,0.166666666667,0.142857142857,0.4,0.5,0.444444444444,0.333333333333,0.444444444444,0.380952380952
pR,981,4,R,pPS,9,8,1,MACHINA (PhyloWGS),9,0.125,0.166666666667,0.142857142857,0.4,0.5,0.444444444444,0.333333333333,0.444444444444,0.380952380952
pR,981,23,R,pPS,9,8,1,MACHINA (PhyloWGS),9,0.125,0.25,0.166666666667,0.4,0.5,0.444444444444,0.333333333333,0.444444444444,0.380952380952
pR,981,45,R,pPS,9,8,1,MACHINA (PhyloWGS),9,0.125,0.166666666667,0.142857142857,0.4,0.5,0.444444444444,0.333333333333,0.444444444444,0.380952380952
pR,981,46,R,pPS,9,8,1,MACHINA (PhyloWGS),9,0.125,0.166666666667,0.142857142857,0.4,0.5,0.444444444444,0.333333333333,0.444444444444,0.380952380952
pR,981,49,R,pPS,9,8,1,MACHINA (PhyloWGS),9,0.125,0.166666666667,0.142857142857,0.4,0.5,0.444444444444,0.333333333333,0.444444444444,0.380952380952
pR,981,47,R,pPS,9,8,1,MACHINA (PhyloWGS),9,0.125,0.2,0.153846153846,0.4,0.5,0.444444444444,0.333333333333,0.444444444444,0.380952380952
pR,981,50,R,pPS,9,8,1,MACHINA (PhyloWGS),9,0.125,0.166666666667,0.142857142857,0.4,0.5,0.444444444444,0.333333333333,0.444444444444,0.380952380952
pR,981,32,R,pPS,9,8,1,MACHINA (PhyloWGS),9,0.125,0.166666666667,0.142857142857,0.4,0.5,0.444444444444,0.333333333333,0.444444444444,0.380952380952
pR,981,51,R,pPS,9,8,1,MACHINA (PhyloWGS),9,0.125,0.166666666667,0.142857142857,0.4,0.5,0.444444444444,0.333333333333,0.444444444444,0.380952380952
pR,981,52,R,pPS,9,8,1,MACHINA (PhyloWGS),9,0.125,0.166666666667,0.142857142857,0.4,0.5,0.444444444444,0.333333333333,0.444444444444,0.380952380952
pR,981,17,R,pPS,9,8,1,MACHINA (PhyloWGS),9,0.125,0.166666666667,0.142857142857,0.4,0.5,0.444444444444,0.333333333333,0.444444444444,0.380952380952
pR,981,15,R,pPS,9,8,1,MACHINA (PhyloWGS),9,0.125,0.25,0.166666666667,0.4,0.5,0.444444444444,0.333333333333,0.444444444444,0.380952380952
pR,981,37,R,pPS,9,8,1,MACHINA (PhyloWGS),9,0.125,0.142857142857,0.133333333333,0.4,0.5,0.444444444444,0.333333333333,0.444444444444,0.380952380952
pR,981,0,R,pPS,9,8,1,MACHINA (PhyloWGS),9,0.125,0.166666666667,0.142857142857,0.4,0.5,0.444444444444,0.333333333333,0.444444444444,0.380952380952
pR,981,38,R,pPS,9,8,1,MACHINA (PhyloWGS),9,0.125,0.2,0.153846153846,0.4,0.5,0.444444444444,0.333333333333,0.444444444444,0.380952380952
pR,981,39,R,pPS,9,8,1,MACHINA (PhyloWGS),9,0.125,0.166666666667,0.142857142857,0.4,0.5,0.444444444444,0.333333333333,0.444444444444,0.380952380952
pR,981,42,R,pPS,9,8,1,MACHINA (PhyloWGS),9,0.125,0.166666666667,0.142857142857,0.4,0.5,0.444444444444,0.333333333333,0.444444444444,0.380952380952
pR,981,24,R,pPS,9,8,1,MACHINA (PhyloWGS),9,0.125,0.25,0.166666666667,0.4,0.5,0.444444444444,0.333333333333,0.444444444444,0.380952380952
pR,981,43,R,pPS,9,8,1,MACHINA (PhyloWGS),9,0.125,0.166666666667,0.142857142857,0.4,0.5,0.444444444444,0.333333333333,0.444444444444,0.380952380952
pR,981,44,R,pPS,9,8,1,MACHINA (PhyloWGS),9,0.125,0.166666666667,0.142857142857,0.4,0.5,0.444444444444,0.333333333333,0.444444444444,0.380952380952
pR,981,48,R,pPS,9,8,1,MACHINA (PhyloWGS),9,0.125,0.166666666667,0.142857142857,0.4,0.5,0.444444444444,0.333333333333,0.444444444444,0.380952380952
pR,981,41,R,pPS,9,8,1,MACHINA (PhyloWGS),9,0.125,0.166666666667,0.142857142857,0.4,0.5,0.444444444444,0.333333333333,0.444444444444,0.380952380952
pR,981,30,R,pPS,9,8,1,MACHINA (PhyloWGS),9,0.125,0.142857142857,0.133333333333,0.4,0.5,0.444444444444,0.333333333333,0.444444444444,0.380952380952
pR,981,33,R,pPS,9,8,1,MACHINA (PhyloWGS),9,0.125,0.25,0.166666666667,0.4,0.5,0.444444444444,0.333333333333,0.444444444444,0.380952380952
pR,981,31,R,pPS,9,8,1,MACHINA (PhyloWGS),9,0.125,0.25,0.166666666667,0.4,0.5,0.444444444444,0.333333333333,0.444444444444,0.380952380952
pR,981,34,R,pPS,9,8,1,MACHINA (PhyloWGS),9,0.125,0.2,0.153846153846,0.4,0.5,0.444444444444,0.333333333333,0.444444444444,0.380952380952
pR,981,35,R,pPS,9,8,1,MACHINA (PhyloWGS),9,0.125,0.2,0.153846153846,0.4,0.5,0.444444444444,0.333333333333,0.444444444444,0.380952380952
pR,981,36,R,pPS,9,8,1,MACHINA (PhyloWGS),9,0.125,0.2,0.153846153846,0.4,0.5,0.444444444444,0.333333333333,0.444444444444,0.380952380952
pR,9,21,R,pS,10,7,2,MACHINA (PhyloWGS),3,0.333333333333,0.4,0.363636363636,0.375,0.428571428571,0.4,0.333333333333,0.3,0.315789473684
pR,9,25,R,pS,10,7,2,MACHINA (PhyloWGS),3,0.333333333333,0.333333333333,0.333333333333,0.625,0.714285714286,0.666666666667,0.666666666667,0.6,0.631578947368
pR,9,55,R,pS,10,7,2,MACHINA (PhyloWGS),3,0.333333333333,0.4,0.363636363636,0.375,0.428571428571,0.4,0.333333333333,0.3,0.315789473684
pR,9,23,R,pS,10,7,2,MACHINA (PhyloWGS),3,0.333333333333,0.4,0.363636363636,0.375,0.428571428571,0.4,0.333333333333,0.3,0.315789473684
pR,9,24,R,pS,10,7,2,MACHINA (PhyloWGS),3,0.333333333333,0.4,0.363636363636,0.375,0.428571428571,0.4,0.333333333333,0.3,0.315789473684
pR,9,59,R,pS,10,7,2,MACHINA (PhyloWGS),5,0.333333333333,0.4,0.363636363636,0.25,0.285714285714,0.266666666667,0.222222222222,0.2,0.210526315789
pR,9,30,R,pS,10,7,2,MACHINA (PhyloWGS),3,0.333333333333,0.4,0.363636363636,0.625,0.714285714286,0.666666666667,0.666666666667,0.6,0.631578947368
pR,9,27,R,pS,10,7,2,MACHINA (PhyloWGS),3,0.333333333333,0.5,0.4,0.375,0.428571428571,0.4,0.333333333333,0.3,0.315789473684
pR,9,56,R,pS,10,7,2,MACHINA (PhyloWGS),3,0.333333333333,0.333333333333,0.333333333333,0.625,0.714285714286,0.666666666667,0.666666666667,0.6,0.631578947368
pR,9,22,R,pS,10,7,2,MACHINA (PhyloWGS),5,0.333333333333,0.4,0.363636363636,0.375,0.428571428571,0.4,0.444444444444,0.4,0.421052631579
pR,9,26,R,pS,10,7,2,MACHINA (PhyloWGS),3,0.333333333333,0.4,0.363636363636,0.375,0.428571428571,0.4,0.333333333333,0.3,0.315789473684
pR,9,58,R,pS,10,7,2,MACHINA (PhyloWGS),3,0.333333333333,0.4,0.363636363636,0.375,0.428571428571,0.4,0.333333333333,0.3,0.315789473684
pR,9,29,R,pS,10,7,2,MACHINA (PhyloWGS),3,0.333333333333,0.5,0.4,0.625,0.714285714286,0.666666666667,0.666666666667,0.6,0.631578947368
pR,9,57,R,pS,10,7,2,MACHINA (PhyloWGS),3,0.333333333333,0.333333333333,0.333333333333,0.625,0.714285714286,0.666666666667,0.666666666667,0.6,0.631578947368
pR,9,28,R,pS,10,7,2,MACHINA (PhyloWGS),3,0.333333333333,0.4,0.363636363636,0.375,0.428571428571,0.4,0.333333333333,0.3,0.315789473684
pR,9,54,R,pS,10,7,2,MACHINA (PhyloWGS),3,0.333333333333,0.4,0.363636363636,0.625,0.714285714286,0.666666666667,0.666666666667,0.6,0.631578947368
pR,9,31,R,pS,10,7,2,MACHINA (PhyloWGS),3,0.333333333333,0.4,0.363636363636,0.375,0.428571428571,0.4,0.333333333333,0.3,0.315789473684
pR,9,32,R,pS,10,7,2,MACHINA (PhyloWGS),5,0.333333333333,0.4,0.363636363636,0.5,0.571428571429,0.533333333333,0.555555555556,0.5,0.526315789474
pS,0,38,R,pM,12,10,2,MACHINA (PhyloWGS),10,0.444444444444,0.8,0.571428571429,0.555555555556,0.5,0.526315789474,0.5,0.5,0.5
pS,0,47,R,pM,12,10,2,MACHINA (PhyloWGS),10,0.444444444444,0.666666666667,0.533333333333,0.555555555556,0.5,0.526315789474,0.5,0.5,0.5
pS,0,28,R,pM,12,10,2,MACHINA (PhyloWGS),10,0.444444444444,0.8,0.571428571429,0.444444444444,0.4,0.421052631579,0.416666666667,0.416666666667,0.416666666667
pS,0,17,R,pM,12,10,2,MACHINA (PhyloWGS),8,0.444444444444,0.571428571429,0.5,0.666666666667,0.6,0.631578947368,0.583333333333,0.583333333333,0.583333333333
pS,0,40,R,pM,12,10,2,MACHINA (PhyloWGS),8,0.444444444444,0.571428571429,0.5,0.666666666667,0.6,0.631578947368,0.583333333333,0.583333333333,0.583333333333
pS,0,26,R,pM,12,10,2,MACHINA (PhyloWGS),8,0.444444444444,0.8,0.571428571429,0.666666666667,0.6,0.631578947368,0.583333333333,0.583333333333,0.583333333333
pS,0,23,R,pM,12,10,2,MACHINA (PhyloWGS),8,0.444444444444,0.8,0.571428571429,0.666666666667,0.6,0.631578947368,0.583333333333,0.583333333333,0.583333333333
pS,0,35,R,pM,12,10,2,MACHINA (PhyloWGS),8,0.444444444444,0.666666666667,0.533333333333,0.666666666667,0.6,0.631578947368,0.583333333333,0.583333333333,0.583333333333
pS,0,16,R,pM,12,10,2,MACHINA (PhyloWGS),8,0.444444444444,0.571428571429,0.5,0.666666666667,0.6,0.631578947368,0.583333333333,0.583333333333,0.583333333333
pS,0,21,R,pM,12,10,2,MACHINA (PhyloWGS),8,0.444444444444,0.5,0.470588235294,0.666666666667,0.6,0.631578947368,0.583333333333,0.583333333333,0.583333333333
pS,0,30,R,pM,12,10,2,MACHINA (PhyloWGS),8,0.444444444444,0.8,0.571428571429,0.666666666667,0.6,0.631578947368,0.583333333333,0.583333333333,0.583333333333
pS,0,20,R,pM,12,10,2,MACHINA (PhyloWGS),8,0.444444444444,0.8,0.571428571429,0.666666666667,0.6,0.631578947368,0.583333333333,0.583333333333,0.583333333333
pS,0,15,R,pM,12,10,2,MACHINA (PhyloWGS),10,0.444444444444,0.5,0.470588235294,0.555555555556,0.5,0.526315789474,0.5,0.5,0.5
pS,0,45,R,pM,12,10,2,MACHINA (PhyloWGS),10,0.444444444444,0.8,0.571428571429,0.555555555556,0.5,0.526315789474,0.5,0.5,0.5
pS,0,44,R,pM,12,10,2,MACHINA (PhyloWGS),8,0.444444444444,0.8,0.571428571429,0.666666666667,0.6,0.631578947368,0.583333333333,0.583333333333,0.583333333333
pS,0,33,R,pM,12,10,2,MACHINA (PhyloWGS),8,0.444444444444,0.666666666667,0.533333333333,0.666666666667,0.6,0.631578947368,0.583333333333,0.583333333333,0.583333333333
pS,0,42,R,pM,12,10,2,MACHINA (PhyloWGS),10,0.444444444444,0.666666666667,0.533333333333,0.444444444444,0.4,0.421052631579,0.416666666667,0.416666666667,0.416666666667
pS,0,39,R,pM,12,10,2,MACHINA (PhyloWGS),8,0.444444444444,0.8,0.571428571429,0.666666666667,0.6,0.631578947368,0.583333333333,0.583333333333,0.583333333333
pS,0,41,R,pM,12,10,2,MACHINA (PhyloWGS),8,0.444444444444,0.571428571429,0.5,0.666666666667,0.6,0.631578947368,0.583333333333,0.583333333333,0.583333333333
pS,0,32,R,pM,12,10,2,MACHINA (PhyloWGS),8,0.444444444444,0.666666666667,0.533333333333,0.666666666667,0.6,0.631578947368,0.583333333333,0.583333333333,0.583333333333
pS,0,37,R,pM,12,10,2,MACHINA (PhyloWGS),10,0.444444444444,0.666666666667,0.533333333333,0.555555555556,0.5,0.526315789474,0.5,0.5,0.5
pS,0,18,R,pM,12,10,2,MACHINA (PhyloWGS),8,0.444444444444,0.571428571429,0.5,0.666666666667,0.6,0.631578947368,0.583333333333,0.583333333333,0.583333333333
pS,0,46,R,pM,12,10,2,MACHINA (PhyloWGS),10,0.444444444444,0.666666666667,0.533333333333,0.444444444444,0.4,0.421052631579,0.416666666667,0.416666666667,0.416666666667
pS,0,27,R,pM,12,10,2,MACHINA (PhyloWGS),8,0.444444444444,0.666666666667,0.533333333333,0.666666666667,0.6,0.631578947368,0.583333333333,0.583333333333,0.583333333333
pS,0,13,R,pM,12,10,2,MACHINA (PhyloWGS),8,0.444444444444,0.666666666667,0.533333333333,0.666666666667,0.6,0.631578947368,0.583333333333,0.583333333333,0.583333333333
pS,0,36,R,pM,12,10,2,MACHINA (PhyloWGS),8,0.444444444444,0.666666666667,0.533333333333,0.666666666667,0.6,0.631578947368,0.583333333333,0.583333333333,0.583333333333
pS,0,25,R,pM,12,10,2,MACHINA (PhyloWGS),8,0.444444444444,0.8,0.571428571429,0.666666666667,0.6,0.631578947368,0.583333333333,0.583333333333,0.583333333333
pS,0,22,R,pM,12,10,2,MACHINA (PhyloWGS),8,0.444444444444,0.571428571429,0.5,0.666666666667,0.6,0.631578947368,0.583333333333,0.583333333333,0.583333333333
pS,0,31,R,pM,12,10,2,MACHINA (PhyloWGS),10,0.444444444444,0.666666666667,0.533333333333,0.555555555556,0.5,0.526315789474,0.5,0.5,0.5
pS,0,12,R,pM,12,10,2,MACHINA (PhyloWGS),8,0.444444444444,0.571428571429,0.5,0.666666666667,0.6,0.631578947368,0.583333333333,0.583333333333,0.583333333333
pS,0,24,R,pM,12,10,2,MACHINA (PhyloWGS),8,0.444444444444,0.666666666667,0.533333333333,0.666666666667,0.6,0.631578947368,0.583333333333,0.583333333333,0.583333333333
pS,0,19,R,pM,12,10,2,MACHINA (PhyloWGS),8,0.444444444444,0.666666666667,0.533333333333,0.666666666667,0.6,0.631578947368,0.583333333333,0.583333333333,0.583333333333
pS,0,14,R,pM,12,10,2,MACHINA (PhyloWGS),10,0.444444444444,0.571428571429,0.5,0.555555555556,0.5,0.526315789474,0.5,0.5,0.5
pS,0,34,R,pM,12,10,2,MACHINA (PhyloWGS),8,0.444444444444,0.8,0.571428571429,0.666666666667,0.6,0.631578947368,0.583333333333,0.583333333333,0.583333333333
pS,0,43,R,pM,12,10,2,MACHINA (PhyloWGS),8,0.444444444444,0.666666666667,0.533333333333,0.666666666667,0.6,0.631578947368,0.583333333333,0.583333333333,0.583333333333
pS,0,29,R,pM,12,10,2,MACHINA (PhyloWGS),8,0.444444444444,0.8,0.571428571429,0.666666666667,0.6,0.631578947368,0.583333333333,0.583333333333,0.583333333333
pS,12,1,R,mPS,7,7,1,MACHINA (PhyloWGS),4,0.666666666667,0.5,0.571428571429,1.0,1.0,1.0,0.875,1.0,0.933333333333
pS,23,6,R,pS,9,7,2,MACHINA (PhyloWGS),3,0.5,0.4,0.444444444444,1.0,1.0,1.0,0.9,1.0,0.947368421053
pS,23,3,R,pS,9,7,2,MACHINA (PhyloWGS),3,0.5,0.4,0.444444444444,1.0,1.0,1.0,0.9,1.0,0.947368421053
pS,23,2,R,pS,9,7,2,MACHINA (PhyloWGS),3,0.5,0.4,0.444444444444,1.0,1.0,1.0,0.9,1.0,0.947368421053
pS,23,5,R,pS,9,7,2,MACHINA (PhyloWGS),3,0.5,0.4,0.444444444444,1.0,1.0,1.0,0.9,1.0,0.947368421053
pS,23,4,R,pS,9,7,2,MACHINA (PhyloWGS),3,0.5,0.4,0.444444444444,1.0,1.0,1.0,0.9,1.0,0.947368421053
pS,23,7,R,pS,9,7,2,MACHINA (PhyloWGS),3,0.5,0.4,0.444444444444,1.0,1.0,1.0,0.9,1.0,0.947368421053
pS,23,1,R,pS,9,7,2,MACHINA (PhyloWGS),3,0.5,0.4,0.444444444444,1.0,1.0,1.0,0.9,1.0,0.947368421053
pS,23,0,R,pS,9,7,2,MACHINA (PhyloWGS),3,0.5,0.666666666667,0.571428571429,0.857142857143,0.857142857143,0.857142857143,0.8,0.888888888889,0.842105263158
pS,2,20,R,pS,10,7,3,MACHINA (PhyloWGS),2,0.428571428571,0.6,0.5,0.428571428571,0.428571428571,0.428571428571,0.363636363636,0.4,0.380952380952
pS,2,74,R,pS,10,7,3,MACHINA (PhyloWGS),3,0.571428571429,0.571428571429,0.571428571429,1.0,1.0,1.0,0.909090909091,1.0,0.952380952381
pS,2,13,R,pS,10,7,3,MACHINA (PhyloWGS),3,0.571428571429,0.666666666667,0.615384615385,0.857142857143,0.857142857143,0.857142857143,0.818181818182,0.9,0.857142857143
pS,2,76,R,pS,10,7,3,MACHINA (PhyloWGS),3,0.428571428571,0.6,0.5,0.714285714286,0.714285714286,0.714285714286,0.636363636364,0.7,0.666666666667
pS,2,17,R,pS,10,7,3,MACHINA (PhyloWGS),2,0.428571428571,0.5,0.461538461538,0.714285714286,0.714285714286,0.714285714286,0.636363636364,0.7,0.666666666667
pS,2,115,R,pS,10,7,3,MACHINA (PhyloWGS),2,0.428571428571,0.6,0.5,0.714285714286,0.714285714286,0.714285714286,0.727272727273,0.8,0.761904761905
pS,2,143,R,pS,10,7,3,MACHINA (PhyloWGS),2,0.571428571429,0.8,0.666666666667,0.714285714286,0.714285714286,0.714285714286,0.636363636364,0.7,0.666666666667
pS,2,18,R,pS,10,7,3,MACHINA (PhyloWGS),2,0.571428571429,0.666666666667,0.615384615385,0.714285714286,0.714285714286,0.714285714286,0.636363636364,0.7,0.666666666667
pS,2,138,R,pS,10,7,3,MACHINA (PhyloWGS),2,0.571428571429,0.8,0.666666666667,0.714285714286,0.714285714286,0.714285714286,0.636363636364,0.7,0.666666666667
pS,2,116,R,pS,10,7,3,MACHINA (PhyloWGS),2,0.571428571429,0.8,0.666666666667,1.0,1.0,1.0,0.909090909091,1.0,0.952380952381
pS,2,137,R,pS,10,7,3,MACHINA (PhyloWGS),2,0.571428571429,0.666666666667,0.615384615385,1.0,1.0,1.0,0.909090909091,1.0,0.952380952381
pS,2,113,R,pS,10,7,3,MACHINA (PhyloWGS),2,0.571428571429,0.666666666667,0.615384615385,1.0,1.0,1.0,0.909090909091,1.0,0.952380952381
pS,2,79,R,pS,10,7,3,MACHINA (PhyloWGS),5,0.571428571429,0.8,0.666666666667,0.714285714286,0.714285714286,0.714285714286,0.727272727273,0.8,0.761904761905
pS,2,5,R,pS,10,7,3,MACHINA (PhyloWGS),2,0.571428571429,0.666666666667,0.615384615385,0.714285714286,0.714285714286,0.714285714286,0.727272727273,0.8,0.761904761905
pS,2,141,R,pS,10,7,3,MACHINA (PhyloWGS),2,0.571428571429,0.8,0.666666666667,0.571428571429,0.571428571429,0.571428571429,0.545454545455,0.6,0.571428571429
pS,2,9,R,pS,10,7,3,MACHINA (PhyloWGS),2,0.571428571429,0.666666666667,0.615384615385,0.428571428571,0.428571428571,0.428571428571,0.363636363636,0.4,0.380952380952
pS,2,7,R,pS,10,7,3,MACHINA (PhyloWGS),2,0.571428571429,0.666666666667,0.615384615385,0.428571428571,0.428571428571,0.428571428571,0.363636363636,0.4,0.380952380952
pS,2,72,R,pS,10,7,3,MACHINA (PhyloWGS),5,0.571428571429,0.8,0.666666666667,0.857142857143,0.857142857143,0.857142857143,0.818181818182,0.9,0.857142857143
pS,2,78,R,pS,10,7,3,MACHINA (PhyloWGS),3,0.571428571429,0.8,0.666666666667,1.0,1.0,1.0,0.909090909091,1.0,0.952380952381
pS,2,11,R,pS,10,7,3,MACHINA (PhyloWGS),2,0.571428571429,0.8,0.666666666667,0.285714285714,0.285714285714,0.285714285714,0.272727272727,0.3,0.285714285714
pS,2,1,R,pS,10,7,3,MACHINA (PhyloWGS),5,0.571428571429,0.8,0.666666666667,0.714285714286,0.714285714286,0.714285714286,0.727272727273,0.8,0.761904761905
pS,2,114,R,pS,10,7,3,MACHINA (PhyloWGS),2,0.428571428571,0.6,0.5,0.428571428571,0.428571428571,0.428571428571,0.454545454545,0.5,0.47619047619
pS,2,21,R,pS,10,7,3,MACHINA (PhyloWGS),2,0.571428571429,0.8,0.666666666667,0.714285714286,0.714285714286,0.714285714286,0.636363636364,0.7,0.666666666667
pS,2,6,R,pS,10,7,3,MACHINA (PhyloWGS),2,0.571428571429,0.571428571429,0.571428571429,1.0,1.0,1.0,0.909090909091,1.0,0.952380952381
pS,2,140,R,pS,10,7,3,MACHINA (PhyloWGS),2,0.571428571429,0.8,0.666666666667,1.0,1.0,1.0,0.909090909091,1.0,0.952380952381
pS,2,10,R,pS,10,7,3,MACHINA (PhyloWGS),2,0.571428571429,0.666666666667,0.615384615385,1.0,1.0,1.0,0.909090909091,1.0,0.952380952381
pS,2,23,R,pS,10,7,3,MACHINA (PhyloWGS),2,0.571428571429,0.666666666667,0.615384615385,1.0,1.0,1.0,0.909090909091,1.0,0.952380952381
pS,2,77,R,pS,10,7,3,MACHINA (PhyloWGS),3,0.571428571429,0.8,0.666666666667,0.714285714286,0.714285714286,0.714285714286,0.636363636364,0.7,0.666666666667
pS,2,12,R,pS,10,7,3,MACHINA (PhyloWGS),3,0.571428571429,0.8,0.666666666667,1.0,1.0,1.0,0.909090909091,1.0,0.952380952381
pS,2,2,R,pS,10,7,3,MACHINA (PhyloWGS),5,0.571428571429,0.8,0.666666666667,0.428571428571,0.428571428571,0.428571428571,0.454545454545,0.5,0.47619047619
pS,2,16,R,pS,10,7,3,MACHINA (PhyloWGS),2,0.571428571429,0.8,0.666666666667,1.0,1.0,1.0,0.909090909091,1.0,0.952380952381
pS,2,22,R,pS,10,7,3,MACHINA (PhyloWGS),2,0.571428571429,0.666666666667,0.615384615385,1.0,1.0,1.0,0.909090909091,1.0,0.952380952381
pS,2,142,R,pS,10,7,3,MACHINA (PhyloWGS),3,0.428571428571,0.6,0.5,0.428571428571,0.428571428571,0.428571428571,0.454545454545,0.5,0.47619047619
pS,2,139,R,pS,10,7,3,MACHINA (PhyloWGS),2,0.571428571429,0.8,0.666666666667,0.714285714286,0.714285714286,0.714285714286,0.636363636364,0.7,0.666666666667
pS,2,117,R,pS,10,7,3,MACHINA (PhyloWGS),2,0.571428571429,0.8,0.666666666667,1.0,1.0,1.0,0.909090909091,1.0,0.952380952381
pS,2,3,R,pS,10,7,3,MACHINA (PhyloWGS),3,0.571428571429,0.666666666667,0.615384615385,0.714285714286,0.714285714286,0.714285714286,0.636363636364,0.7,0.666666666667
pS,2,136,R,pS,10,7,3,MACHINA (PhyloWGS),3,0.571428571429,0.8,0.666666666667,0.714285714286,0.714285714286,0.714285714286,0.727272727273,0.8,0.761904761905
pS,2,119,R,pS,10,7,3,MACHINA (PhyloWGS),2,0.571428571429,0.666666666667,0.615384615385,0.285714285714,0.285714285714,0.285714285714,0.363636363636,0.4,0.380952380952
pS,2,15,R,pS,10,7,3,MACHINA (PhyloWGS),5,0.571428571429,0.8,0.666666666667,0.714285714286,0.714285714286,0.714285714286,0.727272727273,0.8,0.761904761905
pS,2,112,R,pS,10,7,3,MACHINA (PhyloWGS),2,0.571428571429,0.666666666667,0.615384615385,0.714285714286,0.714285714286,0.714285714286,0.636363636364,0.7,0.666666666667
pS,2,118,R,pS,10,7,3,MACHINA (PhyloWGS),2,0.571428571429,0.8,0.666666666667,0.571428571429,0.571428571429,0.571428571429,0.545454545455,0.6,0.571428571429
pS,2,19,R,pS,10,7,3,MACHINA (PhyloWGS),2,0.428571428571,0.6,0.5,1.0,1.0,1.0,0.909090909091,1.0,0.952380952381
pS,2,4,R,pS,10,7,3,MACHINA (PhyloWGS),2,0.571428571429,0.8,0.666666666667,0.428571428571,0.428571428571,0.428571428571,0.363636363636,0.4,0.380952380952
pS,2,73,R,pS,10,7,3,MACHINA (PhyloWGS),3,0.571428571429,0.8,0.666666666667,0.714285714286,0.714285714286,0.714285714286,0.727272727273,0.8,0.761904761905
pS,2,8,R,pS,10,7,3,MACHINA (PhyloWGS),2,0.571428571429,0.571428571429,0.571428571429,0.714285714286,0.714285714286,0.714285714286,0.636363636364,0.7,0.666666666667
pS,2,14,R,pS,10,7,3,MACHINA (PhyloWGS),3,0.571428571429,0.666666666667,0.615384615385,0.571428571429,0.571428571429,0.571428571429,0.545454545455,0.6,0.571428571429
pS,2,75,R,pS,10,7,3,MACHINA (PhyloWGS),3,0.571428571429,0.8,0.666666666667,1.0,1.0,1.0,0.909090909091,1.0,0.952380952381
pS,2,0,R,pS,10,7,3,MACHINA (PhyloWGS),5,0.571428571429,0.8,0.666666666667,0.714285714286,0.714285714286,0.714285714286,0.636363636364,0.7,0.666666666667
pS,31,66,R,mPS,7,7,1,MACHINA (PhyloWGS),5,0.6,0.75,0.666666666667,0.428571428571,0.428571428571,0.428571428571,0.375,0.428571428571,0.4
pS,31,75,R,mPS,7,7,1,MACHINA (PhyloWGS),5,0.6,0.6,0.6,0.428571428571,0.428571428571,0.428571428571,0.375,0.428571428571,0.4
pS,31,68,R,mPS,7,7,1,MACHINA (PhyloWGS),5,0.6,0.75,0.666666666667,0.428571428571,0.428571428571,0.428571428571,0.375,0.428571428571,0.4
pS,31,41,R,mPS,7,7,1,MACHINA (PhyloWGS),5,0.6,0.75,0.666666666667,0.428571428571,0.428571428571,0.428571428571,0.375,0.428571428571,0.4
pS,31,32,R,mPS,7,7,1,MACHINA (PhyloWGS),5,0.6,0.75,0.666666666667,0.428571428571,0.428571428571,0.428571428571,0.375,0.428571428571,0.4
pS,31,70,R,mPS,7,7,1,MACHINA (PhyloWGS),5,0.6,0.6,0.6,0.428571428571,0.428571428571,0.428571428571,0.375,0.428571428571,0.4
pS,31,33,R,mPS,7,7,1,MACHINA (PhyloWGS),5,0.6,0.6,0.6,0.428571428571,0.428571428571,0.428571428571,0.375,0.428571428571,0.4
pS,31,31,R,mPS,7,7,1,MACHINA (PhyloWGS),5,0.6,1.0,0.75,0.428571428571,0.428571428571,0.428571428571,0.375,0.428571428571,0.4
pS,31,80,R,mPS,7,7,1,MACHINA (PhyloWGS),5,0.6,0.6,0.6,0.428571428571,0.428571428571,0.428571428571,0.375,0.428571428571,0.4
pS,31,81,R,mPS,7,7,1,MACHINA (PhyloWGS),5,0.6,0.5,0.545454545455,0.428571428571,0.428571428571,0.428571428571,0.375,0.428571428571,0.4
pS,31,79,R,mPS,7,7,1,MACHINA (PhyloWGS),5,0.6,0.5,0.545454545455,0.428571428571,0.428571428571,0.428571428571,0.375,0.428571428571,0.4
pS,31,61,R,mPS,7,7,1,MACHINA (PhyloWGS),5,0.6,0.75,0.666666666667,0.428571428571,0.428571428571,0.428571428571,0.375,0.428571428571,0.4
pS,31,58,R,mPS,7,7,1,MACHINA (PhyloWGS),5,0.6,0.75,0.666666666667,0.428571428571,0.428571428571,0.428571428571,0.375,0.428571428571,0.4
pS,31,85,R,mPS,7,7,1,MACHINA (PhyloWGS),5,0.6,0.75,0.666666666667,0.428571428571,0.428571428571,0.428571428571,0.375,0.428571428571,0.4
pS,31,38,R,mPS,7,7,1,MACHINA (PhyloWGS),5,0.6,1.0,0.75,0.428571428571,0.428571428571,0.428571428571,0.375,0.428571428571,0.4
pS,31,67,R,mPS,7,7,1,MACHINA (PhyloWGS),5,0.6,0.5,0.545454545455,0.428571428571,0.428571428571,0.428571428571,0.375,0.428571428571,0.4
pS,31,60,R,mPS,7,7,1,MACHINA (PhyloWGS),5,0.6,0.75,0.666666666667,0.428571428571,0.428571428571,0.428571428571,0.375,0.428571428571,0.4
pS,31,82,R,mPS,7,7,1,MACHINA (PhyloWGS),5,0.6,0.75,0.666666666667,0.428571428571,0.428571428571,0.428571428571,0.375,0.428571428571,0.4
pS,31,62,R,mPS,7,7,1,MACHINA (PhyloWGS),5,0.6,0.6,0.6,0.428571428571,0.428571428571,0.428571428571,0.375,0.428571428571,0.4
pS,31,84,R,mPS,7,7,1,MACHINA (PhyloWGS),5,0.6,0.6,0.6,0.428571428571,0.428571428571,0.428571428571,0.375,0.428571428571,0.4
pS,31,23,R,mPS,7,7,1,MACHINA (PhyloWGS),5,0.6,0.75,0.666666666667,0.428571428571,0.428571428571,0.428571428571,0.375,0.428571428571,0.4
pS,31,86,R,mPS,7,7,1,MACHINA (PhyloWGS),5,0.6,0.75,0.666666666667,0.428571428571,0.428571428571,0.428571428571,0.375,0.428571428571,0.4
pS,31,72,R,mPS,7,7,1,MACHINA (PhyloWGS),5,0.6,0.75,0.666666666667,0.428571428571,0.428571428571,0.428571428571,0.375,0.428571428571,0.4
pS,31,29,R,mPS,7,7,1,MACHINA (PhyloWGS),5,0.6,0.428571428571,0.5,0.428571428571,0.428571428571,0.428571428571,0.375,0.428571428571,0.4
pS,31,26,R,mPS,7,7,1,MACHINA (PhyloWGS),5,0.6,0.75,0.666666666667,0.428571428571,0.428571428571,0.428571428571,0.375,0.428571428571,0.4
pS,31,71,R,mPS,7,7,1,MACHINA (PhyloWGS),5,0.6,0.6,0.6,0.428571428571,0.428571428571,0.428571428571,0.375,0.428571428571,0.4
pS,31,35,R,mPS,7,7,1,MACHINA (PhyloWGS),5,0.6,0.75,0.666666666667,0.428571428571,0.428571428571,0.428571428571,0.375,0.428571428571,0.4
pS,31,28,R,mPS,7,7,1,MACHINA (PhyloWGS),5,0.6,0.5,0.545454545455,0.428571428571,0.428571428571,0.428571428571,0.375,0.428571428571,0.4
pS,31,77,R,mPS,7,7,1,MACHINA (PhyloWGS),5,0.6,0.6,0.6,0.428571428571,0.428571428571,0.428571428571,0.375,0.428571428571,0.4
pS,31,59,R,mPS,7,7,1,MACHINA (PhyloWGS),5,0.6,0.5,0.545454545455,0.428571428571,0.428571428571,0.428571428571,0.375,0.428571428571,0.4
pS,31,89,R,mPS,7,7,1,MACHINA (PhyloWGS),5,0.6,0.5,0.545454545455,0.428571428571,0.428571428571,0.428571428571,0.375,0.428571428571,0.4
pS,31,74,R,mPS,7,7,1,MACHINA (PhyloWGS),5,0.6,0.6,0.6,0.428571428571,0.428571428571,0.428571428571,0.375,0.428571428571,0.4
pS,31,83,R,mPS,7,7,1,MACHINA (PhyloWGS),5,0.6,0.6,0.6,0.428571428571,0.428571428571,0.428571428571,0.375,0.428571428571,0.4
pS,31,76,R,mPS,7,7,1,MACHINA (PhyloWGS),5,0.6,0.5,0.545454545455,0.428571428571,0.428571428571,0.428571428571,0.375,0.428571428571,0.4
pS,31,40,R,mPS,7,7,1,MACHINA (PhyloWGS),5,0.6,0.75,0.666666666667,0.428571428571,0.428571428571,0.428571428571,0.375,0.428571428571,0.4
pS,31,78,R,mPS,7,7,1,MACHINA (PhyloWGS),5,0.6,0.6,0.6,0.428571428571,0.428571428571,0.428571428571,0.375,0.428571428571,0.4
pS,31,73,R,mPS,7,7,1,MACHINA (PhyloWGS),5,0.6,0.6,0.6,0.428571428571,0.428571428571,0.428571428571,0.375,0.428571428571,0.4
pS,31,39,R,mPS,7,7,1,MACHINA (PhyloWGS),5,0.6,0.6,0.6,0.428571428571,0.428571428571,0.428571428571,0.375,0.428571428571,0.4
pS,31,64,R,mPS,7,7,1,MACHINA (PhyloWGS),5,0.6,0.5,0.545454545455,0.428571428571,0.428571428571,0.428571428571,0.375,0.428571428571,0.4
pS,31,21,R,mPS,7,7,1,MACHINA (PhyloWGS),5,0.6,0.6,0.6,0.428571428571,0.428571428571,0.428571428571,0.375,0.428571428571,0.4
pS,31,65,R,mPS,7,7,1,MACHINA (PhyloWGS),5,0.6,0.5,0.545454545455,0.428571428571,0.428571428571,0.428571428571,0.375,0.428571428571,0.4
pS,31,63,R,mPS,7,7,1,MACHINA (PhyloWGS),5,0.6,0.5,0.545454545455,0.428571428571,0.428571428571,0.428571428571,0.375,0.428571428571,0.4
pS,31,88,R,mPS,7,7,1,MACHINA (PhyloWGS),5,0.6,0.75,0.666666666667,0.428571428571,0.428571428571,0.428571428571,0.375,0.428571428571,0.4
pS,31,27,R,mPS,7,7,1,MACHINA (PhyloWGS),5,0.6,0.6,0.6,0.428571428571,0.428571428571,0.428571428571,0.375,0.428571428571,0.4
pS,31,20,R,mPS,7,7,1,MACHINA (PhyloWGS),5,0.6,0.75,0.666666666667,0.428571428571,0.428571428571,0.428571428571,0.375,0.428571428571,0.4
pS,31,87,R,mPS,7,7,1,MACHINA (PhyloWGS),5,0.6,0.5,0.545454545455,0.428571428571,0.428571428571,0.428571428571,0.375,0.428571428571,0.4
pS,31,69,R,mPS,7,7,1,MACHINA (PhyloWGS),5,0.6,0.6,0.6,0.428571428571,0.428571428571,0.428571428571,0.375,0.428571428571,0.4
pS,31,22,R,mPS,7,7,1,MACHINA (PhyloWGS),5,0.6,1.0,0.75,0.428571428571,0.428571428571,0.428571428571,0.375,0.428571428571,0.4
pS,35,40,R,pPS,9,7,1,MACHINA (PhyloWGS),1,0.75,0.6,0.666666666667,1.0,1.0,1.0,1.0,1.0,1.0
pS,35,59,R,pPS,9,7,1,MACHINA (PhyloWGS),1,0.75,0.6,0.666666666667,1.0,1.0,1.0,1.0,1.0,1.0
pS,35,60,R,pPS,9,7,1,MACHINA (PhyloWGS),1,0.75,0.6,0.666666666667,1.0,1.0,1.0,1.0,1.0,1.0
pS,35,45,R,pPS,9,7,1,MACHINA (PhyloWGS),1,0.75,0.5,0.6,1.0,1.0,1.0,1.0,1.0,1.0
pS,35,46,R,pPS,9,7,1,MACHINA (PhyloWGS),1,0.75,0.75,0.75,1.0,1.0,1.0,1.0,1.0,1.0
pS,35,49,R,pPS,9,7,1,MACHINA (PhyloWGS),1,0.75,0.75,0.75,1.0,1.0,1.0,1.0,1.0,1.0
pS,35,47,R,pPS,9,7,1,MACHINA (PhyloWGS),1,0.75,0.6,0.666666666667,1.0,1.0,1.0,1.0,1.0,1.0
pS,35,50,R,pPS,9,7,1,MACHINA (PhyloWGS),1,0.75,0.6,0.666666666667,1.0,1.0,1.0,1.0,1.0,1.0
pS,35,51,R,pPS,9,7,1,MACHINA (PhyloWGS),1,0.75,0.6,0.666666666667,1.0,1.0,1.0,1.0,1.0,1.0
pS,35,52,R,pPS,9,7,1,MACHINA (PhyloWGS),1,0.75,0.75,0.75,1.0,1.0,1.0,1.0,1.0,1.0
pS,35,56,R,pPS,9,7,1,MACHINA (PhyloWGS),1,0.75,0.75,0.75,1.0,1.0,1.0,1.0,1.0,1.0
pS,35,42,R,pPS,9,7,1,MACHINA (PhyloWGS),1,0.75,0.75,0.75,1.0,1.0,1.0,1.0,1.0,1.0
pS,35,61,R,pPS,9,7,1,MACHINA (PhyloWGS),1,0.75,0.6,0.666666666667,1.0,1.0,1.0,1.0,1.0,1.0
pS,35,43,R,pPS,9,7,1,MACHINA (PhyloWGS),1,0.75,0.6,0.666666666667,1.0,1.0,1.0,1.0,1.0,1.0
pS,35,62,R,pPS,9,7,1,MACHINA (PhyloWGS),1,0.75,0.75,0.75,1.0,1.0,1.0,1.0,1.0,1.0
pS,35,44,R,pPS,9,7,1,MACHINA (PhyloWGS),1,0.75,0.75,0.75,1.0,1.0,1.0,1.0,1.0,1.0
pS,35,63,R,pPS,9,7,1,MACHINA (PhyloWGS),1,0.75,0.6,0.666666666667,1.0,1.0,1.0,1.0,1.0,1.0
pS,35,48,R,pPS,9,7,1,MACHINA (PhyloWGS),1,0.75,0.75,0.75,1.0,1.0,1.0,1.0,1.0,1.0
pS,35,57,R,pPS,9,7,1,MACHINA (PhyloWGS),1,0.75,0.75,0.75,1.0,1.0,1.0,1.0,1.0,1.0
pS,35,41,R,pPS,9,7,1,MACHINA (PhyloWGS),1,0.75,0.75,0.75,1.0,1.0,1.0,1.0,1.0,1.0
pS,35,53,R,pPS,9,7,1,MACHINA (PhyloWGS),1,0.75,0.75,0.75,1.0,1.0,1.0,1.0,1.0,1.0
pS,35,54,R,pPS,9,7,1,MACHINA (PhyloWGS),1,0.75,0.75,0.75,1.0,1.0,1.0,1.0,1.0,1.0
pS,35,55,R,pPS,9,7,1,MACHINA (PhyloWGS),1,0.75,0.75,0.75,1.0,1.0,1.0,1.0,1.0,1.0
pS,35,58,R,pPS,9,7,1,MACHINA (PhyloWGS),1,0.75,0.5,0.6,1.0,1.0,1.0,1.0,1.0,1.0
pS,37,2,R,mS,7,7,4,MACHINA (PhyloWGS),7,0.5,0.5,0.5,0.428571428571,0.428571428571,0.428571428571,0.375,0.428571428571,0.4
pS,37,1,R,mS,7,7,4,MACHINA (PhyloWGS),7,0.5,0.5,0.5,0.428571428571,0.428571428571,0.428571428571,0.375,0.428571428571,0.4
pS,37,3,R,mS,7,7,4,MACHINA (PhyloWGS),7,0.5,0.5,0.5,0.428571428571,0.428571428571,0.428571428571,0.375,0.428571428571,0.4
pS,37,0,R,mS,7,7,4,MACHINA (PhyloWGS),8,0.5,0.5,0.5,0.571428571429,0.571428571429,0.571428571429,0.5,0.571428571429,0.533333333333
pS,54,1,R,mS,7,7,2,MACHINA (PhyloWGS),2,0.6,0.75,0.666666666667,0.142857142857,0.142857142857,0.142857142857,0.125,0.142857142857,0.133333333333
pS,54,0,R,mS,7,7,2,MACHINA (PhyloWGS),2,0.6,0.75,0.666666666667,0.142857142857,0.142857142857,0.142857142857,0.125,0.142857142857,0.133333333333
pS,5,21,R,pS,8,7,2,MACHINA (PhyloWGS),5,0.5,0.75,0.6,0.857142857143,0.857142857143,0.857142857143,0.777777777778,0.875,0.823529411765
pS,5,5,R,pS,8,7,2,MACHINA (PhyloWGS),5,0.5,0.75,0.6,0.857142857143,0.857142857143,0.857142857143,0.777777777778,0.875,0.823529411765
pS,5,22,R,pS,8,7,2,MACHINA (PhyloWGS),5,0.5,0.6,0.545454545455,0.857142857143,0.857142857143,0.857142857143,0.777777777778,0.875,0.823529411765
pS,5,19,R,pS,8,7,2,MACHINA (PhyloWGS),5,0.5,0.75,0.6,0.857142857143,0.857142857143,0.857142857143,0.777777777778,0.875,0.823529411765
pS,5,9,R,pS,8,7,2,MACHINA (PhyloWGS),5,0.5,0.6,0.545454545455,0.857142857143,0.857142857143,0.857142857143,0.777777777778,0.875,0.823529411765
pS,5,7,R,pS,8,7,2,MACHINA (PhyloWGS),5,0.5,0.75,0.6,0.857142857143,0.857142857143,0.857142857143,0.777777777778,0.875,0.823529411765
pS,5,1,R,pS,8,7,2,MACHINA (PhyloWGS),5,0.5,0.75,0.6,0.857142857143,0.857142857143,0.857142857143,0.777777777778,0.875,0.823529411765
pS,5,18,R,pS,8,7,2,MACHINA (PhyloWGS),5,0.5,0.6,0.545454545455,0.857142857143,0.857142857143,0.857142857143,0.777777777778,0.875,0.823529411765
pS,69,2,R,mS,7,7,3,MACHINA (PhyloWGS),2,0.8,0.666666666667,0.727272727273,0.571428571429,0.571428571429,0.571428571429,0.5,0.571428571429,0.533333333333
pS,69,1,R,mS,7,7,3,MACHINA (PhyloWGS),3,1.0,0.833333333333,0.909090909091,0.428571428571,0.428571428571,0.428571428571,0.375,0.428571428571,0.4
pS,69,3,R,mS,7,7,3,MACHINA (PhyloWGS),2,1.0,0.833333333333,0.909090909091,0.571428571429,0.571428571429,0.571428571429,0.5,0.571428571429,0.533333333333
pS,69,0,R,mS,7,7,3,MACHINA (PhyloWGS),3,1.0,0.833333333333,0.909090909091,0.428571428571,0.428571428571,0.428571428571,0.375,0.428571428571,0.4
