pattern,seed,mut_tree,enforced,inferred,mu,gamma,sigma,method,RF,recallT,precisionT,FscoreT,recallG,precisionG,FscoreG,recallMultiG,precisionMultiG,FscoreMultiG
pM,209,20,R,pS,6,4,2,MACHINA (PhyloWGS),2,0.75,0.75,0.75,0.4,0.5,0.444444444444,0.428571428571,0.5,0.461538461538
pM,209,24,R,pS,6,4,2,MACHINA (PhyloWGS),2,0.75,0.6,0.666666666667,0.4,0.5,0.444444444444,0.428571428571,0.5,0.461538461538
pM,209,13,R,pS,6,4,2,MACHINA (PhyloWGS),2,0.75,0.75,0.75,0.2,0.25,0.222222222222,0.285714285714,0.333333333333,0.307692307692
pM,209,17,R,pS,6,4,2,MACHINA (PhyloWGS),2,0.75,0.75,0.75,0.4,0.5,0.444444444444,0.428571428571,0.5,0.461538461538
pM,209,29,R,pS,6,4,2,MACHINA (PhyloWGS),2,0.5,0.5,0.5,0.2,0.25,0.222222222222,0.285714285714,0.333333333333,0.307692307692
pM,209,33,R,pS,6,4,2,MACHINA (PhyloWGS),2,0.5,0.5,0.5,0.2,0.25,0.222222222222,0.285714285714,0.333333333333,0.307692307692
pM,209,18,R,pS,6,4,2,MACHINA (PhyloWGS),2,0.75,0.75,0.75,0.2,0.25,0.222222222222,0.285714285714,0.333333333333,0.307692307692
pM,209,34,R,pS,6,4,2,MACHINA (PhyloWGS),2,0.5,0.5,0.5,0.2,0.25,0.222222222222,0.285714285714,0.333333333333,0.307692307692
pM,209,5,R,pS,6,4,2,MACHINA (PhyloWGS),4,0.75,0.75,0.75,0.2,0.25,0.222222222222,0.285714285714,0.333333333333,0.307692307692
pM,209,9,R,pS,6,4,2,MACHINA (PhyloWGS),2,0.75,0.75,0.75,0.2,0.25,0.222222222222,0.285714285714,0.333333333333,0.307692307692
pM,209,7,R,pS,6,4,2,MACHINA (PhyloWGS),2,0.75,0.75,0.75,0.2,0.25,0.222222222222,0.285714285714,0.333333333333,0.307692307692
pM,209,11,R,pS,6,4,2,MACHINA (PhyloWGS),2,0.5,0.5,0.5,0.4,0.5,0.444444444444,0.428571428571,0.5,0.461538461538
pM,209,1,R,pS,6,4,2,MACHINA (PhyloWGS),2,0.5,0.5,0.5,0.2,0.25,0.222222222222,0.285714285714,0.333333333333,0.307692307692
pM,209,31,R,pS,6,4,2,MACHINA (PhyloWGS),2,0.5,0.5,0.5,0.2,0.25,0.222222222222,0.285714285714,0.333333333333,0.307692307692
pM,209,21,R,pS,6,4,2,MACHINA (PhyloWGS),2,0.75,0.75,0.75,0.4,0.5,0.444444444444,0.428571428571,0.5,0.461538461538
pM,209,6,R,pS,6,4,2,MACHINA (PhyloWGS),2,0.75,0.75,0.75,0.2,0.25,0.222222222222,0.285714285714,0.333333333333,0.307692307692
pM,209,35,R,pS,6,4,2,MACHINA (PhyloWGS),2,0.5,0.5,0.5,0.2,0.25,0.222222222222,0.285714285714,0.333333333333,0.307692307692
pM,209,25,R,pS,6,4,2,MACHINA (PhyloWGS),2,0.75,0.6,0.666666666667,0.4,0.5,0.444444444444,0.428571428571,0.5,0.461538461538
pM,209,10,R,pS,6,4,2,MACHINA (PhyloWGS),2,0.75,0.75,0.75,0.2,0.25,0.222222222222,0.285714285714,0.333333333333,0.307692307692
pM,209,23,R,pS,6,4,2,MACHINA (PhyloWGS),2,0.75,0.75,0.75,0.4,0.5,0.444444444444,0.428571428571,0.5,0.461538461538
pM,209,30,R,pS,6,4,2,MACHINA (PhyloWGS),2,0.5,0.5,0.5,0.2,0.25,0.222222222222,0.285714285714,0.333333333333,0.307692307692
pM,209,27,R,pS,6,4,2,MACHINA (PhyloWGS),2,0.5,0.5,0.5,0.2,0.25,0.222222222222,0.285714285714,0.333333333333,0.307692307692
pM,209,12,R,pS,6,4,2,MACHINA (PhyloWGS),2,0.75,0.75,0.75,0.4,0.5,0.444444444444,0.428571428571,0.5,0.461538461538
pM,209,2,R,pS,6,4,2,MACHINA (PhyloWGS),4,0.75,0.75,0.75,0.2,0.25,0.222222222222,0.285714285714,0.333333333333,0.307692307692
pM,209,16,R,pS,6,4,2,MACHINA (PhyloWGS),2,0.75,0.75,0.75,0.4,0.5,0.444444444444,0.428571428571,0.5,0.461538461538
pM,209,22,R,pS,6,4,2,MACHINA (PhyloWGS),2,0.75,0.75,0.75,0.4,0.5,0.444444444444,0.428571428571,0.5,0.461538461538
pM,209,26,R,pS,6,4,2,MACHINA (PhyloWGS),2,0.5,0.5,0.5,0.2,0.25,0.222222222222,0.285714285714,0.333333333333,0.307692307692
pM,209,28,R,pS,6,4,2,MACHINA (PhyloWGS),2,0.5,0.5,0.5,0.2,0.25,0.222222222222,0.285714285714,0.333333333333,0.307692307692
pM,209,32,R,pS,6,4,2,MACHINA (PhyloWGS),2,0.5,0.5,0.5,0.2,0.25,0.222222222222,0.285714285714,0.333333333333,0.307692307692
pM,209,3,R,pS,6,4,2,MACHINA (PhyloWGS),2,0.5,0.5,0.5,0.2,0.25,0.222222222222,0.285714285714,0.333333333333,0.307692307692
pM,209,15,R,pS,6,4,2,MACHINA (PhyloWGS),2,0.75,0.75,0.75,0.4,0.5,0.444444444444,0.428571428571,0.5,0.461538461538
pM,209,19,R,pS,6,4,2,MACHINA (PhyloWGS),2,0.75,0.75,0.75,0.2,0.25,0.222222222222,0.285714285714,0.333333333333,0.307692307692
pM,209,4,R,pS,6,4,2,MACHINA (PhyloWGS),4,0.75,0.75,0.75,0.2,0.25,0.222222222222,0.285714285714,0.333333333333,0.307692307692
pM,209,8,R,pS,6,4,2,MACHINA (PhyloWGS),2,0.75,0.75,0.75,0.2,0.25,0.222222222222,0.285714285714,0.333333333333,0.307692307692
pM,209,14,R,pS,6,4,2,MACHINA (PhyloWGS),2,0.75,0.75,0.75,0.2,0.25,0.222222222222,0.285714285714,0.333333333333,0.307692307692
pM,209,0,R,pS,6,4,2,MACHINA (PhyloWGS),4,0.75,0.75,0.75,0.2,0.25,0.222222222222,0.285714285714,0.333333333333,0.307692307692
pM,473,52,R,pM,9,7,3,MACHINA (PhyloWGS),6,0.571428571429,0.571428571429,0.571428571429,0.625,0.714285714286,0.666666666667,0.7,0.777777777778,0.736842105263
pM,473,28,R,pM,9,7,3,MACHINA (PhyloWGS),6,0.428571428571,0.428571428571,0.428571428571,0.5,0.571428571429,0.533333333333,0.6,0.666666666667,0.631578947368
pM,473,21,R,pM,9,7,3,MACHINA (PhyloWGS),6,0.571428571429,0.571428571429,0.571428571429,0.5,0.571428571429,0.533333333333,0.6,0.666666666667,0.631578947368
pM,473,76,R,pM,9,7,3,MACHINA (PhyloWGS),4,0.571428571429,0.571428571429,0.571428571429,0.625,0.714285714286,0.666666666667,0.7,0.777777777778,0.736842105263
pM,473,71,R,pM,9,7,3,MACHINA (PhyloWGS),6,0.571428571429,0.5,0.533333333333,0.625,0.714285714286,0.666666666667,0.7,0.777777777778,0.736842105263
pM,473,68,R,pM,9,7,3,MACHINA (PhyloWGS),6,0.571428571429,0.571428571429,0.571428571429,0.5,0.571428571429,0.533333333333,0.6,0.666666666667,0.631578947368
pM,473,33,R,pM,9,7,3,MACHINA (PhyloWGS),6,0.428571428571,0.428571428571,0.428571428571,0.625,0.714285714286,0.666666666667,0.7,0.777777777778,0.736842105263
pM,473,46,R,pM,9,7,3,MACHINA (PhyloWGS),6,0.571428571429,0.571428571429,0.571428571429,0.625,0.714285714286,0.666666666667,0.7,0.777777777778,0.736842105263
pM,473,25,R,pM,9,7,3,MACHINA (PhyloWGS),6,0.428571428571,0.428571428571,0.428571428571,0.625,0.714285714286,0.666666666667,0.7,0.777777777778,0.736842105263
pM,473,80,R,pM,9,7,3,MACHINA (PhyloWGS),4,0.714285714286,0.714285714286,0.714285714286,0.5,0.571428571429,0.533333333333,0.6,0.666666666667,0.631578947368
pM,473,1,R,pM,9,7,3,MACHINA (PhyloWGS),6,0.571428571429,0.571428571429,0.571428571429,0.625,0.714285714286,0.666666666667,0.7,0.777777777778,0.736842105263
pM,473,10,R,pM,9,7,3,MACHINA (PhyloWGS),4,0.714285714286,0.714285714286,0.714285714286,0.625,0.714285714286,0.666666666667,0.7,0.777777777778,0.736842105263
pM,473,49,R,pM,9,7,3,MACHINA (PhyloWGS),6,0.571428571429,0.571428571429,0.571428571429,0.5,0.571428571429,0.533333333333,0.6,0.666666666667,0.631578947368
pM,473,58,R,pM,9,7,3,MACHINA (PhyloWGS),4,0.571428571429,0.5,0.533333333333,0.625,0.714285714286,0.666666666667,0.7,0.777777777778,0.736842105263
pM,473,34,R,pM,9,7,3,MACHINA (PhyloWGS),6,0.571428571429,0.571428571429,0.571428571429,0.625,0.714285714286,0.666666666667,0.7,0.777777777778,0.736842105263
pM,473,29,R,pM,9,7,3,MACHINA (PhyloWGS),6,0.571428571429,0.571428571429,0.571428571429,0.5,0.571428571429,0.533333333333,0.6,0.666666666667,0.631578947368
pM,473,77,R,pM,9,7,3,MACHINA (PhyloWGS),4,0.714285714286,0.714285714286,0.714285714286,0.5,0.571428571429,0.533333333333,0.6,0.666666666667,0.631578947368
pM,473,26,R,pM,9,7,3,MACHINA (PhyloWGS),6,0.571428571429,0.571428571429,0.571428571429,0.5,0.571428571429,0.533333333333,0.6,0.666666666667,0.631578947368
pM,473,35,R,pM,9,7,3,MACHINA (PhyloWGS),6,0.571428571429,0.571428571429,0.571428571429,0.5,0.571428571429,0.533333333333,0.6,0.666666666667,0.631578947368
pM,473,11,R,pM,9,7,3,MACHINA (PhyloWGS),4,0.714285714286,0.714285714286,0.714285714286,0.625,0.714285714286,0.666666666667,0.7,0.777777777778,0.736842105263
pM,473,74,R,pM,9,7,3,MACHINA (PhyloWGS),4,0.714285714286,0.714285714286,0.714285714286,0.5,0.571428571429,0.533333333333,0.6,0.666666666667,0.631578947368
pM,473,20,R,pM,9,7,3,MACHINA (PhyloWGS),6,0.571428571429,0.5,0.533333333333,0.625,0.714285714286,0.666666666667,0.7,0.777777777778,0.736842105263
pM,473,73,R,pM,9,7,3,MACHINA (PhyloWGS),4,0.714285714286,0.714285714286,0.714285714286,0.5,0.571428571429,0.533333333333,0.6,0.666666666667,0.631578947368
pM,473,6,R,pM,9,7,3,MACHINA (PhyloWGS),4,0.571428571429,0.571428571429,0.571428571429,0.5,0.571428571429,0.533333333333,0.6,0.666666666667,0.631578947368
pM,473,83,R,pM,9,7,3,MACHINA (PhyloWGS),6,0.571428571429,0.571428571429,0.571428571429,0.625,0.714285714286,0.666666666667,0.7,0.777777777778,0.736842105263
pM,473,69,R,pM,9,7,3,MACHINA (PhyloWGS),6,0.571428571429,0.5,0.533333333333,0.625,0.714285714286,0.666666666667,0.7,0.777777777778,0.736842105263
pM,473,59,R,pM,9,7,3,MACHINA (PhyloWGS),4,0.714285714286,0.714285714286,0.714285714286,0.625,0.714285714286,0.666666666667,0.7,0.777777777778,0.736842105263
pM,473,45,R,pM,9,7,3,MACHINA (PhyloWGS),6,0.571428571429,0.571428571429,0.571428571429,0.625,0.714285714286,0.666666666667,0.7,0.777777777778,0.736842105263
pM,473,54,R,pM,9,7,3,MACHINA (PhyloWGS),6,0.571428571429,0.571428571429,0.571428571429,0.625,0.714285714286,0.666666666667,0.7,0.777777777778,0.736842105263
pM,473,3,R,pM,9,7,3,MACHINA (PhyloWGS),6,0.428571428571,0.428571428571,0.428571428571,0.5,0.571428571429,0.533333333333,0.6,0.666666666667,0.631578947368
pM,473,39,R,pM,9,7,3,MACHINA (PhyloWGS),4,0.714285714286,0.714285714286,0.714285714286,0.5,0.571428571429,0.533333333333,0.6,0.666666666667,0.631578947368
pM,473,41,R,pM,9,7,3,MACHINA (PhyloWGS),4,0.714285714286,0.714285714286,0.714285714286,0.5,0.571428571429,0.533333333333,0.6,0.666666666667,0.631578947368
pM,473,51,R,pM,9,7,3,MACHINA (PhyloWGS),6,0.428571428571,0.428571428571,0.428571428571,0.625,0.714285714286,0.666666666667,0.7,0.777777777778,0.736842105263
pM,473,87,R,pM,9,7,3,MACHINA (PhyloWGS),6,0.571428571429,0.571428571429,0.571428571429,0.625,0.714285714286,0.666666666667,0.7,0.777777777778,0.736842105263
pM,473,36,R,pM,9,7,3,MACHINA (PhyloWGS),6,0.428571428571,0.428571428571,0.428571428571,0.625,0.714285714286,0.666666666667,0.7,0.777777777778,0.736842105263
pM,473,31,R,pM,9,7,3,MACHINA (PhyloWGS),6,0.428571428571,0.428571428571,0.428571428571,0.625,0.714285714286,0.666666666667,0.7,0.777777777778,0.736842105263
pM,473,7,R,pM,9,7,3,MACHINA (PhyloWGS),4,0.714285714286,0.714285714286,0.714285714286,0.625,0.714285714286,0.666666666667,0.7,0.777777777778,0.736842105263
pM,473,84,R,pM,9,7,3,MACHINA (PhyloWGS),6,0.571428571429,0.571428571429,0.571428571429,0.5,0.571428571429,0.533333333333,0.6,0.666666666667,0.631578947368
pM,473,70,R,pM,9,7,3,MACHINA (PhyloWGS),6,0.571428571429,0.5,0.533333333333,0.625,0.714285714286,0.666666666667,0.7,0.777777777778,0.736842105263
pM,473,0,R,pM,9,7,3,MACHINA (PhyloWGS),6,0.571428571429,0.571428571429,0.571428571429,0.5,0.571428571429,0.533333333333,0.6,0.666666666667,0.631578947368
pM,473,79,R,pM,9,7,3,MACHINA (PhyloWGS),4,0.714285714286,0.714285714286,0.714285714286,0.5,0.571428571429,0.533333333333,0.6,0.666666666667,0.631578947368
pM,473,55,R,pM,9,7,3,MACHINA (PhyloWGS),6,0.571428571429,0.571428571429,0.571428571429,0.5,0.571428571429,0.533333333333,0.6,0.666666666667,0.631578947368
pM,473,48,R,pM,9,7,3,MACHINA (PhyloWGS),6,0.428571428571,0.428571428571,0.428571428571,0.5,0.571428571429,0.533333333333,0.6,0.666666666667,0.631578947368
pM,473,82,R,pM,9,7,3,MACHINA (PhyloWGS),6,0.571428571429,0.571428571429,0.571428571429,0.5,0.571428571429,0.533333333333,0.6,0.666666666667,0.631578947368
pM,473,40,R,pM,9,7,3,MACHINA (PhyloWGS),4,0.714285714286,0.714285714286,0.714285714286,0.625,0.714285714286,0.666666666667,0.7,0.777777777778,0.736842105263
pM,473,16,R,pM,9,7,3,MACHINA (PhyloWGS),4,0.571428571429,0.571428571429,0.571428571429,0.5,0.571428571429,0.533333333333,0.6,0.666666666667,0.631578947368
pM,473,64,R,pM,9,7,3,MACHINA (PhyloWGS),4,0.714285714286,0.714285714286,0.714285714286,0.625,0.714285714286,0.666666666667,0.7,0.777777777778,0.736842105263
pM,473,57,R,pM,9,7,3,MACHINA (PhyloWGS),6,0.571428571429,0.571428571429,0.571428571429,0.5,0.571428571429,0.533333333333,0.6,0.666666666667,0.631578947368
pM,473,44,R,pM,9,7,3,MACHINA (PhyloWGS),6,0.571428571429,0.571428571429,0.571428571429,0.5,0.571428571429,0.533333333333,0.6,0.666666666667,0.631578947368
pM,473,37,R,pM,9,7,3,MACHINA (PhyloWGS),6,0.571428571429,0.571428571429,0.571428571429,0.5,0.571428571429,0.533333333333,0.6,0.666666666667,0.631578947368
pM,473,13,R,pM,9,7,3,MACHINA (PhyloWGS),4,0.714285714286,0.625,0.666666666667,0.5,0.571428571429,0.533333333333,0.6,0.666666666667,0.631578947368
pM,473,22,R,pM,9,7,3,MACHINA (PhyloWGS),6,0.571428571429,0.5,0.533333333333,0.5,0.571428571429,0.533333333333,0.6,0.666666666667,0.631578947368
pM,473,85,R,pM,9,7,3,MACHINA (PhyloWGS),6,0.571428571429,0.571428571429,0.571428571429,0.5,0.571428571429,0.533333333333,0.6,0.666666666667,0.631578947368
pM,473,61,R,pM,9,7,3,MACHINA (PhyloWGS),4,0.571428571429,0.571428571429,0.571428571429,0.625,0.714285714286,0.666666666667,0.7,0.777777777778,0.736842105263
pM,473,9,R,pM,9,7,3,MACHINA (PhyloWGS),4,0.714285714286,0.714285714286,0.714285714286,0.5,0.571428571429,0.533333333333,0.6,0.666666666667,0.631578947368
pM,473,19,R,pM,9,7,3,MACHINA (PhyloWGS),4,0.714285714286,0.714285714286,0.714285714286,0.625,0.714285714286,0.666666666667,0.7,0.777777777778,0.736842105263
pM,473,5,R,pM,9,7,3,MACHINA (PhyloWGS),6,0.571428571429,0.571428571429,0.571428571429,0.625,0.714285714286,0.666666666667,0.7,0.777777777778,0.736842105263
pM,473,14,R,pM,9,7,3,MACHINA (PhyloWGS),6,0.571428571429,0.571428571429,0.571428571429,0.5,0.571428571429,0.533333333333,0.6,0.666666666667,0.631578947368
pM,473,53,R,pM,9,7,3,MACHINA (PhyloWGS),6,0.571428571429,0.571428571429,0.571428571429,0.5,0.571428571429,0.533333333333,0.6,0.666666666667,0.631578947368
pM,473,62,R,pM,9,7,3,MACHINA (PhyloWGS),4,0.714285714286,0.714285714286,0.714285714286,0.625,0.714285714286,0.666666666667,0.7,0.777777777778,0.736842105263
pM,473,38,R,pM,9,7,3,MACHINA (PhyloWGS),6,0.571428571429,0.571428571429,0.571428571429,0.625,0.714285714286,0.666666666667,0.7,0.777777777778,0.736842105263
pM,473,47,R,pM,9,7,3,MACHINA (PhyloWGS),6,0.571428571429,0.571428571429,0.571428571429,0.5,0.571428571429,0.533333333333,0.6,0.666666666667,0.631578947368
pM,473,17,R,pM,9,7,3,MACHINA (PhyloWGS),4,0.714285714286,0.714285714286,0.714285714286,0.5,0.571428571429,0.533333333333,0.6,0.666666666667,0.631578947368
pM,473,23,R,pM,9,7,3,MACHINA (PhyloWGS),6,0.571428571429,0.571428571429,0.571428571429,0.5,0.571428571429,0.533333333333,0.6,0.666666666667,0.631578947368
pM,473,86,R,pM,9,7,3,MACHINA (PhyloWGS),6,0.571428571429,0.571428571429,0.571428571429,0.5,0.571428571429,0.533333333333,0.6,0.666666666667,0.631578947368
pM,473,2,R,pM,9,7,3,MACHINA (PhyloWGS),6,0.571428571429,0.571428571429,0.571428571429,0.625,0.714285714286,0.666666666667,0.7,0.777777777778,0.736842105263
pM,473,65,R,pM,9,7,3,MACHINA (PhyloWGS),4,0.571428571429,0.5,0.533333333333,0.5,0.571428571429,0.533333333333,0.6,0.666666666667,0.631578947368
pM,473,30,R,pM,9,7,3,MACHINA (PhyloWGS),6,0.428571428571,0.428571428571,0.428571428571,0.625,0.714285714286,0.666666666667,0.7,0.777777777778,0.736842105263
pM,473,50,R,pM,9,7,3,MACHINA (PhyloWGS),6,0.571428571429,0.571428571429,0.571428571429,0.5,0.571428571429,0.533333333333,0.6,0.666666666667,0.631578947368
pM,473,15,R,pM,9,7,3,MACHINA (PhyloWGS),6,0.571428571429,0.571428571429,0.571428571429,0.5,0.571428571429,0.533333333333,0.6,0.666666666667,0.631578947368
pM,473,78,R,pM,9,7,3,MACHINA (PhyloWGS),4,0.714285714286,0.714285714286,0.714285714286,0.5,0.571428571429,0.533333333333,0.6,0.666666666667,0.631578947368
pM,473,8,R,pM,9,7,3,MACHINA (PhyloWGS),4,0.714285714286,0.714285714286,0.714285714286,0.625,0.714285714286,0.666666666667,0.7,0.777777777778,0.736842105263
pM,473,63,R,pM,9,7,3,MACHINA (PhyloWGS),4,0.714285714286,0.714285714286,0.714285714286,0.625,0.714285714286,0.666666666667,0.7,0.777777777778,0.736842105263
pM,473,56,R,pM,9,7,3,MACHINA (PhyloWGS),6,0.428571428571,0.428571428571,0.428571428571,0.5,0.571428571429,0.533333333333,0.6,0.666666666667,0.631578947368
pM,473,42,R,pM,9,7,3,MACHINA (PhyloWGS),4,0.714285714286,0.714285714286,0.714285714286,0.5,0.571428571429,0.533333333333,0.6,0.666666666667,0.631578947368
pM,473,32,R,pM,9,7,3,MACHINA (PhyloWGS),6,0.571428571429,0.571428571429,0.571428571429,0.625,0.714285714286,0.666666666667,0.7,0.777777777778,0.736842105263
pM,473,18,R,pM,9,7,3,MACHINA (PhyloWGS),4,0.714285714286,0.714285714286,0.714285714286,0.5,0.571428571429,0.533333333333,0.6,0.666666666667,0.631578947368
pM,473,81,R,pM,9,7,3,MACHINA (PhyloWGS),6,0.571428571429,0.571428571429,0.571428571429,0.5,0.571428571429,0.533333333333,0.6,0.666666666667,0.631578947368
pM,473,27,R,pM,9,7,3,MACHINA (PhyloWGS),6,0.571428571429,0.571428571429,0.571428571429,0.5,0.571428571429,0.533333333333,0.6,0.666666666667,0.631578947368
pM,473,66,R,pM,9,7,3,MACHINA (PhyloWGS),6,0.571428571429,0.571428571429,0.571428571429,0.5,0.571428571429,0.533333333333,0.6,0.666666666667,0.631578947368
pM,473,12,R,pM,9,7,3,MACHINA (PhyloWGS),6,0.571428571429,0.571428571429,0.571428571429,0.5,0.571428571429,0.533333333333,0.6,0.666666666667,0.631578947368
pM,473,75,R,pM,9,7,3,MACHINA (PhyloWGS),4,0.714285714286,0.714285714286,0.714285714286,0.5,0.571428571429,0.533333333333,0.6,0.666666666667,0.631578947368
pM,473,24,R,pM,9,7,3,MACHINA (PhyloWGS),6,0.571428571429,0.5,0.533333333333,0.5,0.571428571429,0.533333333333,0.6,0.666666666667,0.631578947368
pM,473,60,R,pM,9,7,3,MACHINA (PhyloWGS),4,0.714285714286,0.714285714286,0.714285714286,0.625,0.714285714286,0.666666666667,0.7,0.777777777778,0.736842105263
pM,473,72,R,pM,9,7,3,MACHINA (PhyloWGS),6,0.571428571429,0.571428571429,0.571428571429,0.5,0.571428571429,0.533333333333,0.6,0.666666666667,0.631578947368
pM,473,4,R,pM,9,7,3,MACHINA (PhyloWGS),6,0.571428571429,0.5,0.533333333333,0.625,0.714285714286,0.666666666667,0.7,0.777777777778,0.736842105263
pM,473,67,R,pM,9,7,3,MACHINA (PhyloWGS),6,0.571428571429,0.5,0.533333333333,0.625,0.714285714286,0.666666666667,0.7,0.777777777778,0.736842105263
pM,473,43,R,pM,9,7,3,MACHINA (PhyloWGS),4,0.714285714286,0.714285714286,0.714285714286,0.625,0.714285714286,0.666666666667,0.7,0.777777777778,0.736842105263
pM,512,218,R,mM,5,5,2,MACHINA (PhyloWGS),5,0.6,0.75,0.666666666667,0.8,0.8,0.8,0.666666666667,0.8,0.727272727273
pM,512,203,R,mM,5,5,2,MACHINA (PhyloWGS),5,0.8,1.0,0.888888888889,0.8,0.8,0.8,0.666666666667,0.8,0.727272727273
pM,512,204,R,mM,5,5,2,MACHINA (PhyloWGS),5,0.8,1.0,0.888888888889,0.8,0.8,0.8,0.666666666667,0.8,0.727272727273
pM,512,214,R,mM,5,5,2,MACHINA (PhyloWGS),5,0.6,0.75,0.666666666667,0.8,0.8,0.8,0.666666666667,0.8,0.727272727273
pM,512,217,R,mM,5,5,2,MACHINA (PhyloWGS),5,0.6,0.75,0.666666666667,0.8,0.8,0.8,0.666666666667,0.8,0.727272727273
pM,512,215,R,mM,5,5,2,MACHINA (PhyloWGS),5,0.8,1.0,0.888888888889,0.8,0.8,0.8,0.666666666667,0.8,0.727272727273
pM,512,146,R,mM,5,5,2,MACHINA (PhyloWGS),5,0.6,0.75,0.666666666667,0.8,0.8,0.8,0.666666666667,0.8,0.727272727273
pM,512,195,R,mM,5,5,2,MACHINA (PhyloWGS),5,0.8,1.0,0.888888888889,0.8,0.8,0.8,0.666666666667,0.8,0.727272727273
pM,512,196,R,mM,5,5,2,MACHINA (PhyloWGS),5,0.8,1.0,0.888888888889,0.8,0.8,0.8,0.666666666667,0.8,0.727272727273
pM,512,206,R,mM,5,5,2,MACHINA (PhyloWGS),5,0.6,0.75,0.666666666667,0.8,0.8,0.8,0.666666666667,0.8,0.727272727273
pM,512,207,R,mM,5,5,2,MACHINA (PhyloWGS),5,0.6,0.75,0.666666666667,0.8,0.8,0.8,0.666666666667,0.8,0.727272727273
pM,512,162,R,mM,5,5,2,MACHINA (PhyloWGS),5,0.8,1.0,0.888888888889,0.8,0.8,0.8,0.666666666667,0.8,0.727272727273
pM,512,212,R,mM,5,5,2,MACHINA (PhyloWGS),5,0.8,1.0,0.888888888889,0.8,0.8,0.8,0.666666666667,0.8,0.727272727273
pM,512,129,R,mM,5,5,2,MACHINA (PhyloWGS),5,0.8,1.0,0.888888888889,0.8,0.8,0.8,0.666666666667,0.8,0.727272727273
pM,512,149,R,mM,5,5,2,MACHINA (PhyloWGS),5,0.6,0.75,0.666666666667,0.8,0.8,0.8,0.666666666667,0.8,0.727272727273
pM,512,163,R,mM,5,5,2,MACHINA (PhyloWGS),5,0.6,0.75,0.666666666667,0.8,0.8,0.8,0.666666666667,0.8,0.727272727273
pM,512,137,R,mM,5,5,2,MACHINA (PhyloWGS),5,0.8,1.0,0.888888888889,0.8,0.8,0.8,0.666666666667,0.8,0.727272727273
pM,512,154,R,mM,5,5,2,MACHINA (PhyloWGS),5,0.6,0.75,0.666666666667,0.8,0.8,0.8,0.666666666667,0.8,0.727272727273
pM,512,125,R,mM,5,5,2,MACHINA (PhyloWGS),5,0.8,1.0,0.888888888889,0.8,0.8,0.8,0.666666666667,0.8,0.727272727273
pM,512,139,R,mM,5,5,2,MACHINA (PhyloWGS),5,0.8,1.0,0.888888888889,0.8,0.8,0.8,0.666666666667,0.8,0.727272727273
pM,512,140,R,mM,5,5,2,MACHINA (PhyloWGS),5,0.8,1.0,0.888888888889,0.8,0.8,0.8,0.666666666667,0.8,0.727272727273
pM,512,130,R,mM,5,5,2,MACHINA (PhyloWGS),5,0.8,1.0,0.888888888889,0.8,0.8,0.8,0.666666666667,0.8,0.727272727273
pM,512,144,R,mM,5,5,2,MACHINA (PhyloWGS),5,0.8,1.0,0.888888888889,0.8,0.8,0.8,0.666666666667,0.8,0.727272727273
pM,512,205,R,mM,5,5,2,MACHINA (PhyloWGS),5,0.8,1.0,0.888888888889,0.8,0.8,0.8,0.666666666667,0.8,0.727272727273
pM,512,155,R,mM,5,5,2,MACHINA (PhyloWGS),5,0.8,1.0,0.888888888889,0.8,0.8,0.8,0.666666666667,0.8,0.727272727273
pM,512,126,R,mM,5,5,2,MACHINA (PhyloWGS),5,0.8,1.0,0.888888888889,0.8,0.8,0.8,0.666666666667,0.8,0.727272727273
pM,512,156,R,mM,5,5,2,MACHINA (PhyloWGS),5,0.6,0.75,0.666666666667,0.8,0.8,0.8,0.666666666667,0.8,0.727272727273
pM,512,131,R,mM,5,5,2,MACHINA (PhyloWGS),5,0.8,1.0,0.888888888889,0.8,0.8,0.8,0.666666666667,0.8,0.727272727273
pM,512,221,R,mM,5,5,2,MACHINA (PhyloWGS),5,0.6,0.75,0.666666666667,0.8,0.8,0.8,0.666666666667,0.8,0.727272727273
pM,512,197,R,mM,5,5,2,MACHINA (PhyloWGS),5,0.8,1.0,0.888888888889,0.8,0.8,0.8,0.666666666667,0.8,0.727272727273
pM,512,148,R,mM,5,5,2,MACHINA (PhyloWGS),5,0.8,1.0,0.888888888889,0.8,0.8,0.8,0.666666666667,0.8,0.727272727273
pM,512,202,R,mM,5,5,2,MACHINA (PhyloWGS),5,0.8,1.0,0.888888888889,0.8,0.8,0.8,0.666666666667,0.8,0.727272727273
pM,512,222,R,mM,5,5,2,MACHINA (PhyloWGS),5,0.6,0.75,0.666666666667,0.8,0.8,0.8,0.666666666667,0.8,0.727272727273
pM,512,124,R,mM,5,5,2,MACHINA (PhyloWGS),5,0.8,0.8,0.8,0.8,0.8,0.8,0.666666666667,0.8,0.727272727273
pM,512,223,R,mM,5,5,2,MACHINA (PhyloWGS),5,0.8,1.0,0.888888888889,0.8,0.8,0.8,0.666666666667,0.8,0.727272727273
pM,512,213,R,mM,5,5,2,MACHINA (PhyloWGS),5,0.6,0.75,0.666666666667,0.8,0.8,0.8,0.666666666667,0.8,0.727272727273
pM,534,3,R,pPS,5,4,1,MACHINA (PhyloWGS),4,0.4,1.0,0.571428571429,0.6,0.75,0.666666666667,0.5,0.6,0.545454545455
pM,534,4,R,pPS,5,4,1,MACHINA (PhyloWGS),5,0.6,0.75,0.666666666667,0.6,0.75,0.666666666667,0.5,0.6,0.545454545455
pM,534,2,R,pPS,5,4,1,MACHINA (PhyloWGS),4,0.4,1.0,0.571428571429,0.6,0.75,0.666666666667,0.5,0.6,0.545454545455
pM,534,5,R,pPS,5,4,1,MACHINA (PhyloWGS),5,0.6,0.75,0.666666666667,0.6,0.75,0.666666666667,0.5,0.6,0.545454545455
pM,545,127,R,mS,5,5,2,MACHINA (PhyloWGS),7,1.0,0.8,0.888888888889,0.5,0.6,0.545454545455,0.428571428571,0.6,0.5
pM,545,154,R,mS,5,5,2,MACHINA (PhyloWGS),7,1.0,0.8,0.888888888889,0.5,0.6,0.545454545455,0.428571428571,0.6,0.5
pM,545,89,R,mS,5,5,2,MACHINA (PhyloWGS),7,1.0,0.8,0.888888888889,0.5,0.6,0.545454545455,0.428571428571,0.6,0.5
pM,545,134,R,mS,5,5,2,MACHINA (PhyloWGS),7,1.0,0.8,0.888888888889,0.5,0.6,0.545454545455,0.428571428571,0.6,0.5
pM,545,64,R,mS,5,5,2,MACHINA (PhyloWGS),7,1.0,0.8,0.888888888889,0.5,0.6,0.545454545455,0.428571428571,0.6,0.5
pM,545,139,R,mS,5,5,2,MACHINA (PhyloWGS),7,1.0,0.8,0.888888888889,0.5,0.6,0.545454545455,0.428571428571,0.6,0.5
pM,545,88,R,mS,5,5,2,MACHINA (PhyloWGS),7,1.0,0.8,0.888888888889,0.5,0.6,0.545454545455,0.428571428571,0.6,0.5
pM,545,73,R,mS,5,5,2,MACHINA (PhyloWGS),7,1.0,1.0,1.0,0.5,0.6,0.545454545455,0.428571428571,0.6,0.5
pM,545,163,R,mS,5,5,2,MACHINA (PhyloWGS),7,1.0,0.8,0.888888888889,0.5,0.6,0.545454545455,0.428571428571,0.6,0.5
pM,545,65,R,mS,5,5,2,MACHINA (PhyloWGS),7,1.0,1.0,1.0,0.5,0.6,0.545454545455,0.428571428571,0.6,0.5
pM,545,102,R,mS,5,5,2,MACHINA (PhyloWGS),7,1.0,0.8,0.888888888889,0.5,0.6,0.545454545455,0.428571428571,0.6,0.5
pM,545,113,R,mS,5,5,2,MACHINA (PhyloWGS),7,1.0,1.0,1.0,0.5,0.6,0.545454545455,0.428571428571,0.6,0.5
pM,545,126,R,mS,5,5,2,MACHINA (PhyloWGS),7,1.0,0.8,0.888888888889,0.5,0.6,0.545454545455,0.428571428571,0.6,0.5
pM,545,93,R,mS,5,5,2,MACHINA (PhyloWGS),7,1.0,0.8,0.888888888889,0.5,0.6,0.545454545455,0.428571428571,0.6,0.5
pM,545,56,R,mS,5,5,2,MACHINA (PhyloWGS),7,1.0,0.8,0.888888888889,0.5,0.6,0.545454545455,0.428571428571,0.6,0.5
pM,545,63,R,mS,5,5,2,MACHINA (PhyloWGS),7,1.0,1.0,1.0,0.5,0.6,0.545454545455,0.428571428571,0.6,0.5
pM,545,87,R,mS,5,5,2,MACHINA (PhyloWGS),7,1.0,0.8,0.888888888889,0.5,0.6,0.545454545455,0.428571428571,0.6,0.5
pM,545,90,R,mS,5,5,2,MACHINA (PhyloWGS),7,1.0,0.8,0.888888888889,0.5,0.6,0.545454545455,0.428571428571,0.6,0.5
pM,545,164,R,mS,5,5,2,MACHINA (PhyloWGS),7,1.0,0.8,0.888888888889,0.5,0.6,0.545454545455,0.428571428571,0.6,0.5
pM,545,70,R,mS,5,5,2,MACHINA (PhyloWGS),7,1.0,0.8,0.888888888889,0.5,0.6,0.545454545455,0.428571428571,0.6,0.5
pM,545,165,R,mS,5,5,2,MACHINA (PhyloWGS),7,1.0,0.8,0.888888888889,0.5,0.6,0.545454545455,0.428571428571,0.6,0.5
pM,545,111,R,mS,5,5,2,MACHINA (PhyloWGS),7,1.0,1.0,1.0,0.5,0.6,0.545454545455,0.428571428571,0.6,0.5
pM,545,135,R,mS,5,5,2,MACHINA (PhyloWGS),7,1.0,0.8,0.888888888889,0.5,0.6,0.545454545455,0.428571428571,0.6,0.5
pM,545,118,R,mS,5,5,2,MACHINA (PhyloWGS),7,1.0,1.0,1.0,0.5,0.6,0.545454545455,0.428571428571,0.6,0.5
pM,545,159,R,mS,5,5,2,MACHINA (PhyloWGS),7,1.0,0.8,0.888888888889,0.5,0.6,0.545454545455,0.428571428571,0.6,0.5
pM,545,108,R,mS,5,5,2,MACHINA (PhyloWGS),7,1.0,1.0,1.0,0.5,0.6,0.545454545455,0.428571428571,0.6,0.5
pM,545,142,R,mS,5,5,2,MACHINA (PhyloWGS),7,1.0,0.8,0.888888888889,0.5,0.6,0.545454545455,0.428571428571,0.6,0.5
pM,545,147,R,mS,5,5,2,MACHINA (PhyloWGS),7,1.0,0.8,0.888888888889,0.5,0.6,0.545454545455,0.428571428571,0.6,0.5
pM,545,62,R,mS,5,5,2,MACHINA (PhyloWGS),7,1.0,0.8,0.888888888889,0.5,0.6,0.545454545455,0.428571428571,0.6,0.5
pM,545,86,R,mS,5,5,2,MACHINA (PhyloWGS),7,1.0,0.8,0.888888888889,0.5,0.6,0.545454545455,0.428571428571,0.6,0.5
pM,545,53,R,mS,5,5,2,MACHINA (PhyloWGS),7,1.0,0.8,0.888888888889,0.5,0.6,0.545454545455,0.428571428571,0.6,0.5
pM,545,144,R,mS,5,5,2,MACHINA (PhyloWGS),7,1.0,0.8,0.888888888889,0.5,0.6,0.545454545455,0.428571428571,0.6,0.5
pM,545,110,R,mS,5,5,2,MACHINA (PhyloWGS),7,1.0,1.0,1.0,0.5,0.6,0.545454545455,0.428571428571,0.6,0.5
pM,545,100,R,mS,5,5,2,MACHINA (PhyloWGS),7,0.75,0.6,0.666666666667,0.5,0.6,0.545454545455,0.428571428571,0.6,0.5
pM,545,101,R,mS,5,5,2,MACHINA (PhyloWGS),7,0.75,0.6,0.666666666667,0.5,0.6,0.545454545455,0.428571428571,0.6,0.5
pM,545,145,R,mS,5,5,2,MACHINA (PhyloWGS),7,1.0,0.8,0.888888888889,0.5,0.6,0.545454545455,0.428571428571,0.6,0.5
pM,545,112,R,mS,5,5,2,MACHINA (PhyloWGS),7,1.0,1.0,1.0,0.5,0.6,0.545454545455,0.428571428571,0.6,0.5
pM,545,78,R,mS,5,5,2,MACHINA (PhyloWGS),7,1.0,0.8,0.888888888889,0.5,0.6,0.545454545455,0.428571428571,0.6,0.5
pM,545,136,R,mS,5,5,2,MACHINA (PhyloWGS),7,1.0,0.8,0.888888888889,0.5,0.6,0.545454545455,0.428571428571,0.6,0.5
pM,545,57,R,mS,5,5,2,MACHINA (PhyloWGS),7,1.0,0.8,0.888888888889,0.5,0.6,0.545454545455,0.428571428571,0.6,0.5
pM,545,68,R,mS,5,5,2,MACHINA (PhyloWGS),7,1.0,1.0,1.0,0.5,0.6,0.545454545455,0.428571428571,0.6,0.5
pM,545,143,R,mS,5,5,2,MACHINA (PhyloWGS),7,1.0,0.8,0.888888888889,0.5,0.6,0.545454545455,0.428571428571,0.6,0.5
pM,545,92,R,mS,5,5,2,MACHINA (PhyloWGS),7,1.0,0.8,0.888888888889,0.5,0.6,0.545454545455,0.428571428571,0.6,0.5
pM,545,107,R,mS,5,5,2,MACHINA (PhyloWGS),7,1.0,0.8,0.888888888889,0.5,0.6,0.545454545455,0.428571428571,0.6,0.5
pM,545,167,R,mS,5,5,2,MACHINA (PhyloWGS),7,1.0,0.8,0.888888888889,0.5,0.6,0.545454545455,0.428571428571,0.6,0.5
pM,545,116,R,mS,5,5,2,MACHINA (PhyloWGS),7,1.0,1.0,1.0,0.5,0.6,0.545454545455,0.428571428571,0.6,0.5
pM,545,128,R,mS,5,5,2,MACHINA (PhyloWGS),7,1.0,0.8,0.888888888889,0.5,0.6,0.545454545455,0.428571428571,0.6,0.5
pM,545,114,R,mS,5,5,2,MACHINA (PhyloWGS),7,1.0,1.0,1.0,0.5,0.6,0.545454545455,0.428571428571,0.6,0.5
pM,545,81,R,mS,5,5,2,MACHINA (PhyloWGS),7,1.0,0.8,0.888888888889,0.5,0.6,0.545454545455,0.428571428571,0.6,0.5
pM,545,60,R,mS,5,5,2,MACHINA (PhyloWGS),7,1.0,0.8,0.888888888889,0.5,0.6,0.545454545455,0.428571428571,0.6,0.5
pM,545,61,R,mS,5,5,2,MACHINA (PhyloWGS),7,1.0,0.8,0.888888888889,0.5,0.6,0.545454545455,0.428571428571,0.6,0.5
pM,545,152,R,mS,5,5,2,MACHINA (PhyloWGS),7,1.0,0.8,0.888888888889,0.5,0.6,0.545454545455,0.428571428571,0.6,0.5
pM,545,137,R,mS,5,5,2,MACHINA (PhyloWGS),7,1.0,0.8,0.888888888889,0.5,0.6,0.545454545455,0.428571428571,0.6,0.5
pM,545,109,R,mS,5,5,2,MACHINA (PhyloWGS),7,1.0,1.0,1.0,0.5,0.6,0.545454545455,0.428571428571,0.6,0.5
pM,545,72,R,mS,5,5,2,MACHINA (PhyloWGS),7,1.0,0.8,0.888888888889,0.5,0.6,0.545454545455,0.428571428571,0.6,0.5
pM,545,166,R,mS,5,5,2,MACHINA (PhyloWGS),7,1.0,0.8,0.888888888889,0.5,0.6,0.545454545455,0.428571428571,0.6,0.5
pM,545,133,R,mS,5,5,2,MACHINA (PhyloWGS),7,1.0,0.8,0.888888888889,0.5,0.6,0.545454545455,0.428571428571,0.6,0.5
pM,545,120,R,mS,5,5,2,MACHINA (PhyloWGS),7,1.0,1.0,1.0,0.5,0.6,0.545454545455,0.428571428571,0.6,0.5
pM,545,106,R,mS,5,5,2,MACHINA (PhyloWGS),7,1.0,0.8,0.888888888889,0.5,0.6,0.545454545455,0.428571428571,0.6,0.5
pM,545,105,R,mS,5,5,2,MACHINA (PhyloWGS),7,1.0,0.8,0.888888888889,0.5,0.6,0.545454545455,0.428571428571,0.6,0.5
pM,545,52,R,mS,5,5,2,MACHINA (PhyloWGS),7,1.0,0.8,0.888888888889,0.5,0.6,0.545454545455,0.428571428571,0.6,0.5
pM,545,67,R,mS,5,5,2,MACHINA (PhyloWGS),7,1.0,1.0,1.0,0.5,0.6,0.545454545455,0.428571428571,0.6,0.5
pM,545,130,R,mS,5,5,2,MACHINA (PhyloWGS),7,1.0,0.8,0.888888888889,0.5,0.6,0.545454545455,0.428571428571,0.6,0.5
pM,545,91,R,mS,5,5,2,MACHINA (PhyloWGS),7,1.0,0.8,0.888888888889,0.5,0.6,0.545454545455,0.428571428571,0.6,0.5
pM,545,151,R,mS,5,5,2,MACHINA (PhyloWGS),7,1.0,0.8,0.888888888889,0.5,0.6,0.545454545455,0.428571428571,0.6,0.5
pM,545,115,R,mS,5,5,2,MACHINA (PhyloWGS),7,1.0,1.0,1.0,0.5,0.6,0.545454545455,0.428571428571,0.6,0.5
pM,545,50,R,mS,5,5,2,MACHINA (PhyloWGS),7,1.0,0.8,0.888888888889,0.5,0.6,0.545454545455,0.428571428571,0.6,0.5
pM,545,158,R,mS,5,5,2,MACHINA (PhyloWGS),7,1.0,0.8,0.888888888889,0.5,0.6,0.545454545455,0.428571428571,0.6,0.5
pM,545,74,R,mS,5,5,2,MACHINA (PhyloWGS),7,1.0,0.8,0.888888888889,0.5,0.6,0.545454545455,0.428571428571,0.6,0.5
pM,545,98,R,mS,5,5,2,MACHINA (PhyloWGS),7,1.0,0.8,0.888888888889,0.5,0.6,0.545454545455,0.428571428571,0.6,0.5
pM,545,122,R,mS,5,5,2,MACHINA (PhyloWGS),7,1.0,1.0,1.0,0.5,0.6,0.545454545455,0.428571428571,0.6,0.5
pM,545,69,R,mS,5,5,2,MACHINA (PhyloWGS),7,1.0,0.8,0.888888888889,0.5,0.6,0.545454545455,0.428571428571,0.6,0.5
pM,545,150,R,mS,5,5,2,MACHINA (PhyloWGS),7,1.0,0.8,0.888888888889,0.5,0.6,0.545454545455,0.428571428571,0.6,0.5
pM,545,117,R,mS,5,5,2,MACHINA (PhyloWGS),7,1.0,1.0,1.0,0.5,0.6,0.545454545455,0.428571428571,0.6,0.5
pM,545,66,R,mS,5,5,2,MACHINA (PhyloWGS),7,1.0,0.8,0.888888888889,0.5,0.6,0.545454545455,0.428571428571,0.6,0.5
pM,545,161,R,mS,5,5,2,MACHINA (PhyloWGS),7,1.0,0.8,0.888888888889,0.5,0.6,0.545454545455,0.428571428571,0.6,0.5
pM,545,140,R,mS,5,5,2,MACHINA (PhyloWGS),7,1.0,0.8,0.888888888889,0.5,0.6,0.545454545455,0.428571428571,0.6,0.5
pM,545,141,R,mS,5,5,2,MACHINA (PhyloWGS),7,1.0,0.8,0.888888888889,0.5,0.6,0.545454545455,0.428571428571,0.6,0.5
pM,545,51,R,mS,5,5,2,MACHINA (PhyloWGS),7,1.0,0.8,0.888888888889,0.5,0.6,0.545454545455,0.428571428571,0.6,0.5
pM,545,75,R,mS,5,5,2,MACHINA (PhyloWGS),7,1.0,0.8,0.888888888889,0.5,0.6,0.545454545455,0.428571428571,0.6,0.5
pM,545,94,R,mS,5,5,2,MACHINA (PhyloWGS),7,1.0,0.8,0.888888888889,0.5,0.6,0.545454545455,0.428571428571,0.6,0.5
pM,545,99,R,mS,5,5,2,MACHINA (PhyloWGS),7,0.75,0.6,0.666666666667,0.5,0.6,0.545454545455,0.428571428571,0.6,0.5
pM,545,123,R,mS,5,5,2,MACHINA (PhyloWGS),7,1.0,0.8,0.888888888889,0.5,0.6,0.545454545455,0.428571428571,0.6,0.5
pM,545,58,R,mS,5,5,2,MACHINA (PhyloWGS),7,1.0,0.8,0.888888888889,0.5,0.6,0.545454545455,0.428571428571,0.6,0.5
pM,545,121,R,mS,5,5,2,MACHINA (PhyloWGS),7,1.0,1.0,1.0,0.5,0.6,0.545454545455,0.428571428571,0.6,0.5
pM,545,132,R,mS,5,5,2,MACHINA (PhyloWGS),7,1.0,0.8,0.888888888889,0.5,0.6,0.545454545455,0.428571428571,0.6,0.5
pM,545,49,R,mS,5,5,2,MACHINA (PhyloWGS),7,1.0,0.8,0.888888888889,0.5,0.6,0.545454545455,0.428571428571,0.6,0.5
pM,545,156,R,mS,5,5,2,MACHINA (PhyloWGS),7,1.0,0.8,0.888888888889,0.5,0.6,0.545454545455,0.428571428571,0.6,0.5
pM,545,97,R,mS,5,5,2,MACHINA (PhyloWGS),7,0.75,0.6,0.666666666667,0.5,0.6,0.545454545455,0.428571428571,0.6,0.5
pM,545,76,R,mS,5,5,2,MACHINA (PhyloWGS),7,1.0,0.8,0.888888888889,0.5,0.6,0.545454545455,0.428571428571,0.6,0.5
pM,545,77,R,mS,5,5,2,MACHINA (PhyloWGS),7,1.0,1.0,1.0,0.5,0.6,0.545454545455,0.428571428571,0.6,0.5
pM,545,124,R,mS,5,5,2,MACHINA (PhyloWGS),7,1.0,0.8,0.888888888889,0.5,0.6,0.545454545455,0.428571428571,0.6,0.5
pM,545,125,R,mS,5,5,2,MACHINA (PhyloWGS),7,1.0,0.8,0.888888888889,0.5,0.6,0.545454545455,0.428571428571,0.6,0.5
pM,545,71,R,mS,5,5,2,MACHINA (PhyloWGS),7,1.0,0.8,0.888888888889,0.5,0.6,0.545454545455,0.428571428571,0.6,0.5
pM,545,148,R,mS,5,5,2,MACHINA (PhyloWGS),7,1.0,0.8,0.888888888889,0.5,0.6,0.545454545455,0.428571428571,0.6,0.5
pM,545,54,R,mS,5,5,2,MACHINA (PhyloWGS),7,1.0,0.8,0.888888888889,0.5,0.6,0.545454545455,0.428571428571,0.6,0.5
pM,545,149,R,mS,5,5,2,MACHINA (PhyloWGS),7,1.0,0.8,0.888888888889,0.5,0.6,0.545454545455,0.428571428571,0.6,0.5
pM,545,95,R,mS,5,5,2,MACHINA (PhyloWGS),7,1.0,0.8,0.888888888889,0.5,0.6,0.545454545455,0.428571428571,0.6,0.5
pM,545,59,R,mS,5,5,2,MACHINA (PhyloWGS),7,1.0,0.8,0.888888888889,0.5,0.6,0.545454545455,0.428571428571,0.6,0.5
pM,545,119,R,mS,5,5,2,MACHINA (PhyloWGS),7,1.0,1.0,1.0,0.5,0.6,0.545454545455,0.428571428571,0.6,0.5
pM,545,83,R,mS,5,5,2,MACHINA (PhyloWGS),7,1.0,0.8,0.888888888889,0.5,0.6,0.545454545455,0.428571428571,0.6,0.5
pM,545,160,R,mS,5,5,2,MACHINA (PhyloWGS),7,1.0,0.8,0.888888888889,0.5,0.6,0.545454545455,0.428571428571,0.6,0.5
pM,545,146,R,mS,5,5,2,MACHINA (PhyloWGS),7,1.0,0.8,0.888888888889,0.5,0.6,0.545454545455,0.428571428571,0.6,0.5
pM,545,131,R,mS,5,5,2,MACHINA (PhyloWGS),7,1.0,0.8,0.888888888889,0.5,0.6,0.545454545455,0.428571428571,0.6,0.5
pM,545,80,R,mS,5,5,2,MACHINA (PhyloWGS),7,1.0,0.8,0.888888888889,0.5,0.6,0.545454545455,0.428571428571,0.6,0.5
pM,545,155,R,mS,5,5,2,MACHINA (PhyloWGS),7,1.0,0.8,0.888888888889,0.5,0.6,0.545454545455,0.428571428571,0.6,0.5
pM,545,104,R,mS,5,5,2,MACHINA (PhyloWGS),7,1.0,0.8,0.888888888889,0.5,0.6,0.545454545455,0.428571428571,0.6,0.5
pM,545,153,R,mS,5,5,2,MACHINA (PhyloWGS),7,1.0,0.8,0.888888888889,0.5,0.6,0.545454545455,0.428571428571,0.6,0.5
pM,545,138,R,mS,5,5,2,MACHINA (PhyloWGS),7,1.0,0.8,0.888888888889,0.5,0.6,0.545454545455,0.428571428571,0.6,0.5
pM,545,84,R,mS,5,5,2,MACHINA (PhyloWGS),7,1.0,0.8,0.888888888889,0.5,0.6,0.545454545455,0.428571428571,0.6,0.5
pM,545,85,R,mS,5,5,2,MACHINA (PhyloWGS),7,1.0,0.8,0.888888888889,0.5,0.6,0.545454545455,0.428571428571,0.6,0.5
pM,545,48,R,mS,5,5,2,MACHINA (PhyloWGS),7,1.0,1.0,1.0,0.5,0.6,0.545454545455,0.428571428571,0.6,0.5
pM,545,162,R,mS,5,5,2,MACHINA (PhyloWGS),7,1.0,0.8,0.888888888889,0.5,0.6,0.545454545455,0.428571428571,0.6,0.5
pM,545,129,R,mS,5,5,2,MACHINA (PhyloWGS),7,1.0,0.8,0.888888888889,0.5,0.6,0.545454545455,0.428571428571,0.6,0.5
pM,545,55,R,mS,5,5,2,MACHINA (PhyloWGS),7,1.0,0.8,0.888888888889,0.5,0.6,0.545454545455,0.428571428571,0.6,0.5
pM,545,96,R,mS,5,5,2,MACHINA (PhyloWGS),7,0.75,0.6,0.666666666667,0.5,0.6,0.545454545455,0.428571428571,0.6,0.5
pM,545,79,R,mS,5,5,2,MACHINA (PhyloWGS),7,1.0,0.8,0.888888888889,0.5,0.6,0.545454545455,0.428571428571,0.6,0.5
pM,545,82,R,mS,5,5,2,MACHINA (PhyloWGS),7,1.0,0.8,0.888888888889,0.5,0.6,0.545454545455,0.428571428571,0.6,0.5
pM,545,157,R,mS,5,5,2,MACHINA (PhyloWGS),7,1.0,0.8,0.888888888889,0.5,0.6,0.545454545455,0.428571428571,0.6,0.5
pM,545,103,R,mS,5,5,2,MACHINA (PhyloWGS),7,1.0,0.8,0.888888888889,0.5,0.6,0.545454545455,0.428571428571,0.6,0.5
pM,565,1,R,mPS,4,4,1,MACHINA (PhyloWGS),6,0.5,0.666666666667,0.571428571429,0.8,1.0,0.888888888889,0.666666666667,1.0,0.8
pM,694,10,R,pS,6,4,2,MACHINA (PhyloWGS),1,0.8,1.0,0.888888888889,0.6,0.75,0.666666666667,0.666666666667,0.666666666667,0.666666666667
pM,694,13,R,pS,6,4,2,MACHINA (PhyloWGS),1,0.8,1.0,0.888888888889,0.6,0.75,0.666666666667,0.666666666667,0.666666666667,0.666666666667
pM,694,12,R,pS,6,4,2,MACHINA (PhyloWGS),1,0.8,1.0,0.888888888889,0.6,0.75,0.666666666667,0.666666666667,0.666666666667,0.666666666667
pM,694,17,R,pS,6,4,2,MACHINA (PhyloWGS),1,0.8,1.0,0.888888888889,0.6,0.75,0.666666666667,0.666666666667,0.666666666667,0.666666666667
pM,694,15,R,pS,6,4,2,MACHINA (PhyloWGS),0,0.8,1.0,0.888888888889,0.8,1.0,0.888888888889,0.833333333333,0.833333333333,0.833333333333
pM,694,16,R,pS,6,4,2,MACHINA (PhyloWGS),1,0.8,1.0,0.888888888889,0.6,0.75,0.666666666667,0.666666666667,0.666666666667,0.666666666667
pM,694,14,R,pS,6,4,2,MACHINA (PhyloWGS),1,0.8,1.0,0.888888888889,0.6,0.75,0.666666666667,0.666666666667,0.666666666667,0.666666666667
pM,694,11,R,pS,6,4,2,MACHINA (PhyloWGS),0,0.8,1.0,0.888888888889,0.8,1.0,0.888888888889,0.833333333333,0.833333333333,0.833333333333
pM,76,40,R,pPS,6,4,1,MACHINA (PhyloWGS),1,0.8,1.0,0.888888888889,0.6,0.75,0.666666666667,0.666666666667,0.666666666667,0.666666666667
pM,76,9,R,pPS,6,4,1,MACHINA (PhyloWGS),1,0.6,0.75,0.666666666667,0.6,0.75,0.666666666667,0.666666666667,0.666666666667,0.666666666667
pM,76,1,R,pPS,6,4,1,MACHINA (PhyloWGS),1,0.6,0.75,0.666666666667,0.6,0.75,0.666666666667,0.666666666667,0.666666666667,0.666666666667
pM,76,2,R,pPS,6,4,1,MACHINA (PhyloWGS),1,0.8,1.0,0.888888888889,0.6,0.75,0.666666666667,0.666666666667,0.666666666667,0.666666666667
pM,76,21,R,pPS,6,4,1,MACHINA (PhyloWGS),1,0.8,1.0,0.888888888889,0.6,0.75,0.666666666667,0.666666666667,0.666666666667,0.666666666667
pM,76,3,R,pPS,6,4,1,MACHINA (PhyloWGS),1,0.8,1.0,0.888888888889,0.6,0.75,0.666666666667,0.666666666667,0.666666666667,0.666666666667
pM,76,22,R,pPS,6,4,1,MACHINA (PhyloWGS),1,0.8,1.0,0.888888888889,0.6,0.75,0.666666666667,0.666666666667,0.666666666667,0.666666666667
pM,76,4,R,pPS,6,4,1,MACHINA (PhyloWGS),1,0.6,0.75,0.666666666667,0.6,0.75,0.666666666667,0.666666666667,0.666666666667,0.666666666667
pM,76,23,R,pPS,6,4,1,MACHINA (PhyloWGS),1,0.8,1.0,0.888888888889,0.6,0.75,0.666666666667,0.666666666667,0.666666666667,0.666666666667
pM,76,26,R,pPS,6,4,1,MACHINA (PhyloWGS),1,0.6,0.75,0.666666666667,0.6,0.75,0.666666666667,0.666666666667,0.666666666667,0.666666666667
pM,76,45,R,pPS,6,4,1,MACHINA (PhyloWGS),1,0.8,1.0,0.888888888889,0.6,0.75,0.666666666667,0.666666666667,0.666666666667,0.666666666667
pM,76,8,R,pPS,6,4,1,MACHINA (PhyloWGS),1,0.6,0.75,0.666666666667,0.6,0.75,0.666666666667,0.666666666667,0.666666666667,0.666666666667
pM,76,27,R,pPS,6,4,1,MACHINA (PhyloWGS),1,0.8,1.0,0.888888888889,0.6,0.75,0.666666666667,0.666666666667,0.666666666667,0.666666666667
pM,76,46,R,pPS,6,4,1,MACHINA (PhyloWGS),1,0.8,1.0,0.888888888889,0.6,0.75,0.666666666667,0.666666666667,0.666666666667,0.666666666667
pM,76,49,R,pPS,6,4,1,MACHINA (PhyloWGS),1,0.8,1.0,0.888888888889,0.6,0.75,0.666666666667,0.666666666667,0.666666666667,0.666666666667
pM,76,28,R,pPS,6,4,1,MACHINA (PhyloWGS),1,0.8,1.0,0.888888888889,0.6,0.75,0.666666666667,0.666666666667,0.666666666667,0.666666666667
pM,76,47,R,pPS,6,4,1,MACHINA (PhyloWGS),1,0.8,0.8,0.8,0.6,0.75,0.666666666667,0.666666666667,0.666666666667,0.666666666667
pM,76,50,R,pPS,6,4,1,MACHINA (PhyloWGS),1,0.8,1.0,0.888888888889,0.6,0.75,0.666666666667,0.666666666667,0.666666666667,0.666666666667
pM,76,32,R,pPS,6,4,1,MACHINA (PhyloWGS),1,0.8,1.0,0.888888888889,0.6,0.75,0.666666666667,0.666666666667,0.666666666667,0.666666666667
pM,76,51,R,pPS,6,4,1,MACHINA (PhyloWGS),1,0.8,1.0,0.888888888889,0.6,0.75,0.666666666667,0.666666666667,0.666666666667,0.666666666667
pM,76,52,R,pPS,6,4,1,MACHINA (PhyloWGS),1,0.8,1.0,0.888888888889,0.6,0.75,0.666666666667,0.666666666667,0.666666666667,0.666666666667
pM,76,13,R,pPS,6,4,1,MACHINA (PhyloWGS),1,0.8,1.0,0.888888888889,0.6,0.75,0.666666666667,0.666666666667,0.666666666667,0.666666666667
pM,76,14,R,pPS,6,4,1,MACHINA (PhyloWGS),1,0.8,1.0,0.888888888889,0.6,0.75,0.666666666667,0.666666666667,0.666666666667,0.666666666667
pM,76,17,R,pPS,6,4,1,MACHINA (PhyloWGS),1,0.8,1.0,0.888888888889,0.6,0.75,0.666666666667,0.666666666667,0.666666666667,0.666666666667
pM,76,15,R,pPS,6,4,1,MACHINA (PhyloWGS),1,0.8,1.0,0.888888888889,0.6,0.75,0.666666666667,0.666666666667,0.666666666667,0.666666666667
pM,76,18,R,pPS,6,4,1,MACHINA (PhyloWGS),1,0.8,1.0,0.888888888889,0.6,0.75,0.666666666667,0.666666666667,0.666666666667,0.666666666667
pM,76,37,R,pPS,6,4,1,MACHINA (PhyloWGS),1,0.8,1.0,0.888888888889,0.6,0.75,0.666666666667,0.666666666667,0.666666666667,0.666666666667
pM,76,0,R,pPS,6,4,1,MACHINA (PhyloWGS),1,0.8,0.8,0.8,0.6,0.75,0.666666666667,0.666666666667,0.666666666667,0.666666666667
pM,76,19,R,pPS,6,4,1,MACHINA (PhyloWGS),1,0.8,1.0,0.888888888889,0.6,0.75,0.666666666667,0.666666666667,0.666666666667,0.666666666667
pM,76,38,R,pPS,6,4,1,MACHINA (PhyloWGS),1,0.8,1.0,0.888888888889,0.6,0.75,0.666666666667,0.666666666667,0.666666666667,0.666666666667
pM,76,20,R,pPS,6,4,1,MACHINA (PhyloWGS),1,0.8,1.0,0.888888888889,0.6,0.75,0.666666666667,0.666666666667,0.666666666667,0.666666666667
pM,76,39,R,pPS,6,4,1,MACHINA (PhyloWGS),1,0.8,1.0,0.888888888889,0.6,0.75,0.666666666667,0.666666666667,0.666666666667,0.666666666667
pM,76,42,R,pPS,6,4,1,MACHINA (PhyloWGS),1,0.8,1.0,0.888888888889,0.6,0.75,0.666666666667,0.666666666667,0.666666666667,0.666666666667
pM,76,24,R,pPS,6,4,1,MACHINA (PhyloWGS),1,0.6,0.75,0.666666666667,0.6,0.75,0.666666666667,0.666666666667,0.666666666667,0.666666666667
pM,76,43,R,pPS,6,4,1,MACHINA (PhyloWGS),1,0.8,1.0,0.888888888889,0.6,0.75,0.666666666667,0.666666666667,0.666666666667,0.666666666667
pM,76,44,R,pPS,6,4,1,MACHINA (PhyloWGS),1,0.8,1.0,0.888888888889,0.6,0.75,0.666666666667,0.666666666667,0.666666666667,0.666666666667
pM,76,48,R,pPS,6,4,1,MACHINA (PhyloWGS),1,0.8,1.0,0.888888888889,0.6,0.75,0.666666666667,0.666666666667,0.666666666667,0.666666666667
pM,76,5,R,pPS,6,4,1,MACHINA (PhyloWGS),1,0.6,0.75,0.666666666667,0.6,0.75,0.666666666667,0.666666666667,0.666666666667,0.666666666667
pM,76,6,R,pPS,6,4,1,MACHINA (PhyloWGS),1,0.8,1.0,0.888888888889,0.6,0.75,0.666666666667,0.666666666667,0.666666666667,0.666666666667
pM,76,41,R,pPS,6,4,1,MACHINA (PhyloWGS),1,0.8,1.0,0.888888888889,0.6,0.75,0.666666666667,0.666666666667,0.666666666667,0.666666666667
pM,76,7,R,pPS,6,4,1,MACHINA (PhyloWGS),1,0.8,1.0,0.888888888889,0.6,0.75,0.666666666667,0.666666666667,0.666666666667,0.666666666667
pM,76,10,R,pPS,6,4,1,MACHINA (PhyloWGS),1,0.8,1.0,0.888888888889,0.6,0.75,0.666666666667,0.666666666667,0.666666666667,0.666666666667
pM,76,29,R,pPS,6,4,1,MACHINA (PhyloWGS),1,0.6,0.75,0.666666666667,0.6,0.75,0.666666666667,0.666666666667,0.666666666667,0.666666666667
pM,76,11,R,pPS,6,4,1,MACHINA (PhyloWGS),1,0.8,1.0,0.888888888889,0.6,0.75,0.666666666667,0.666666666667,0.666666666667,0.666666666667
pM,76,30,R,pPS,6,4,1,MACHINA (PhyloWGS),1,0.8,1.0,0.888888888889,0.6,0.75,0.666666666667,0.666666666667,0.666666666667,0.666666666667
pM,76,33,R,pPS,6,4,1,MACHINA (PhyloWGS),1,0.8,0.8,0.8,0.6,0.75,0.666666666667,0.666666666667,0.666666666667,0.666666666667
pM,76,12,R,pPS,6,4,1,MACHINA (PhyloWGS),1,0.8,1.0,0.888888888889,0.6,0.75,0.666666666667,0.666666666667,0.666666666667,0.666666666667
pM,76,31,R,pPS,6,4,1,MACHINA (PhyloWGS),1,0.6,0.75,0.666666666667,0.6,0.75,0.666666666667,0.666666666667,0.666666666667,0.666666666667
pM,76,34,R,pPS,6,4,1,MACHINA (PhyloWGS),1,0.8,1.0,0.888888888889,0.6,0.75,0.666666666667,0.666666666667,0.666666666667,0.666666666667
pM,76,53,R,pPS,6,4,1,MACHINA (PhyloWGS),1,0.8,0.8,0.8,0.6,0.75,0.666666666667,0.666666666667,0.666666666667,0.666666666667
pM,76,16,R,pPS,6,4,1,MACHINA (PhyloWGS),1,0.8,1.0,0.888888888889,0.6,0.75,0.666666666667,0.666666666667,0.666666666667,0.666666666667
pM,76,35,R,pPS,6,4,1,MACHINA (PhyloWGS),1,0.8,1.0,0.888888888889,0.6,0.75,0.666666666667,0.666666666667,0.666666666667,0.666666666667
pM,76,54,R,pPS,6,4,1,MACHINA (PhyloWGS),1,0.8,1.0,0.888888888889,0.6,0.75,0.666666666667,0.666666666667,0.666666666667,0.666666666667
pM,76,25,R,pPS,6,4,1,MACHINA (PhyloWGS),1,0.6,0.75,0.666666666667,0.6,0.75,0.666666666667,0.666666666667,0.666666666667,0.666666666667
pM,76,36,R,pPS,6,4,1,MACHINA (PhyloWGS),1,0.8,1.0,0.888888888889,0.6,0.75,0.666666666667,0.666666666667,0.666666666667,0.666666666667
pM,76,55,R,pPS,6,4,1,MACHINA (PhyloWGS),1,0.8,1.0,0.888888888889,0.6,0.75,0.666666666667,0.666666666667,0.666666666667,0.666666666667
pM,865,0,R,mM,5,5,3,MACHINA (PhyloWGS),2,0.8,0.8,0.8,0.4,0.4,0.4,0.285714285714,0.4,0.333333333333
pM,865,3,R,mM,5,5,3,MACHINA (PhyloWGS),2,0.8,0.8,0.8,0.4,0.4,0.4,0.285714285714,0.4,0.333333333333
pM,865,6,R,mM,5,5,3,MACHINA (PhyloWGS),2,0.8,0.8,0.8,0.4,0.4,0.4,0.285714285714,0.4,0.333333333333
pM,865,4,R,mM,5,5,3,MACHINA (PhyloWGS),2,0.8,0.8,0.8,0.4,0.4,0.4,0.285714285714,0.4,0.333333333333
pM,865,7,R,mM,5,5,3,MACHINA (PhyloWGS),2,0.8,0.8,0.8,0.4,0.4,0.4,0.285714285714,0.4,0.333333333333
pM,865,2,R,mM,5,5,3,MACHINA (PhyloWGS),2,0.8,0.8,0.8,0.4,0.4,0.4,0.285714285714,0.4,0.333333333333
pM,865,5,R,mM,5,5,3,MACHINA (PhyloWGS),2,0.8,0.8,0.8,0.4,0.4,0.4,0.285714285714,0.4,0.333333333333
pM,865,1,R,mM,5,5,3,MACHINA (PhyloWGS),2,0.8,0.8,0.8,0.4,0.4,0.4,0.285714285714,0.4,0.333333333333
pM,907,35,R,mM,6,6,2,MACHINA (PhyloWGS),4,0.6,0.75,0.666666666667,0.333333333333,0.333333333333,0.333333333333,0.285714285714,0.333333333333,0.307692307692
pM,907,38,R,mM,6,6,2,MACHINA (PhyloWGS),4,0.6,0.75,0.666666666667,0.333333333333,0.333333333333,0.333333333333,0.285714285714,0.333333333333,0.307692307692
pM,907,36,R,mM,6,6,2,MACHINA (PhyloWGS),4,0.6,0.75,0.666666666667,0.333333333333,0.333333333333,0.333333333333,0.285714285714,0.333333333333,0.307692307692
pM,907,14,R,mM,6,6,2,MACHINA (PhyloWGS),4,0.6,0.75,0.666666666667,0.333333333333,0.333333333333,0.333333333333,0.285714285714,0.333333333333,0.307692307692
pM,907,17,R,mM,6,6,2,MACHINA (PhyloWGS),4,0.6,0.75,0.666666666667,0.333333333333,0.333333333333,0.333333333333,0.285714285714,0.333333333333,0.307692307692
pM,907,12,R,mM,6,6,2,MACHINA (PhyloWGS),4,0.6,0.75,0.666666666667,0.333333333333,0.333333333333,0.333333333333,0.285714285714,0.333333333333,0.307692307692
pM,907,47,R,mM,6,6,2,MACHINA (PhyloWGS),4,0.6,0.75,0.666666666667,0.333333333333,0.333333333333,0.333333333333,0.285714285714,0.333333333333,0.307692307692
pM,907,37,R,mM,6,6,2,MACHINA (PhyloWGS),4,0.6,0.75,0.666666666667,0.333333333333,0.333333333333,0.333333333333,0.285714285714,0.333333333333,0.307692307692
pM,907,16,R,mM,6,6,2,MACHINA (PhyloWGS),4,0.6,0.75,0.666666666667,0.333333333333,0.333333333333,0.333333333333,0.285714285714,0.333333333333,0.307692307692
pM,907,20,R,mM,6,6,2,MACHINA (PhyloWGS),4,0.6,0.75,0.666666666667,0.333333333333,0.333333333333,0.333333333333,0.285714285714,0.333333333333,0.307692307692
pM,907,10,R,mM,6,6,2,MACHINA (PhyloWGS),4,0.6,0.75,0.666666666667,0.333333333333,0.333333333333,0.333333333333,0.285714285714,0.333333333333,0.307692307692
pM,907,45,R,mM,6,6,2,MACHINA (PhyloWGS),4,0.6,0.75,0.666666666667,0.333333333333,0.333333333333,0.333333333333,0.285714285714,0.333333333333,0.307692307692
pM,907,46,R,mM,6,6,2,MACHINA (PhyloWGS),4,0.6,0.75,0.666666666667,0.333333333333,0.333333333333,0.333333333333,0.285714285714,0.333333333333,0.307692307692
pM,907,21,R,mM,6,6,2,MACHINA (PhyloWGS),4,0.6,0.75,0.666666666667,0.333333333333,0.333333333333,0.333333333333,0.285714285714,0.333333333333,0.307692307692
mS,0,3,R,mPS,4,4,1,MACHINA (PhyloWGS),1,0.25,0.5,0.333333333333,1.0,1.0,1.0,1.0,1.0,1.0
mS,0,4,R,mPS,4,4,1,MACHINA (PhyloWGS),1,0.25,0.5,0.333333333333,1.0,1.0,1.0,1.0,1.0,1.0
mS,10,0,R,mS,4,4,2,MACHINA (PhyloWGS),3,0.5,0.666666666667,0.571428571429,0.5,0.5,0.5,0.5,0.5,0.5
mS,12,2,R,mPS,4,4,1,MACHINA (PhyloWGS),0,1.0,0.666666666667,0.8,1.0,1.0,1.0,1.0,1.0,1.0
mS,12,4,R,mPS,4,4,1,MACHINA (PhyloWGS),0,1.0,0.666666666667,0.8,1.0,1.0,1.0,1.0,1.0,1.0
mS,12,0,R,mPS,4,4,1,MACHINA (PhyloWGS),0,1.0,0.666666666667,0.8,1.0,1.0,1.0,1.0,1.0,1.0
mS,12,3,R,mPS,4,4,1,MACHINA (PhyloWGS),0,1.0,0.666666666667,0.8,1.0,1.0,1.0,1.0,1.0,1.0
mS,12,1,R,mPS,4,4,1,MACHINA (PhyloWGS),0,1.0,1.0,1.0,1.0,1.0,1.0,1.0,1.0,1.0
mS,12,5,R,mPS,4,4,1,MACHINA (PhyloWGS),0,1.0,1.0,1.0,1.0,1.0,1.0,1.0,1.0,1.0
mS,2,1,R,mPS,4,4,1,MACHINA (PhyloWGS),3,1.0,0.5,0.666666666667,0.75,0.75,0.75,0.75,0.75,0.75
mS,2,0,R,mPS,4,4,1,MACHINA (PhyloWGS),3,1.0,1.0,1.0,0.75,0.75,0.75,0.75,0.75,0.75
mS,3,15,R,mPS,5,5,1,MACHINA (PhyloWGS),3,0.666666666667,1.0,0.8,1.0,1.0,1.0,1.0,1.0,1.0
mS,3,14,R,mPS,5,5,1,MACHINA (PhyloWGS),3,0.666666666667,1.0,0.8,1.0,1.0,1.0,1.0,1.0,1.0
mS,3,11,R,mPS,5,5,1,MACHINA (PhyloWGS),4,0.333333333333,0.333333333333,0.333333333333,1.0,1.0,1.0,1.0,1.0,1.0
mS,3,4,R,mPS,5,5,1,MACHINA (PhyloWGS),4,0.333333333333,0.5,0.4,1.0,1.0,1.0,1.0,1.0,1.0
mS,3,0,R,mPS,5,5,1,MACHINA (PhyloWGS),3,0.666666666667,0.666666666667,0.666666666667,1.0,1.0,1.0,1.0,1.0,1.0
mS,3,1,R,mPS,5,5,1,MACHINA (PhyloWGS),3,0.666666666667,1.0,0.8,1.0,1.0,1.0,1.0,1.0,1.0
mS,3,13,R,mPS,5,5,1,MACHINA (PhyloWGS),3,0.666666666667,1.0,0.8,1.0,1.0,1.0,1.0,1.0,1.0
mS,3,10,R,mPS,5,5,1,MACHINA (PhyloWGS),4,0.333333333333,1.0,0.5,1.0,1.0,1.0,1.0,1.0,1.0
mS,3,5,R,mPS,5,5,1,MACHINA (PhyloWGS),4,0.333333333333,1.0,0.5,1.0,1.0,1.0,1.0,1.0,1.0
mS,3,12,R,mPS,5,5,1,MACHINA (PhyloWGS),3,0.666666666667,1.0,0.8,1.0,1.0,1.0,1.0,1.0,1.0
mS,4,1,R,mPS,4,4,1,MACHINA (PhyloWGS),0,1.0,1.0,1.0,0.75,0.75,0.75,0.75,0.75,0.75
mS,4,0,R,mPS,4,4,1,MACHINA (PhyloWGS),0,1.0,1.0,1.0,0.75,0.75,0.75,0.75,0.75,0.75
mS,5,1,R,mPS,4,4,1,MACHINA (PhyloWGS),1,1.0,1.0,1.0,1.0,1.0,1.0,1.0,1.0,1.0
mS,5,2,R,mPS,4,4,1,MACHINA (PhyloWGS),1,1.0,1.0,1.0,1.0,1.0,1.0,1.0,1.0,1.0
mS,5,0,R,mPS,4,4,1,MACHINA (PhyloWGS),1,1.0,0.666666666667,0.8,1.0,1.0,1.0,1.0,1.0,1.0
mS,5,3,R,mPS,4,4,1,MACHINA (PhyloWGS),1,1.0,1.0,1.0,1.0,1.0,1.0,1.0,1.0,1.0
mS,7,5,R,mPS,4,4,1,MACHINA (PhyloWGS),0,1.0,1.0,1.0,1.0,1.0,1.0,1.0,1.0,1.0
mS,7,3,R,mPS,4,4,1,MACHINA (PhyloWGS),0,1.0,0.666666666667,0.8,1.0,1.0,1.0,1.0,1.0,1.0
mS,7,4,R,mPS,4,4,1,MACHINA (PhyloWGS),0,1.0,1.0,1.0,1.0,1.0,1.0,1.0,1.0,1.0
mS,8,2,R,mPS,4,4,1,MACHINA (PhyloWGS),1,1.0,1.0,1.0,1.0,1.0,1.0,1.0,1.0,1.0
mS,8,8,R,mPS,4,4,1,MACHINA (PhyloWGS),1,1.0,1.0,1.0,1.0,1.0,1.0,1.0,1.0,1.0
mS,8,11,R,mPS,4,4,1,MACHINA (PhyloWGS),1,1.0,1.0,1.0,1.0,1.0,1.0,1.0,1.0,1.0
mS,8,4,R,mPS,4,4,1,MACHINA (PhyloWGS),1,1.0,1.0,1.0,1.0,1.0,1.0,1.0,1.0,1.0
mS,8,9,R,mPS,4,4,1,MACHINA (PhyloWGS),1,1.0,1.0,1.0,1.0,1.0,1.0,1.0,1.0,1.0
mS,8,7,R,mPS,4,4,1,MACHINA (PhyloWGS),1,1.0,1.0,1.0,1.0,1.0,1.0,1.0,1.0,1.0
mS,8,0,R,mPS,4,4,1,MACHINA (PhyloWGS),1,1.0,0.666666666667,0.8,1.0,1.0,1.0,1.0,1.0,1.0
mS,8,6,R,mPS,4,4,1,MACHINA (PhyloWGS),1,1.0,1.0,1.0,1.0,1.0,1.0,1.0,1.0,1.0
mS,8,3,R,mPS,4,4,1,MACHINA (PhyloWGS),1,1.0,1.0,1.0,1.0,1.0,1.0,1.0,1.0,1.0
mS,8,1,R,mPS,4,4,1,MACHINA (PhyloWGS),1,1.0,0.666666666667,0.8,1.0,1.0,1.0,1.0,1.0,1.0
mS,8,10,R,mPS,4,4,1,MACHINA (PhyloWGS),1,1.0,1.0,1.0,1.0,1.0,1.0,1.0,1.0,1.0
mS,8,5,R,mPS,4,4,1,MACHINA (PhyloWGS),1,1.0,1.0,1.0,1.0,1.0,1.0,1.0,1.0,1.0
mS,9,0,R,mPS,4,4,1,MACHINA (PhyloWGS),0,1.0,1.0,1.0,0.75,0.75,0.75,0.75,0.75,0.75
pR,1140,8,R,pPS,5,4,1,MACHINA (PhyloWGS),1,1.0,0.666666666667,0.8,0.8,1.0,0.888888888889,0.833333333333,1.0,0.909090909091
pR,1140,5,R,pPS,5,4,1,MACHINA (PhyloWGS),1,1.0,0.666666666667,0.8,0.8,1.0,0.888888888889,0.833333333333,1.0,0.909090909091
pR,1140,0,R,pPS,5,4,1,MACHINA (PhyloWGS),1,1.0,1.0,1.0,0.8,1.0,0.888888888889,0.833333333333,1.0,0.909090909091
pR,1140,6,R,pPS,5,4,1,MACHINA (PhyloWGS),1,1.0,0.666666666667,0.8,0.8,1.0,0.888888888889,0.833333333333,1.0,0.909090909091
pR,1140,9,R,pPS,5,4,1,MACHINA (PhyloWGS),1,1.0,0.666666666667,0.8,0.8,1.0,0.888888888889,0.833333333333,1.0,0.909090909091
pR,1140,7,R,pPS,5,4,1,MACHINA (PhyloWGS),1,1.0,0.666666666667,0.8,0.8,1.0,0.888888888889,0.833333333333,1.0,0.909090909091
pR,1140,10,R,pPS,5,4,1,MACHINA (PhyloWGS),1,1.0,0.666666666667,0.8,0.8,1.0,0.888888888889,0.833333333333,1.0,0.909090909091
pR,1140,11,R,pPS,5,4,1,MACHINA (PhyloWGS),1,1.0,1.0,1.0,0.8,1.0,0.888888888889,0.833333333333,1.0,0.909090909091
pR,1140,1,R,pPS,5,4,1,MACHINA (PhyloWGS),1,1.0,1.0,1.0,0.8,1.0,0.888888888889,0.833333333333,1.0,0.909090909091
pR,1140,2,R,pPS,5,4,1,MACHINA (PhyloWGS),1,1.0,0.666666666667,0.8,0.8,1.0,0.888888888889,0.833333333333,1.0,0.909090909091
pR,1140,3,R,pPS,5,4,1,MACHINA (PhyloWGS),1,1.0,0.666666666667,0.8,0.8,1.0,0.888888888889,0.833333333333,1.0,0.909090909091
pR,1140,4,R,pPS,5,4,1,MACHINA (PhyloWGS),1,1.0,0.666666666667,0.8,0.8,1.0,0.888888888889,0.833333333333,1.0,0.909090909091
pR,17,8,R,pPS,8,5,1,MACHINA (PhyloWGS),5,0.5,0.666666666667,0.571428571429,0.333333333333,0.4,0.363636363636,0.333333333333,0.375,0.352941176471
pR,17,14,R,pPS,8,5,1,MACHINA (PhyloWGS),4,0.5,0.5,0.5,0.333333333333,0.4,0.363636363636,0.333333333333,0.375,0.352941176471
pR,17,15,R,pPS,8,5,1,MACHINA (PhyloWGS),4,0.5,0.666666666667,0.571428571429,0.333333333333,0.4,0.363636363636,0.333333333333,0.375,0.352941176471
pR,17,5,R,pPS,8,5,1,MACHINA (PhyloWGS),4,0.5,0.5,0.5,0.333333333333,0.4,0.363636363636,0.333333333333,0.375,0.352941176471
pR,17,0,R,pPS,8,5,1,MACHINA (PhyloWGS),4,0.5,0.666666666667,0.571428571429,0.333333333333,0.4,0.363636363636,0.333333333333,0.375,0.352941176471
pR,17,6,R,pPS,8,5,1,MACHINA (PhyloWGS),4,0.5,0.5,0.5,0.333333333333,0.4,0.363636363636,0.333333333333,0.375,0.352941176471
pR,17,9,R,pPS,8,5,1,MACHINA (PhyloWGS),4,0.5,0.666666666667,0.571428571429,0.333333333333,0.4,0.363636363636,0.333333333333,0.375,0.352941176471
pR,17,7,R,pPS,8,5,1,MACHINA (PhyloWGS),4,0.5,0.5,0.5,0.333333333333,0.4,0.363636363636,0.333333333333,0.375,0.352941176471
pR,17,10,R,pPS,8,5,1,MACHINA (PhyloWGS),5,0.5,0.666666666667,0.571428571429,0.333333333333,0.4,0.363636363636,0.333333333333,0.375,0.352941176471
pR,17,11,R,pPS,8,5,1,MACHINA (PhyloWGS),4,0.5,0.5,0.5,0.333333333333,0.4,0.363636363636,0.333333333333,0.375,0.352941176471
pR,17,1,R,pPS,8,5,1,MACHINA (PhyloWGS),5,0.5,0.666666666667,0.571428571429,0.333333333333,0.4,0.363636363636,0.333333333333,0.375,0.352941176471
pR,17,12,R,pPS,8,5,1,MACHINA (PhyloWGS),4,0.5,0.666666666667,0.571428571429,0.333333333333,0.4,0.363636363636,0.333333333333,0.375,0.352941176471
pR,17,2,R,pPS,8,5,1,MACHINA (PhyloWGS),4,0.5,0.5,0.5,0.333333333333,0.4,0.363636363636,0.333333333333,0.375,0.352941176471
pR,17,3,R,pPS,8,5,1,MACHINA (PhyloWGS),4,0.5,0.5,0.5,0.333333333333,0.4,0.363636363636,0.333333333333,0.375,0.352941176471
pR,17,4,R,pPS,8,5,1,MACHINA (PhyloWGS),4,0.5,0.666666666667,0.571428571429,0.333333333333,0.4,0.363636363636,0.333333333333,0.375,0.352941176471
pR,17,13,R,pPS,8,5,1,MACHINA (PhyloWGS),4,0.5,0.5,0.5,0.333333333333,0.4,0.363636363636,0.333333333333,0.375,0.352941176471
pR,2155,8,R,pPS,7,6,1,MACHINA (PhyloWGS),8,0.2,0.2,0.2,0.25,0.333333333333,0.285714285714,0.222222222222,0.285714285714,0.25
pR,2155,16,R,pPS,7,6,1,MACHINA (PhyloWGS),8,0.2,0.25,0.222222222222,0.25,0.333333333333,0.285714285714,0.222222222222,0.285714285714,0.25
pR,2155,17,R,pPS,7,6,1,MACHINA (PhyloWGS),8,0.2,0.2,0.2,0.25,0.333333333333,0.285714285714,0.222222222222,0.285714285714,0.25
pR,2155,9,R,pPS,7,6,1,MACHINA (PhyloWGS),8,0.2,0.25,0.222222222222,0.25,0.333333333333,0.285714285714,0.222222222222,0.285714285714,0.25
pR,247,3,R,pS,5,4,2,MACHINA (PhyloWGS),4,0.25,0.5,0.333333333333,0.2,0.25,0.222222222222,0.142857142857,0.2,0.166666666667
pR,247,25,R,pS,5,4,2,MACHINA (PhyloWGS),4,0.25,0.5,0.333333333333,0.6,0.75,0.666666666667,0.571428571429,0.8,0.666666666667
pR,247,24,R,pS,5,4,2,MACHINA (PhyloWGS),4,0.25,0.5,0.333333333333,0.6,0.75,0.666666666667,0.571428571429,0.8,0.666666666667
pR,247,33,R,pS,5,4,2,MACHINA (PhyloWGS),4,0.25,0.5,0.333333333333,0.0,0.0,0,0.0,0.0,0
pR,247,27,R,pS,5,4,2,MACHINA (PhyloWGS),4,0.25,0.5,0.333333333333,0.2,0.25,0.222222222222,0.142857142857,0.2,0.166666666667
pR,247,2,R,pS,5,4,2,MACHINA (PhyloWGS),4,0.25,0.5,0.333333333333,0.2,0.25,0.222222222222,0.142857142857,0.2,0.166666666667
pR,247,34,R,pS,5,4,2,MACHINA (PhyloWGS),4,0.25,0.5,0.333333333333,0.4,0.5,0.444444444444,0.428571428571,0.6,0.5
pR,247,35,R,pS,5,4,2,MACHINA (PhyloWGS),4,0.25,0.5,0.333333333333,0.0,0.0,0,0.0,0.0,0
pR,247,26,R,pS,5,4,2,MACHINA (PhyloWGS),4,0.25,0.5,0.333333333333,0.4,0.5,0.444444444444,0.428571428571,0.6,0.5
pR,247,32,R,pS,5,4,2,MACHINA (PhyloWGS),4,0.25,0.5,0.333333333333,0.2,0.25,0.222222222222,0.142857142857,0.2,0.166666666667
pR,247,1,R,pS,5,4,2,MACHINA (PhyloWGS),4,0.25,0.5,0.333333333333,0.0,0.0,0,0.0,0.0,0
pR,247,0,R,pS,5,4,2,MACHINA (PhyloWGS),4,0.25,0.5,0.333333333333,0.0,0.0,0,0.0,0.0,0
pR,518,1,R,pPS,5,4,1,MACHINA (PhyloWGS),2,0.5,1.0,0.666666666667,0.4,0.5,0.444444444444,0.5,0.6,0.545454545455
pR,538,0,R,mM,6,6,2,MACHINA (PhyloWGS),3,0.75,0.75,0.75,0.8,0.666666666667,0.727272727273,0.5,0.666666666667,0.571428571429
pR,538,3,R,mM,6,6,2,MACHINA (PhyloWGS),3,0.75,0.6,0.666666666667,0.8,0.666666666667,0.727272727273,0.5,0.666666666667,0.571428571429
pR,538,1,R,mM,6,6,2,MACHINA (PhyloWGS),3,0.75,0.6,0.666666666667,0.8,0.666666666667,0.727272727273,0.5,0.666666666667,0.571428571429
pR,538,2,R,mM,6,6,2,MACHINA (PhyloWGS),3,0.75,0.6,0.666666666667,0.8,0.666666666667,0.727272727273,0.5,0.666666666667,0.571428571429
pR,571,0,R,pPS,7,5,1,MACHINA (PhyloWGS),0,0.75,0.5,0.6,0.666666666667,0.8,0.727272727273,0.714285714286,0.714285714286,0.714285714286
pR,571,1,R,pPS,7,5,1,MACHINA (PhyloWGS),0,0.5,0.333333333333,0.4,0.666666666667,0.8,0.727272727273,0.714285714286,0.714285714286,0.714285714286
pR,950,416,R,mPS,6,6,1,MACHINA (PhyloWGS),2,0.4,0.5,0.444444444444,0.428571428571,0.5,0.461538461538,0.375,0.5,0.428571428571
pR,950,417,R,mPS,6,6,1,MACHINA (PhyloWGS),2,0.4,0.5,0.444444444444,0.428571428571,0.5,0.461538461538,0.375,0.5,0.428571428571
pR,950,25,R,mPS,6,6,1,MACHINA (PhyloWGS),2,0.4,0.5,0.444444444444,0.428571428571,0.5,0.461538461538,0.375,0.5,0.428571428571
pR,950,421,R,mPS,6,6,1,MACHINA (PhyloWGS),2,0.4,0.5,0.444444444444,0.428571428571,0.5,0.461538461538,0.375,0.5,0.428571428571
pR,950,246,R,mPS,6,6,1,MACHINA (PhyloWGS),2,0.4,0.5,0.444444444444,0.428571428571,0.5,0.461538461538,0.375,0.5,0.428571428571
pR,950,9,R,mPS,6,6,1,MACHINA (PhyloWGS),2,0.4,0.666666666667,0.5,0.428571428571,0.5,0.461538461538,0.375,0.5,0.428571428571
pR,950,128,R,mPS,6,6,1,MACHINA (PhyloWGS),2,0.4,0.666666666667,0.5,0.428571428571,0.5,0.461538461538,0.375,0.5,0.428571428571
pR,950,129,R,mPS,6,6,1,MACHINA (PhyloWGS),2,0.4,0.5,0.444444444444,0.428571428571,0.5,0.461538461538,0.375,0.5,0.428571428571
pR,950,24,R,mPS,6,6,1,MACHINA (PhyloWGS),2,0.4,0.5,0.444444444444,0.428571428571,0.5,0.461538461538,0.375,0.5,0.428571428571
pR,950,190,R,mPS,6,6,1,MACHINA (PhyloWGS),2,0.4,0.5,0.444444444444,0.428571428571,0.5,0.461538461538,0.375,0.5,0.428571428571
pR,950,23,R,mPS,6,6,1,MACHINA (PhyloWGS),2,0.4,0.666666666667,0.5,0.428571428571,0.5,0.461538461538,0.375,0.5,0.428571428571
pR,950,133,R,mPS,6,6,1,MACHINA (PhyloWGS),2,0.4,0.5,0.444444444444,0.428571428571,0.5,0.461538461538,0.375,0.5,0.428571428571
pR,950,2,R,mPS,6,6,1,MACHINA (PhyloWGS),2,0.4,0.4,0.4,0.428571428571,0.5,0.461538461538,0.375,0.5,0.428571428571
pR,950,11,R,mPS,6,6,1,MACHINA (PhyloWGS),2,0.4,0.666666666667,0.5,0.428571428571,0.5,0.461538461538,0.375,0.5,0.428571428571
pR,950,4,R,mPS,6,6,1,MACHINA (PhyloWGS),2,0.4,0.4,0.4,0.428571428571,0.5,0.461538461538,0.375,0.5,0.428571428571
pR,950,224,R,mPS,6,6,1,MACHINA (PhyloWGS),2,0.4,0.5,0.444444444444,0.428571428571,0.5,0.461538461538,0.375,0.5,0.428571428571
pR,950,6,R,mPS,6,6,1,MACHINA (PhyloWGS),2,0.4,0.5,0.444444444444,0.428571428571,0.5,0.461538461538,0.375,0.5,0.428571428571
pR,950,419,R,mPS,6,6,1,MACHINA (PhyloWGS),2,0.4,0.666666666667,0.5,0.428571428571,0.5,0.461538461538,0.375,0.5,0.428571428571
pR,950,412,R,mPS,6,6,1,MACHINA (PhyloWGS),2,0.4,0.5,0.444444444444,0.428571428571,0.5,0.461538461538,0.375,0.5,0.428571428571
pR,950,225,R,mPS,6,6,1,MACHINA (PhyloWGS),2,0.4,0.666666666667,0.5,0.428571428571,0.5,0.461538461538,0.375,0.5,0.428571428571
pR,950,158,R,mPS,6,6,1,MACHINA (PhyloWGS),2,0.4,0.4,0.4,0.428571428571,0.5,0.461538461538,0.375,0.5,0.428571428571
pR,950,247,R,mPS,6,6,1,MACHINA (PhyloWGS),2,0.4,0.666666666667,0.5,0.428571428571,0.5,0.461538461538,0.375,0.5,0.428571428571
pR,950,400,R,mPS,6,6,1,MACHINA (PhyloWGS),2,0.4,0.5,0.444444444444,0.428571428571,0.5,0.461538461538,0.375,0.5,0.428571428571
pR,950,399,R,mPS,6,6,1,MACHINA (PhyloWGS),2,0.4,0.5,0.444444444444,0.428571428571,0.5,0.461538461538,0.375,0.5,0.428571428571
pR,950,250,R,mPS,6,6,1,MACHINA (PhyloWGS),2,0.4,0.5,0.444444444444,0.428571428571,0.5,0.461538461538,0.375,0.5,0.428571428571
pR,950,192,R,mPS,6,6,1,MACHINA (PhyloWGS),2,0.4,0.5,0.444444444444,0.428571428571,0.5,0.461538461538,0.375,0.5,0.428571428571
pR,950,252,R,mPS,6,6,1,MACHINA (PhyloWGS),2,0.4,0.5,0.444444444444,0.428571428571,0.5,0.461538461538,0.375,0.5,0.428571428571
pR,950,18,R,mPS,6,6,1,MACHINA (PhyloWGS),2,0.4,0.5,0.444444444444,0.428571428571,0.5,0.461538461538,0.375,0.5,0.428571428571
pR,950,191,R,mPS,6,6,1,MACHINA (PhyloWGS),2,0.4,0.666666666667,0.5,0.428571428571,0.5,0.461538461538,0.375,0.5,0.428571428571
pR,950,254,R,mPS,6,6,1,MACHINA (PhyloWGS),2,0.4,0.666666666667,0.5,0.428571428571,0.5,0.461538461538,0.375,0.5,0.428571428571
pR,950,406,R,mPS,6,6,1,MACHINA (PhyloWGS),2,0.4,0.5,0.444444444444,0.428571428571,0.5,0.461538461538,0.375,0.5,0.428571428571
pR,950,409,R,mPS,6,6,1,MACHINA (PhyloWGS),2,0.4,0.5,0.444444444444,0.428571428571,0.5,0.461538461538,0.375,0.5,0.428571428571
pR,950,19,R,mPS,6,6,1,MACHINA (PhyloWGS),2,0.4,0.5,0.444444444444,0.428571428571,0.5,0.461538461538,0.375,0.5,0.428571428571
pR,950,12,R,mPS,6,6,1,MACHINA (PhyloWGS),2,0.4,0.5,0.444444444444,0.428571428571,0.5,0.461538461538,0.375,0.5,0.428571428571
pR,950,162,R,mPS,6,6,1,MACHINA (PhyloWGS),2,0.4,0.5,0.444444444444,0.428571428571,0.5,0.461538461538,0.375,0.5,0.428571428571
pR,950,14,R,mPS,6,6,1,MACHINA (PhyloWGS),2,0.4,0.4,0.4,0.428571428571,0.5,0.461538461538,0.375,0.5,0.428571428571
pR,950,164,R,mPS,6,6,1,MACHINA (PhyloWGS),2,0.4,0.4,0.4,0.428571428571,0.5,0.461538461538,0.375,0.5,0.428571428571
pR,950,0,R,mPS,6,6,1,MACHINA (PhyloWGS),2,0.4,0.5,0.444444444444,0.428571428571,0.5,0.461538461538,0.375,0.5,0.428571428571
pR,950,166,R,mPS,6,6,1,MACHINA (PhyloWGS),2,0.4,0.5,0.444444444444,0.428571428571,0.5,0.461538461538,0.375,0.5,0.428571428571
pR,950,1,R,mPS,6,6,1,MACHINA (PhyloWGS),2,0.4,0.5,0.444444444444,0.428571428571,0.5,0.461538461538,0.375,0.5,0.428571428571
pR,950,255,R,mPS,6,6,1,MACHINA (PhyloWGS),2,0.4,0.666666666667,0.5,0.428571428571,0.5,0.461538461538,0.375,0.5,0.428571428571
pR,950,408,R,mPS,6,6,1,MACHINA (PhyloWGS),2,0.4,0.666666666667,0.5,0.428571428571,0.5,0.461538461538,0.375,0.5,0.428571428571
pR,950,407,R,mPS,6,6,1,MACHINA (PhyloWGS),2,0.4,0.666666666667,0.5,0.428571428571,0.5,0.461538461538,0.375,0.5,0.428571428571
pR,950,5,R,mPS,6,6,1,MACHINA (PhyloWGS),2,0.4,0.5,0.444444444444,0.428571428571,0.5,0.461538461538,0.375,0.5,0.428571428571
pR,950,157,R,mPS,6,6,1,MACHINA (PhyloWGS),2,0.4,0.4,0.4,0.428571428571,0.5,0.461538461538,0.375,0.5,0.428571428571
pR,950,26,R,mPS,6,6,1,MACHINA (PhyloWGS),2,0.4,0.5,0.444444444444,0.428571428571,0.5,0.461538461538,0.375,0.5,0.428571428571
pR,950,248,R,mPS,6,6,1,MACHINA (PhyloWGS),2,0.4,0.666666666667,0.5,0.428571428571,0.5,0.461538461538,0.375,0.5,0.428571428571
pR,950,17,R,mPS,6,6,1,MACHINA (PhyloWGS),2,0.4,0.5,0.444444444444,0.428571428571,0.5,0.461538461538,0.375,0.5,0.428571428571
pR,950,253,R,mPS,6,6,1,MACHINA (PhyloWGS),2,0.4,0.666666666667,0.5,0.428571428571,0.5,0.461538461538,0.375,0.5,0.428571428571
pR,950,230,R,mPS,6,6,1,MACHINA (PhyloWGS),2,0.4,0.666666666667,0.5,0.428571428571,0.5,0.461538461538,0.375,0.5,0.428571428571
pR,950,402,R,mPS,6,6,1,MACHINA (PhyloWGS),2,0.4,0.5,0.444444444444,0.428571428571,0.5,0.461538461538,0.375,0.5,0.428571428571
pR,950,126,R,mPS,6,6,1,MACHINA (PhyloWGS),2,0.4,0.5,0.444444444444,0.428571428571,0.5,0.461538461538,0.375,0.5,0.428571428571
pR,950,20,R,mPS,6,6,1,MACHINA (PhyloWGS),2,0.4,0.666666666667,0.5,0.428571428571,0.5,0.461538461538,0.375,0.5,0.428571428571
pR,950,194,R,mPS,6,6,1,MACHINA (PhyloWGS),2,0.4,0.5,0.444444444444,0.428571428571,0.5,0.461538461538,0.375,0.5,0.428571428571
pR,950,8,R,mPS,6,6,1,MACHINA (PhyloWGS),2,0.4,0.666666666667,0.5,0.428571428571,0.5,0.461538461538,0.375,0.5,0.428571428571
pR,950,425,R,mPS,6,6,1,MACHINA (PhyloWGS),2,0.4,0.5,0.444444444444,0.428571428571,0.5,0.461538461538,0.375,0.5,0.428571428571
pR,950,13,R,mPS,6,6,1,MACHINA (PhyloWGS),2,0.4,0.666666666667,0.5,0.428571428571,0.5,0.461538461538,0.375,0.5,0.428571428571
pR,950,251,R,mPS,6,6,1,MACHINA (PhyloWGS),2,0.4,0.5,0.444444444444,0.428571428571,0.5,0.461538461538,0.375,0.5,0.428571428571
pR,950,165,R,mPS,6,6,1,MACHINA (PhyloWGS),2,0.4,0.666666666667,0.5,0.428571428571,0.5,0.461538461538,0.375,0.5,0.428571428571
pR,950,403,R,mPS,6,6,1,MACHINA (PhyloWGS),2,0.4,0.5,0.444444444444,0.428571428571,0.5,0.461538461538,0.375,0.5,0.428571428571
pR,950,232,R,mPS,6,6,1,MACHINA (PhyloWGS),2,0.4,0.666666666667,0.5,0.428571428571,0.5,0.461538461538,0.375,0.5,0.428571428571
pR,950,398,R,mPS,6,6,1,MACHINA (PhyloWGS),2,0.4,0.666666666667,0.5,0.428571428571,0.5,0.461538461538,0.375,0.5,0.428571428571
pR,950,427,R,mPS,6,6,1,MACHINA (PhyloWGS),2,0.4,0.666666666667,0.5,0.428571428571,0.5,0.461538461538,0.375,0.5,0.428571428571
pR,950,231,R,mPS,6,6,1,MACHINA (PhyloWGS),2,0.4,0.5,0.444444444444,0.428571428571,0.5,0.461538461538,0.375,0.5,0.428571428571
pR,950,127,R,mPS,6,6,1,MACHINA (PhyloWGS),2,0.4,0.666666666667,0.5,0.428571428571,0.5,0.461538461538,0.375,0.5,0.428571428571
pR,950,29,R,mPS,6,6,1,MACHINA (PhyloWGS),2,0.4,0.5,0.444444444444,0.428571428571,0.5,0.461538461538,0.375,0.5,0.428571428571
pR,950,233,R,mPS,6,6,1,MACHINA (PhyloWGS),2,0.4,0.666666666667,0.5,0.428571428571,0.5,0.461538461538,0.375,0.5,0.428571428571
pR,950,410,R,mPS,6,6,1,MACHINA (PhyloWGS),2,0.4,0.666666666667,0.5,0.428571428571,0.5,0.461538461538,0.375,0.5,0.428571428571
pR,950,163,R,mPS,6,6,1,MACHINA (PhyloWGS),2,0.4,0.4,0.4,0.428571428571,0.5,0.461538461538,0.375,0.5,0.428571428571
pR,950,414,R,mPS,6,6,1,MACHINA (PhyloWGS),2,0.4,0.666666666667,0.5,0.428571428571,0.5,0.461538461538,0.375,0.5,0.428571428571
pR,950,401,R,mPS,6,6,1,MACHINA (PhyloWGS),2,0.4,0.5,0.444444444444,0.428571428571,0.5,0.461538461538,0.375,0.5,0.428571428571
pR,950,21,R,mPS,6,6,1,MACHINA (PhyloWGS),2,0.4,0.5,0.444444444444,0.428571428571,0.5,0.461538461538,0.375,0.5,0.428571428571
pR,950,131,R,mPS,6,6,1,MACHINA (PhyloWGS),2,0.4,0.666666666667,0.5,0.428571428571,0.5,0.461538461538,0.375,0.5,0.428571428571
pR,950,193,R,mPS,6,6,1,MACHINA (PhyloWGS),2,0.4,0.5,0.444444444444,0.428571428571,0.5,0.461538461538,0.375,0.5,0.428571428571
pR,950,27,R,mPS,6,6,1,MACHINA (PhyloWGS),2,0.4,0.5,0.444444444444,0.428571428571,0.5,0.461538461538,0.375,0.5,0.428571428571
pR,950,404,R,mPS,6,6,1,MACHINA (PhyloWGS),2,0.4,0.5,0.444444444444,0.428571428571,0.5,0.461538461538,0.375,0.5,0.428571428571
pR,950,426,R,mPS,6,6,1,MACHINA (PhyloWGS),2,0.4,0.666666666667,0.5,0.428571428571,0.5,0.461538461538,0.375,0.5,0.428571428571
pR,950,428,R,mPS,6,6,1,MACHINA (PhyloWGS),2,0.4,0.666666666667,0.5,0.428571428571,0.5,0.461538461538,0.375,0.5,0.428571428571
pR,950,7,R,mPS,6,6,1,MACHINA (PhyloWGS),2,0.4,0.666666666667,0.5,0.428571428571,0.5,0.461538461538,0.375,0.5,0.428571428571
pR,950,415,R,mPS,6,6,1,MACHINA (PhyloWGS),2,0.4,0.5,0.444444444444,0.428571428571,0.5,0.461538461538,0.375,0.5,0.428571428571
pR,950,10,R,mPS,6,6,1,MACHINA (PhyloWGS),2,0.4,0.666666666667,0.5,0.428571428571,0.5,0.461538461538,0.375,0.5,0.428571428571
pR,950,418,R,mPS,6,6,1,MACHINA (PhyloWGS),2,0.4,0.5,0.444444444444,0.428571428571,0.5,0.461538461538,0.375,0.5,0.428571428571
pR,950,189,R,mPS,6,6,1,MACHINA (PhyloWGS),2,0.4,0.5,0.444444444444,0.428571428571,0.5,0.461538461538,0.375,0.5,0.428571428571
pR,950,420,R,mPS,6,6,1,MACHINA (PhyloWGS),2,0.4,0.666666666667,0.5,0.428571428571,0.5,0.461538461538,0.375,0.5,0.428571428571
pR,950,422,R,mPS,6,6,1,MACHINA (PhyloWGS),2,0.4,0.5,0.444444444444,0.428571428571,0.5,0.461538461538,0.375,0.5,0.428571428571
pR,950,195,R,mPS,6,6,1,MACHINA (PhyloWGS),2,0.4,0.666666666667,0.5,0.428571428571,0.5,0.461538461538,0.375,0.5,0.428571428571
pR,950,249,R,mPS,6,6,1,MACHINA (PhyloWGS),2,0.4,0.666666666667,0.5,0.428571428571,0.5,0.461538461538,0.375,0.5,0.428571428571
pR,950,130,R,mPS,6,6,1,MACHINA (PhyloWGS),2,0.4,0.5,0.444444444444,0.428571428571,0.5,0.461538461538,0.375,0.5,0.428571428571
pR,950,413,R,mPS,6,6,1,MACHINA (PhyloWGS),2,0.4,0.5,0.444444444444,0.428571428571,0.5,0.461538461538,0.375,0.5,0.428571428571
pR,950,132,R,mPS,6,6,1,MACHINA (PhyloWGS),2,0.4,0.5,0.444444444444,0.428571428571,0.5,0.461538461538,0.375,0.5,0.428571428571
pR,950,28,R,mPS,6,6,1,MACHINA (PhyloWGS),2,0.4,0.5,0.444444444444,0.428571428571,0.5,0.461538461538,0.375,0.5,0.428571428571
pR,950,16,R,mPS,6,6,1,MACHINA (PhyloWGS),2,0.4,0.5,0.444444444444,0.428571428571,0.5,0.461538461538,0.375,0.5,0.428571428571
pR,950,15,R,mPS,6,6,1,MACHINA (PhyloWGS),2,0.4,0.5,0.444444444444,0.428571428571,0.5,0.461538461538,0.375,0.5,0.428571428571
pR,950,424,R,mPS,6,6,1,MACHINA (PhyloWGS),2,0.4,0.666666666667,0.5,0.428571428571,0.5,0.461538461538,0.375,0.5,0.428571428571
pR,950,423,R,mPS,6,6,1,MACHINA (PhyloWGS),2,0.4,0.5,0.444444444444,0.428571428571,0.5,0.461538461538,0.375,0.5,0.428571428571
pR,950,405,R,mPS,6,6,1,MACHINA (PhyloWGS),2,0.4,0.666666666667,0.5,0.428571428571,0.5,0.461538461538,0.375,0.5,0.428571428571
pR,950,3,R,mPS,6,6,1,MACHINA (PhyloWGS),2,0.4,0.4,0.4,0.428571428571,0.5,0.461538461538,0.375,0.5,0.428571428571
pR,950,429,R,mPS,6,6,1,MACHINA (PhyloWGS),2,0.4,0.666666666667,0.5,0.428571428571,0.5,0.461538461538,0.375,0.5,0.428571428571
pR,950,411,R,mPS,6,6,1,MACHINA (PhyloWGS),2,0.4,0.5,0.444444444444,0.428571428571,0.5,0.461538461538,0.375,0.5,0.428571428571
pR,950,22,R,mPS,6,6,1,MACHINA (PhyloWGS),2,0.4,0.5,0.444444444444,0.428571428571,0.5,0.461538461538,0.375,0.5,0.428571428571
pR,955,3,R,pS,6,4,2,MACHINA (PhyloWGS),0,0.666666666667,0.5,0.571428571429,0.6,0.75,0.666666666667,0.666666666667,0.666666666667,0.666666666667
pR,955,2,R,pS,6,4,2,MACHINA (PhyloWGS),0,1.0,0.75,0.857142857143,0.6,0.75,0.666666666667,0.666666666667,0.666666666667,0.666666666667
pR,955,5,R,pS,6,4,2,MACHINA (PhyloWGS),0,0.666666666667,0.5,0.571428571429,0.6,0.75,0.666666666667,0.666666666667,0.666666666667,0.666666666667
pR,955,4,R,pS,6,4,2,MACHINA (PhyloWGS),0,1.0,0.75,0.857142857143,0.6,0.75,0.666666666667,0.666666666667,0.666666666667,0.666666666667
pR,955,1,R,pS,6,4,2,MACHINA (PhyloWGS),0,1.0,0.75,0.857142857143,0.6,0.75,0.666666666667,0.666666666667,0.666666666667,0.666666666667
pR,955,0,R,pS,6,4,2,MACHINA (PhyloWGS),0,1.0,0.75,0.857142857143,0.6,0.75,0.666666666667,0.666666666667,0.666666666667,0.666666666667
pR,981,32,R,mPS,4,4,1,MACHINA (PhyloWGS),5,0.4,0.666666666667,0.5,0.6,0.75,0.666666666667,0.5,0.75,0.6
pR,981,33,R,mPS,4,4,1,MACHINA (PhyloWGS),5,0.4,0.666666666667,0.5,0.6,0.75,0.666666666667,0.5,0.75,0.6
pR,981,31,R,mPS,4,4,1,MACHINA (PhyloWGS),5,0.4,1.0,0.571428571429,0.6,0.75,0.666666666667,0.5,0.75,0.6
pR,981,13,R,mPS,4,4,1,MACHINA (PhyloWGS),5,0.4,1.0,0.571428571429,0.6,0.75,0.666666666667,0.5,0.75,0.6
pR,981,25,R,mPS,4,4,1,MACHINA (PhyloWGS),5,0.4,1.0,0.571428571429,0.6,0.75,0.666666666667,0.5,0.75,0.6
pR,981,19,R,mPS,4,4,1,MACHINA (PhyloWGS),5,0.4,1.0,0.571428571429,0.6,0.75,0.666666666667,0.5,0.75,0.6
pR,981,12,R,mPS,4,4,1,MACHINA (PhyloWGS),5,0.4,1.0,0.571428571429,0.6,0.75,0.666666666667,0.5,0.75,0.6
pR,981,34,R,mPS,4,4,1,MACHINA (PhyloWGS),5,0.4,1.0,0.571428571429,0.6,0.75,0.666666666667,0.5,0.75,0.6
pR,981,14,R,mPS,4,4,1,MACHINA (PhyloWGS),5,0.4,1.0,0.571428571429,0.6,0.75,0.666666666667,0.5,0.75,0.6
pR,981,24,R,mPS,4,4,1,MACHINA (PhyloWGS),5,0.4,1.0,0.571428571429,0.6,0.75,0.666666666667,0.5,0.75,0.6
pR,981,23,R,mPS,4,4,1,MACHINA (PhyloWGS),5,0.4,1.0,0.571428571429,0.6,0.75,0.666666666667,0.5,0.75,0.6
pR,981,29,R,mPS,4,4,1,MACHINA (PhyloWGS),5,0.4,1.0,0.571428571429,0.6,0.75,0.666666666667,0.5,0.75,0.6
pR,981,26,R,mPS,4,4,1,MACHINA (PhyloWGS),5,0.4,1.0,0.571428571429,0.6,0.75,0.666666666667,0.5,0.75,0.6
pR,981,35,R,mPS,4,4,1,MACHINA (PhyloWGS),5,0.4,1.0,0.571428571429,0.6,0.75,0.666666666667,0.5,0.75,0.6
pR,981,28,R,mPS,4,4,1,MACHINA (PhyloWGS),5,0.4,1.0,0.571428571429,0.6,0.75,0.666666666667,0.5,0.75,0.6
pR,981,30,R,mPS,4,4,1,MACHINA (PhyloWGS),5,0.4,1.0,0.571428571429,0.6,0.75,0.666666666667,0.5,0.75,0.6
pR,981,16,R,mPS,4,4,1,MACHINA (PhyloWGS),5,0.4,0.666666666667,0.5,0.6,0.75,0.666666666667,0.5,0.75,0.6
pR,981,17,R,mPS,4,4,1,MACHINA (PhyloWGS),5,0.4,1.0,0.571428571429,0.6,0.75,0.666666666667,0.5,0.75,0.6
pR,981,15,R,mPS,4,4,1,MACHINA (PhyloWGS),5,0.4,1.0,0.571428571429,0.6,0.75,0.666666666667,0.5,0.75,0.6
pR,981,21,R,mPS,4,4,1,MACHINA (PhyloWGS),5,0.4,1.0,0.571428571429,0.6,0.75,0.666666666667,0.5,0.75,0.6
pR,981,18,R,mPS,4,4,1,MACHINA (PhyloWGS),5,0.4,1.0,0.571428571429,0.6,0.75,0.666666666667,0.5,0.75,0.6
pR,981,27,R,mPS,4,4,1,MACHINA (PhyloWGS),5,0.4,1.0,0.571428571429,0.6,0.75,0.666666666667,0.5,0.75,0.6
pR,981,20,R,mPS,4,4,1,MACHINA (PhyloWGS),5,0.4,1.0,0.571428571429,0.6,0.75,0.666666666667,0.5,0.75,0.6
pR,981,22,R,mPS,4,4,1,MACHINA (PhyloWGS),5,0.4,1.0,0.571428571429,0.6,0.75,0.666666666667,0.5,0.75,0.6
pS,17,8,R,pPS,5,4,1,MACHINA (PhyloWGS),0,1.0,1.0,1.0,0.75,0.75,0.75,0.8,0.8,0.8
pS,17,5,R,pPS,5,4,1,MACHINA (PhyloWGS),0,1.0,1.0,1.0,0.75,0.75,0.75,0.8,0.8,0.8
pS,17,0,R,pPS,5,4,1,MACHINA (PhyloWGS),0,0.666666666667,0.666666666667,0.666666666667,0.75,0.75,0.75,0.8,0.8,0.8
pS,17,6,R,pPS,5,4,1,MACHINA (PhyloWGS),0,1.0,1.0,1.0,0.75,0.75,0.75,0.8,0.8,0.8
pS,17,7,R,pPS,5,4,1,MACHINA (PhyloWGS),0,1.0,1.0,1.0,0.75,0.75,0.75,0.8,0.8,0.8
pS,17,1,R,pPS,5,4,1,MACHINA (PhyloWGS),0,1.0,1.0,1.0,0.75,0.75,0.75,0.8,0.8,0.8
pS,17,2,R,pPS,5,4,1,MACHINA (PhyloWGS),0,1.0,1.0,1.0,0.75,0.75,0.75,0.8,0.8,0.8
pS,17,3,R,pPS,5,4,1,MACHINA (PhyloWGS),0,1.0,0.75,0.857142857143,0.75,0.75,0.75,0.8,0.8,0.8
pS,17,4,R,pPS,5,4,1,MACHINA (PhyloWGS),0,1.0,0.75,0.857142857143,0.75,0.75,0.75,0.8,0.8,0.8
pS,23,5,R,pPS,7,4,1,MACHINA (PhyloWGS),3,0.666666666667,1.0,0.8,1.0,1.0,1.0,1.0,1.0,1.0
pS,23,0,R,pPS,7,4,1,MACHINA (PhyloWGS),3,0.666666666667,1.0,0.8,1.0,1.0,1.0,1.0,1.0,1.0
pS,23,1,R,pPS,7,4,1,MACHINA (PhyloWGS),3,0.666666666667,1.0,0.8,1.0,1.0,1.0,1.0,1.0,1.0
pS,23,2,R,pPS,7,4,1,MACHINA (PhyloWGS),3,0.666666666667,1.0,0.8,1.0,1.0,1.0,1.0,1.0,1.0
pS,23,3,R,pPS,7,4,1,MACHINA (PhyloWGS),3,0.666666666667,1.0,0.8,1.0,1.0,1.0,1.0,1.0,1.0
pS,23,4,R,pPS,7,4,1,MACHINA (PhyloWGS),3,0.666666666667,1.0,0.8,1.0,1.0,1.0,1.0,1.0,1.0
pS,25,8,R,pPS,6,4,1,MACHINA (PhyloWGS),2,1.0,1.0,1.0,0.75,0.75,0.75,0.833333333333,0.833333333333,0.833333333333
pS,25,14,R,pPS,6,4,1,MACHINA (PhyloWGS),2,1.0,0.8,0.888888888889,0.75,0.75,0.75,0.833333333333,0.833333333333,0.833333333333
pS,25,15,R,pPS,6,4,1,MACHINA (PhyloWGS),2,0.75,0.6,0.666666666667,0.75,0.75,0.75,0.833333333333,0.833333333333,0.833333333333
pS,25,5,R,pPS,6,4,1,MACHINA (PhyloWGS),2,0.75,0.6,0.666666666667,0.75,0.75,0.75,0.833333333333,0.833333333333,0.833333333333
pS,25,0,R,pPS,6,4,1,MACHINA (PhyloWGS),2,0.75,0.75,0.75,0.75,0.75,0.75,0.833333333333,0.833333333333,0.833333333333
pS,25,6,R,pPS,6,4,1,MACHINA (PhyloWGS),2,1.0,0.8,0.888888888889,0.75,0.75,0.75,0.833333333333,0.833333333333,0.833333333333
pS,25,9,R,pPS,6,4,1,MACHINA (PhyloWGS),2,0.75,0.6,0.666666666667,0.75,0.75,0.75,0.833333333333,0.833333333333,0.833333333333
pS,25,7,R,pPS,6,4,1,MACHINA (PhyloWGS),2,1.0,1.0,1.0,0.75,0.75,0.75,0.833333333333,0.833333333333,0.833333333333
pS,25,10,R,pPS,6,4,1,MACHINA (PhyloWGS),2,0.75,0.6,0.666666666667,0.75,0.75,0.75,0.833333333333,0.833333333333,0.833333333333
pS,25,11,R,pPS,6,4,1,MACHINA (PhyloWGS),2,1.0,0.8,0.888888888889,0.75,0.75,0.75,0.833333333333,0.833333333333,0.833333333333
pS,25,1,R,pPS,6,4,1,MACHINA (PhyloWGS),2,0.75,0.75,0.75,0.75,0.75,0.75,0.833333333333,0.833333333333,0.833333333333
pS,25,12,R,pPS,6,4,1,MACHINA (PhyloWGS),2,0.75,0.6,0.666666666667,0.75,0.75,0.75,0.833333333333,0.833333333333,0.833333333333
pS,25,2,R,pPS,6,4,1,MACHINA (PhyloWGS),2,0.75,0.75,0.75,0.75,0.75,0.75,0.833333333333,0.833333333333,0.833333333333
pS,25,3,R,pPS,6,4,1,MACHINA (PhyloWGS),2,1.0,0.8,0.888888888889,0.75,0.75,0.75,0.833333333333,0.833333333333,0.833333333333
pS,25,4,R,pPS,6,4,1,MACHINA (PhyloWGS),2,1.0,1.0,1.0,0.75,0.75,0.75,0.833333333333,0.833333333333,0.833333333333
pS,25,13,R,pPS,6,4,1,MACHINA (PhyloWGS),2,0.75,0.6,0.666666666667,0.75,0.75,0.75,0.833333333333,0.833333333333,0.833333333333
pS,31,40,R,pPS,5,4,1,MACHINA (PhyloWGS),2,0.666666666667,0.666666666667,0.666666666667,0.5,0.5,0.5,0.6,0.6,0.6
pS,31,59,R,pPS,5,4,1,MACHINA (PhyloWGS),2,0.666666666667,0.666666666667,0.666666666667,0.5,0.5,0.5,0.6,0.6,0.6
pS,31,78,R,pPS,5,4,1,MACHINA (PhyloWGS),2,1.0,1.0,1.0,0.5,0.5,0.5,0.6,0.6,0.6
pS,31,81,R,pPS,5,4,1,MACHINA (PhyloWGS),2,1.0,1.0,1.0,0.5,0.5,0.5,0.6,0.6,0.6
pS,31,60,R,pPS,5,4,1,MACHINA (PhyloWGS),2,1.0,1.0,1.0,0.5,0.5,0.5,0.6,0.6,0.6
pS,31,79,R,pPS,5,4,1,MACHINA (PhyloWGS),2,1.0,1.0,1.0,0.5,0.5,0.5,0.6,0.6,0.6
pS,31,82,R,pPS,5,4,1,MACHINA (PhyloWGS),2,1.0,1.0,1.0,0.5,0.5,0.5,0.6,0.6,0.6
pS,31,101,R,pPS,5,4,1,MACHINA (PhyloWGS),2,1.0,1.0,1.0,0.5,0.5,0.5,0.6,0.6,0.6
pS,31,64,R,pPS,5,4,1,MACHINA (PhyloWGS),2,1.0,1.0,1.0,0.5,0.5,0.5,0.6,0.6,0.6
pS,31,83,R,pPS,5,4,1,MACHINA (PhyloWGS),2,1.0,1.0,1.0,0.5,0.5,0.5,0.6,0.6,0.6
pS,31,102,R,pPS,5,4,1,MACHINA (PhyloWGS),2,0.666666666667,0.666666666667,0.666666666667,0.5,0.5,0.5,0.6,0.6,0.6
pS,31,84,R,pPS,5,4,1,MACHINA (PhyloWGS),2,1.0,1.0,1.0,0.5,0.5,0.5,0.6,0.6,0.6
pS,31,103,R,pPS,5,4,1,MACHINA (PhyloWGS),2,0.666666666667,0.666666666667,0.666666666667,0.5,0.5,0.5,0.6,0.6,0.6
pS,31,106,R,pPS,5,4,1,MACHINA (PhyloWGS),2,1.0,1.0,1.0,0.5,0.5,0.5,0.6,0.6,0.6
pS,31,88,R,pPS,5,4,1,MACHINA (PhyloWGS),2,1.0,1.0,1.0,0.5,0.5,0.5,0.6,0.6,0.6
pS,31,107,R,pPS,5,4,1,MACHINA (PhyloWGS),2,1.0,1.0,1.0,0.5,0.5,0.5,0.6,0.6,0.6
pS,31,45,R,pPS,5,4,1,MACHINA (PhyloWGS),2,0.666666666667,0.666666666667,0.666666666667,0.5,0.5,0.5,0.6,0.6,0.6
pS,31,46,R,pPS,5,4,1,MACHINA (PhyloWGS),2,0.666666666667,0.666666666667,0.666666666667,0.5,0.5,0.5,0.6,0.6,0.6
pS,31,49,R,pPS,5,4,1,MACHINA (PhyloWGS),2,0.666666666667,0.666666666667,0.666666666667,0.5,0.5,0.5,0.6,0.6,0.6
pS,31,47,R,pPS,5,4,1,MACHINA (PhyloWGS),2,0.666666666667,0.666666666667,0.666666666667,0.5,0.5,0.5,0.6,0.6,0.6
pS,31,50,R,pPS,5,4,1,MACHINA (PhyloWGS),2,0.666666666667,0.666666666667,0.666666666667,0.5,0.5,0.5,0.6,0.6,0.6
pS,31,69,R,pPS,5,4,1,MACHINA (PhyloWGS),2,1.0,1.0,1.0,0.5,0.5,0.5,0.6,0.6,0.6
pS,31,51,R,pPS,5,4,1,MACHINA (PhyloWGS),2,0.666666666667,0.666666666667,0.666666666667,0.5,0.5,0.5,0.6,0.6,0.6
pS,31,70,R,pPS,5,4,1,MACHINA (PhyloWGS),2,1.0,1.0,1.0,0.5,0.5,0.5,0.6,0.6,0.6
pS,31,105,R,pPS,5,4,1,MACHINA (PhyloWGS),2,0.666666666667,0.666666666667,0.666666666667,0.5,0.5,0.5,0.6,0.6,0.6
pS,31,52,R,pPS,5,4,1,MACHINA (PhyloWGS),2,0.666666666667,0.666666666667,0.666666666667,0.5,0.5,0.5,0.6,0.6,0.6
pS,31,71,R,pPS,5,4,1,MACHINA (PhyloWGS),2,1.0,1.0,1.0,0.5,0.5,0.5,0.6,0.6,0.6
pS,31,74,R,pPS,5,4,1,MACHINA (PhyloWGS),2,1.0,1.0,1.0,0.5,0.5,0.5,0.6,0.6,0.6
pS,31,93,R,pPS,5,4,1,MACHINA (PhyloWGS),2,1.0,1.0,1.0,0.5,0.5,0.5,0.6,0.6,0.6
pS,31,56,R,pPS,5,4,1,MACHINA (PhyloWGS),2,0.666666666667,0.666666666667,0.666666666667,0.5,0.5,0.5,0.6,0.6,0.6
pS,31,75,R,pPS,5,4,1,MACHINA (PhyloWGS),2,1.0,1.0,1.0,0.5,0.5,0.5,0.6,0.6,0.6
pS,31,94,R,pPS,5,4,1,MACHINA (PhyloWGS),2,1.0,1.0,1.0,0.5,0.5,0.5,0.6,0.6,0.6
pS,31,97,R,pPS,5,4,1,MACHINA (PhyloWGS),2,1.0,1.0,1.0,0.5,0.5,0.5,0.6,0.6,0.6
pS,31,76,R,pPS,5,4,1,MACHINA (PhyloWGS),2,1.0,1.0,1.0,0.5,0.5,0.5,0.6,0.6,0.6
pS,31,95,R,pPS,5,4,1,MACHINA (PhyloWGS),2,1.0,1.0,1.0,0.5,0.5,0.5,0.6,0.6,0.6
pS,31,98,R,pPS,5,4,1,MACHINA (PhyloWGS),2,1.0,1.0,1.0,0.5,0.5,0.5,0.6,0.6,0.6
pS,31,80,R,pPS,5,4,1,MACHINA (PhyloWGS),2,1.0,1.0,1.0,0.5,0.5,0.5,0.6,0.6,0.6
pS,31,99,R,pPS,5,4,1,MACHINA (PhyloWGS),2,1.0,1.0,1.0,0.5,0.5,0.5,0.6,0.6,0.6
pS,31,89,R,pPS,5,4,1,MACHINA (PhyloWGS),2,1.0,1.0,1.0,0.5,0.5,0.5,0.6,0.6,0.6
pS,31,100,R,pPS,5,4,1,MACHINA (PhyloWGS),2,1.0,1.0,1.0,0.5,0.5,0.5,0.6,0.6,0.6
pS,31,104,R,pPS,5,4,1,MACHINA (PhyloWGS),2,0.666666666667,0.666666666667,0.666666666667,0.5,0.5,0.5,0.6,0.6,0.6
pS,31,37,R,pPS,5,4,1,MACHINA (PhyloWGS),2,0.666666666667,0.666666666667,0.666666666667,0.5,0.5,0.5,0.6,0.6,0.6
pS,31,38,R,pPS,5,4,1,MACHINA (PhyloWGS),2,0.666666666667,0.666666666667,0.666666666667,0.5,0.5,0.5,0.6,0.6,0.6
pS,31,73,R,pPS,5,4,1,MACHINA (PhyloWGS),2,1.0,1.0,1.0,0.5,0.5,0.5,0.6,0.6,0.6
pS,31,39,R,pPS,5,4,1,MACHINA (PhyloWGS),2,0.666666666667,0.666666666667,0.666666666667,0.5,0.5,0.5,0.6,0.6,0.6
pS,31,42,R,pPS,5,4,1,MACHINA (PhyloWGS),2,0.666666666667,0.666666666667,0.666666666667,0.5,0.5,0.5,0.6,0.6,0.6
pS,31,61,R,pPS,5,4,1,MACHINA (PhyloWGS),2,1.0,1.0,1.0,0.5,0.5,0.5,0.6,0.6,0.6
pS,31,43,R,pPS,5,4,1,MACHINA (PhyloWGS),2,0.666666666667,0.666666666667,0.666666666667,0.5,0.5,0.5,0.6,0.6,0.6
pS,31,62,R,pPS,5,4,1,MACHINA (PhyloWGS),2,1.0,1.0,1.0,0.5,0.5,0.5,0.6,0.6,0.6
pS,31,65,R,pPS,5,4,1,MACHINA (PhyloWGS),2,1.0,1.0,1.0,0.5,0.5,0.5,0.6,0.6,0.6
pS,31,44,R,pPS,5,4,1,MACHINA (PhyloWGS),2,0.666666666667,0.666666666667,0.666666666667,0.5,0.5,0.5,0.6,0.6,0.6
pS,31,63,R,pPS,5,4,1,MACHINA (PhyloWGS),2,1.0,1.0,1.0,0.5,0.5,0.5,0.6,0.6,0.6
pS,31,66,R,pPS,5,4,1,MACHINA (PhyloWGS),2,1.0,1.0,1.0,0.5,0.5,0.5,0.6,0.6,0.6
pS,31,85,R,pPS,5,4,1,MACHINA (PhyloWGS),2,1.0,1.0,1.0,0.5,0.5,0.5,0.6,0.6,0.6
pS,31,48,R,pPS,5,4,1,MACHINA (PhyloWGS),2,0.666666666667,0.666666666667,0.666666666667,0.5,0.5,0.5,0.6,0.6,0.6
pS,31,67,R,pPS,5,4,1,MACHINA (PhyloWGS),2,1.0,1.0,1.0,0.5,0.5,0.5,0.6,0.6,0.6
pS,31,86,R,pPS,5,4,1,MACHINA (PhyloWGS),2,1.0,1.0,1.0,0.5,0.5,0.5,0.6,0.6,0.6
pS,31,57,R,pPS,5,4,1,MACHINA (PhyloWGS),2,0.666666666667,0.666666666667,0.666666666667,0.5,0.5,0.5,0.6,0.6,0.6
pS,31,68,R,pPS,5,4,1,MACHINA (PhyloWGS),2,1.0,1.0,1.0,0.5,0.5,0.5,0.6,0.6,0.6
pS,31,87,R,pPS,5,4,1,MACHINA (PhyloWGS),2,1.0,1.0,1.0,0.5,0.5,0.5,0.6,0.6,0.6
pS,31,90,R,pPS,5,4,1,MACHINA (PhyloWGS),2,1.0,1.0,1.0,0.5,0.5,0.5,0.6,0.6,0.6
pS,31,72,R,pPS,5,4,1,MACHINA (PhyloWGS),2,1.0,1.0,1.0,0.5,0.5,0.5,0.6,0.6,0.6
pS,31,91,R,pPS,5,4,1,MACHINA (PhyloWGS),2,1.0,1.0,1.0,0.5,0.5,0.5,0.6,0.6,0.6
pS,31,92,R,pPS,5,4,1,MACHINA (PhyloWGS),2,1.0,1.0,1.0,0.5,0.5,0.5,0.6,0.6,0.6
pS,31,96,R,pPS,5,4,1,MACHINA (PhyloWGS),2,1.0,1.0,1.0,0.5,0.5,0.5,0.6,0.6,0.6
pS,31,41,R,pPS,5,4,1,MACHINA (PhyloWGS),2,0.666666666667,0.666666666667,0.666666666667,0.5,0.5,0.5,0.6,0.6,0.6
pS,31,53,R,pPS,5,4,1,MACHINA (PhyloWGS),2,0.666666666667,0.666666666667,0.666666666667,0.5,0.5,0.5,0.6,0.6,0.6
pS,31,54,R,pPS,5,4,1,MACHINA (PhyloWGS),2,0.666666666667,0.666666666667,0.666666666667,0.5,0.5,0.5,0.6,0.6,0.6
pS,31,36,R,pPS,5,4,1,MACHINA (PhyloWGS),2,0.333333333333,0.333333333333,0.333333333333,0.5,0.5,0.5,0.6,0.6,0.6
pS,31,55,R,pPS,5,4,1,MACHINA (PhyloWGS),2,0.666666666667,0.666666666667,0.666666666667,0.5,0.5,0.5,0.6,0.6,0.6
pS,31,58,R,pPS,5,4,1,MACHINA (PhyloWGS),2,0.666666666667,0.666666666667,0.666666666667,0.5,0.5,0.5,0.6,0.6,0.6
pS,31,77,R,pPS,5,4,1,MACHINA (PhyloWGS),2,1.0,1.0,1.0,0.5,0.5,0.5,0.6,0.6,0.6
pS,32,5,R,pPS,5,4,1,MACHINA (PhyloWGS),1,0.75,0.6,0.666666666667,0.75,0.75,0.75,0.8,0.8,0.8
pS,32,0,R,pPS,5,4,1,MACHINA (PhyloWGS),1,0.75,0.75,0.75,0.75,0.75,0.75,0.8,0.8,0.8
pS,32,6,R,pPS,5,4,1,MACHINA (PhyloWGS),1,0.75,0.6,0.666666666667,0.75,0.75,0.75,0.8,0.8,0.8
pS,32,7,R,pPS,5,4,1,MACHINA (PhyloWGS),1,0.75,0.6,0.666666666667,0.75,0.75,0.75,0.8,0.8,0.8
pS,32,1,R,pPS,5,4,1,MACHINA (PhyloWGS),1,0.75,0.6,0.666666666667,0.75,0.75,0.75,0.8,0.8,0.8
pS,32,2,R,pPS,5,4,1,MACHINA (PhyloWGS),1,0.75,0.6,0.666666666667,0.75,0.75,0.75,0.8,0.8,0.8
pS,32,3,R,pPS,5,4,1,MACHINA (PhyloWGS),1,0.75,0.6,0.666666666667,0.75,0.75,0.75,0.8,0.8,0.8
pS,32,4,R,pPS,5,4,1,MACHINA (PhyloWGS),1,0.75,0.6,0.666666666667,0.75,0.75,0.75,0.8,0.8,0.8
pS,35,0,R,mPS,4,4,1,MACHINA (PhyloWGS),3,0.666666666667,1.0,0.8,1.0,1.0,1.0,0.8,1.0,0.888888888889
pS,40,17,R,mPS,5,5,1,MACHINA (PhyloWGS),4,0.2,0.333333333333,0.25,0.6,0.6,0.6,0.5,0.6,0.545454545455
pS,40,2,R,mPS,5,5,1,MACHINA (PhyloWGS),4,0.2,0.333333333333,0.25,0.6,0.6,0.6,0.5,0.6,0.545454545455
pS,40,15,R,mPS,5,5,1,MACHINA (PhyloWGS),4,0.2,0.333333333333,0.25,0.6,0.6,0.6,0.5,0.6,0.545454545455
pS,40,8,R,mPS,5,5,1,MACHINA (PhyloWGS),4,0.2,0.333333333333,0.25,0.6,0.6,0.6,0.5,0.6,0.545454545455
pS,40,14,R,mPS,5,5,1,MACHINA (PhyloWGS),4,0.2,0.333333333333,0.25,0.6,0.6,0.6,0.5,0.6,0.545454545455
pS,40,11,R,mPS,5,5,1,MACHINA (PhyloWGS),4,0.2,0.333333333333,0.25,0.6,0.6,0.6,0.5,0.6,0.545454545455
pS,40,4,R,mPS,5,5,1,MACHINA (PhyloWGS),4,0.2,0.333333333333,0.25,0.6,0.6,0.6,0.5,0.6,0.545454545455
pS,40,9,R,mPS,5,5,1,MACHINA (PhyloWGS),4,0.2,0.333333333333,0.25,0.6,0.6,0.6,0.5,0.6,0.545454545455
pS,40,7,R,mPS,5,5,1,MACHINA (PhyloWGS),4,0.2,0.333333333333,0.25,0.6,0.6,0.6,0.5,0.6,0.545454545455
pS,40,0,R,mPS,5,5,1,MACHINA (PhyloWGS),4,0.2,0.333333333333,0.25,0.6,0.6,0.6,0.5,0.6,0.545454545455
pS,40,6,R,mPS,5,5,1,MACHINA (PhyloWGS),4,0.2,0.333333333333,0.25,0.6,0.6,0.6,0.5,0.6,0.545454545455
pS,40,3,R,mPS,5,5,1,MACHINA (PhyloWGS),4,0.2,0.333333333333,0.25,0.6,0.6,0.6,0.5,0.6,0.545454545455
pS,40,1,R,mPS,5,5,1,MACHINA (PhyloWGS),4,0.2,0.333333333333,0.25,0.6,0.6,0.6,0.5,0.6,0.545454545455
pS,40,13,R,mPS,5,5,1,MACHINA (PhyloWGS),4,0.2,0.333333333333,0.25,0.6,0.6,0.6,0.5,0.6,0.545454545455
pS,40,10,R,mPS,5,5,1,MACHINA (PhyloWGS),4,0.2,0.333333333333,0.25,0.6,0.6,0.6,0.5,0.6,0.545454545455
pS,40,16,R,mPS,5,5,1,MACHINA (PhyloWGS),4,0.2,0.333333333333,0.25,0.6,0.6,0.6,0.5,0.6,0.545454545455
pS,40,5,R,mPS,5,5,1,MACHINA (PhyloWGS),4,0.2,0.333333333333,0.25,0.6,0.6,0.6,0.5,0.6,0.545454545455
pS,40,12,R,mPS,5,5,1,MACHINA (PhyloWGS),4,0.2,0.333333333333,0.25,0.6,0.6,0.6,0.5,0.6,0.545454545455
pS,49,3,R,pPS,5,4,1,MACHINA (PhyloWGS),1,0.25,0.25,0.25,0.75,0.75,0.75,0.8,0.8,0.8
pS,49,6,R,pPS,5,4,1,MACHINA (PhyloWGS),1,0.75,0.75,0.75,0.75,0.75,0.75,0.8,0.8,0.8
pS,49,4,R,pPS,5,4,1,MACHINA (PhyloWGS),1,0.75,0.75,0.75,0.75,0.75,0.75,0.8,0.8,0.8
pS,49,7,R,pPS,5,4,1,MACHINA (PhyloWGS),1,0.75,1.0,0.857142857143,0.75,0.75,0.75,0.8,0.8,0.8
pS,62,8,R,mPS,4,4,1,MACHINA (PhyloWGS),3,1.0,1.0,1.0,1.0,1.0,1.0,0.8,1.0,0.888888888889
pS,62,14,R,mPS,4,4,1,MACHINA (PhyloWGS),3,1.0,1.0,1.0,1.0,1.0,1.0,0.8,1.0,0.888888888889
pS,62,9,R,mPS,4,4,1,MACHINA (PhyloWGS),3,1.0,1.0,1.0,1.0,1.0,1.0,0.8,1.0,0.888888888889
pS,62,7,R,mPS,4,4,1,MACHINA (PhyloWGS),3,1.0,1.0,1.0,1.0,1.0,1.0,0.8,1.0,0.888888888889
pS,62,6,R,mPS,4,4,1,MACHINA (PhyloWGS),3,1.0,1.0,1.0,1.0,1.0,1.0,0.8,1.0,0.888888888889
pS,62,18,R,mPS,4,4,1,MACHINA (PhyloWGS),3,1.0,1.0,1.0,1.0,1.0,1.0,0.8,1.0,0.888888888889
pS,62,13,R,mPS,4,4,1,MACHINA (PhyloWGS),3,1.0,1.0,1.0,1.0,1.0,1.0,0.8,1.0,0.888888888889
pS,62,19,R,mPS,4,4,1,MACHINA (PhyloWGS),3,1.0,1.0,1.0,1.0,1.0,1.0,0.8,1.0,0.888888888889
pS,81,40,R,pPS,5,4,1,MACHINA (PhyloWGS),0,0.5,0.5,0.5,1.0,1.0,1.0,0.833333333333,1.0,0.909090909091
pS,81,60,R,pPS,5,4,1,MACHINA (PhyloWGS),0,0.5,0.666666666667,0.571428571429,1.0,1.0,1.0,0.833333333333,1.0,0.909090909091
pS,81,64,R,pPS,5,4,1,MACHINA (PhyloWGS),0,0.5,0.666666666667,0.571428571429,1.0,1.0,1.0,0.833333333333,1.0,0.909090909091
pS,81,2,R,pPS,5,4,1,MACHINA (PhyloWGS),0,0.5,0.666666666667,0.571428571429,1.0,1.0,1.0,0.833333333333,1.0,0.909090909091
pS,81,4,R,pPS,5,4,1,MACHINA (PhyloWGS),0,0.5,0.666666666667,0.571428571429,1.0,1.0,1.0,0.833333333333,1.0,0.909090909091
pS,81,69,R,pPS,5,4,1,MACHINA (PhyloWGS),0,0.5,0.666666666667,0.571428571429,1.0,1.0,1.0,0.833333333333,1.0,0.909090909091
pS,81,32,R,pPS,5,4,1,MACHINA (PhyloWGS),0,0.5,0.666666666667,0.571428571429,1.0,1.0,1.0,0.833333333333,1.0,0.909090909091
pS,81,70,R,pPS,5,4,1,MACHINA (PhyloWGS),0,0.5,0.666666666667,0.571428571429,1.0,1.0,1.0,0.833333333333,1.0,0.909090909091
pS,81,71,R,pPS,5,4,1,MACHINA (PhyloWGS),0,0.5,0.666666666667,0.571428571429,1.0,1.0,1.0,0.833333333333,1.0,0.909090909091
pS,81,13,R,pPS,5,4,1,MACHINA (PhyloWGS),0,0.5,0.666666666667,0.571428571429,1.0,1.0,1.0,0.833333333333,1.0,0.909090909091
pS,81,14,R,pPS,5,4,1,MACHINA (PhyloWGS),0,0.5,0.666666666667,0.571428571429,1.0,1.0,1.0,0.833333333333,1.0,0.909090909091
pS,81,17,R,pPS,5,4,1,MACHINA (PhyloWGS),0,0.5,0.666666666667,0.571428571429,1.0,1.0,1.0,0.833333333333,1.0,0.909090909091
pS,81,15,R,pPS,5,4,1,MACHINA (PhyloWGS),0,0.5,0.666666666667,0.571428571429,1.0,1.0,1.0,0.833333333333,1.0,0.909090909091
pS,81,18,R,pPS,5,4,1,MACHINA (PhyloWGS),0,0.5,0.666666666667,0.571428571429,1.0,1.0,1.0,0.833333333333,1.0,0.909090909091
pS,81,37,R,pPS,5,4,1,MACHINA (PhyloWGS),0,0.5,0.666666666667,0.571428571429,1.0,1.0,1.0,0.833333333333,1.0,0.909090909091
pS,81,19,R,pPS,5,4,1,MACHINA (PhyloWGS),0,0.5,0.5,0.5,1.0,1.0,1.0,0.833333333333,1.0,0.909090909091
pS,81,38,R,pPS,5,4,1,MACHINA (PhyloWGS),0,0.5,0.666666666667,0.571428571429,1.0,1.0,1.0,0.833333333333,1.0,0.909090909091
pS,81,20,R,pPS,5,4,1,MACHINA (PhyloWGS),0,0.5,0.666666666667,0.571428571429,1.0,1.0,1.0,0.833333333333,1.0,0.909090909091
pS,81,39,R,pPS,5,4,1,MACHINA (PhyloWGS),0,0.5,0.666666666667,0.571428571429,1.0,1.0,1.0,0.833333333333,1.0,0.909090909091
pS,81,61,R,pPS,5,4,1,MACHINA (PhyloWGS),0,0.5,0.666666666667,0.571428571429,1.0,1.0,1.0,0.833333333333,1.0,0.909090909091
pS,81,62,R,pPS,5,4,1,MACHINA (PhyloWGS),0,0.5,0.666666666667,0.571428571429,1.0,1.0,1.0,0.833333333333,1.0,0.909090909091
pS,81,65,R,pPS,5,4,1,MACHINA (PhyloWGS),0,0.5,0.666666666667,0.571428571429,1.0,1.0,1.0,0.833333333333,1.0,0.909090909091
pS,81,63,R,pPS,5,4,1,MACHINA (PhyloWGS),0,0.5,0.666666666667,0.571428571429,1.0,1.0,1.0,0.833333333333,1.0,0.909090909091
pS,81,66,R,pPS,5,4,1,MACHINA (PhyloWGS),0,0.5,0.5,0.5,1.0,1.0,1.0,0.833333333333,1.0,0.909090909091
pS,81,67,R,pPS,5,4,1,MACHINA (PhyloWGS),0,0.5,0.666666666667,0.571428571429,1.0,1.0,1.0,0.833333333333,1.0,0.909090909091
pS,81,68,R,pPS,5,4,1,MACHINA (PhyloWGS),0,0.5,0.666666666667,0.571428571429,1.0,1.0,1.0,0.833333333333,1.0,0.909090909091
pS,81,41,R,pPS,5,4,1,MACHINA (PhyloWGS),0,0.5,0.666666666667,0.571428571429,1.0,1.0,1.0,0.833333333333,1.0,0.909090909091
pS,81,11,R,pPS,5,4,1,MACHINA (PhyloWGS),0,0.5,0.666666666667,0.571428571429,1.0,1.0,1.0,0.833333333333,1.0,0.909090909091
pS,81,30,R,pPS,5,4,1,MACHINA (PhyloWGS),0,0.5,0.666666666667,0.571428571429,1.0,1.0,1.0,0.833333333333,1.0,0.909090909091
pS,81,33,R,pPS,5,4,1,MACHINA (PhyloWGS),0,0.5,0.666666666667,0.571428571429,1.0,1.0,1.0,0.833333333333,1.0,0.909090909091
pS,81,12,R,pPS,5,4,1,MACHINA (PhyloWGS),0,0.5,0.666666666667,0.571428571429,1.0,1.0,1.0,0.833333333333,1.0,0.909090909091
pS,81,31,R,pPS,5,4,1,MACHINA (PhyloWGS),0,0.5,0.666666666667,0.571428571429,1.0,1.0,1.0,0.833333333333,1.0,0.909090909091
pS,81,34,R,pPS,5,4,1,MACHINA (PhyloWGS),0,0.5,0.666666666667,0.571428571429,1.0,1.0,1.0,0.833333333333,1.0,0.909090909091
pS,81,16,R,pPS,5,4,1,MACHINA (PhyloWGS),0,0.5,0.666666666667,0.571428571429,1.0,1.0,1.0,0.833333333333,1.0,0.909090909091
pS,81,35,R,pPS,5,4,1,MACHINA (PhyloWGS),0,0.5,0.666666666667,0.571428571429,1.0,1.0,1.0,0.833333333333,1.0,0.909090909091
pS,81,36,R,pPS,5,4,1,MACHINA (PhyloWGS),0,0.5,0.666666666667,0.571428571429,1.0,1.0,1.0,0.833333333333,1.0,0.909090909091
