pattern,seed,mut_tree,enforced,inferred,mu,gamma,sigma,method,RF,recallT,precisionT,FscoreT,recallG,precisionG,FscoreG,recallMultiG,precisionMultiG,FscoreMultiG
pM,172,103,R,pM,12,10,3,MACHINA,4,1.0,1.0,1.0,0.181818181818,0.2,0.190476190476,0.214285714286,0.25,0.230769230769
pM,172,166,R,pM,12,10,3,MACHINA,4,1.0,1.0,1.0,0.181818181818,0.2,0.190476190476,0.214285714286,0.25,0.230769230769
pM,172,115,R,pM,12,10,3,MACHINA,4,1.0,1.0,1.0,0.181818181818,0.2,0.190476190476,0.214285714286,0.25,0.230769230769
pM,172,101,R,pM,12,10,3,MACHINA,4,1.0,1.0,1.0,0.181818181818,0.2,0.190476190476,0.214285714286,0.25,0.230769230769
pM,172,82,R,pM,12,10,3,MACHINA,4,1.0,1.0,1.0,0.181818181818,0.2,0.190476190476,0.214285714286,0.25,0.230769230769
pM,172,175,R,pM,12,10,3,MACHINA,4,1.0,1.0,1.0,0.181818181818,0.2,0.190476190476,0.214285714286,0.25,0.230769230769
pM,172,156,R,pM,12,10,3,MACHINA,4,1.0,1.0,1.0,0.181818181818,0.2,0.190476190476,0.214285714286,0.25,0.230769230769
pM,172,110,R,pM,12,10,3,MACHINA,4,1.0,0.833333333333,0.909090909091,0.181818181818,0.2,0.190476190476,0.214285714286,0.25,0.230769230769
pM,172,168,R,pM,12,10,3,MACHINA,4,1.0,1.0,1.0,0.181818181818,0.2,0.190476190476,0.214285714286,0.25,0.230769230769
pM,172,77,R,pM,12,10,3,MACHINA,4,1.0,1.0,1.0,0.181818181818,0.2,0.190476190476,0.214285714286,0.25,0.230769230769
pM,172,154,R,pM,12,10,3,MACHINA,4,1.0,1.0,1.0,0.181818181818,0.2,0.190476190476,0.214285714286,0.25,0.230769230769
pM,172,151,R,pM,12,10,3,MACHINA,4,1.0,1.0,1.0,0.181818181818,0.2,0.190476190476,0.214285714286,0.25,0.230769230769
pM,172,100,R,pM,12,10,3,MACHINA,4,1.0,1.0,1.0,0.181818181818,0.2,0.190476190476,0.214285714286,0.25,0.230769230769
pM,172,76,R,pM,12,10,3,MACHINA,4,1.0,1.0,1.0,0.181818181818,0.2,0.190476190476,0.214285714286,0.25,0.230769230769
pM,172,163,R,pM,12,10,3,MACHINA,4,1.0,1.0,1.0,0.181818181818,0.2,0.190476190476,0.214285714286,0.25,0.230769230769
pM,172,45,R,pM,12,10,3,MACHINA,4,1.0,1.0,1.0,0.181818181818,0.2,0.190476190476,0.214285714286,0.25,0.230769230769
pM,172,130,R,pM,12,10,3,MACHINA,4,1.0,1.0,1.0,0.181818181818,0.2,0.190476190476,0.214285714286,0.25,0.230769230769
pM,172,51,R,pM,12,10,3,MACHINA,4,1.0,1.0,1.0,0.181818181818,0.2,0.190476190476,0.214285714286,0.25,0.230769230769
pM,172,158,R,pM,12,10,3,MACHINA,4,1.0,1.0,1.0,0.181818181818,0.2,0.190476190476,0.214285714286,0.25,0.230769230769
pM,172,125,R,pM,12,10,3,MACHINA,4,1.0,1.0,1.0,0.181818181818,0.2,0.190476190476,0.214285714286,0.25,0.230769230769
pM,172,74,R,pM,12,10,3,MACHINA,4,1.0,1.0,1.0,0.181818181818,0.2,0.190476190476,0.214285714286,0.25,0.230769230769
pM,172,71,R,pM,12,10,3,MACHINA,4,1.0,1.0,1.0,0.181818181818,0.2,0.190476190476,0.214285714286,0.25,0.230769230769
pM,172,73,R,pM,12,10,3,MACHINA,4,0.8,0.8,0.8,0.181818181818,0.2,0.190476190476,0.214285714286,0.25,0.230769230769
pM,172,83,R,pM,12,10,3,MACHINA,4,1.0,1.0,1.0,0.181818181818,0.2,0.190476190476,0.214285714286,0.25,0.230769230769
pM,172,178,R,pM,12,10,3,MACHINA,4,1.0,1.0,1.0,0.181818181818,0.2,0.190476190476,0.214285714286,0.25,0.230769230769
pM,172,124,R,pM,12,10,3,MACHINA,4,1.0,1.0,1.0,0.181818181818,0.2,0.190476190476,0.214285714286,0.25,0.230769230769
pM,172,113,R,pM,12,10,3,MACHINA,4,1.0,1.0,1.0,0.181818181818,0.2,0.190476190476,0.214285714286,0.25,0.230769230769
pM,172,78,R,pM,12,10,3,MACHINA,4,1.0,1.0,1.0,0.181818181818,0.2,0.190476190476,0.214285714286,0.25,0.230769230769
pM,172,173,R,pM,12,10,3,MACHINA,4,1.0,1.0,1.0,0.181818181818,0.2,0.190476190476,0.214285714286,0.25,0.230769230769
pM,172,122,R,pM,12,10,3,MACHINA,4,1.0,1.0,1.0,0.181818181818,0.2,0.190476190476,0.214285714286,0.25,0.230769230769
pM,172,119,R,pM,12,10,3,MACHINA,4,1.0,1.0,1.0,0.181818181818,0.2,0.190476190476,0.214285714286,0.25,0.230769230769
pM,172,68,R,pM,12,10,3,MACHINA,4,1.0,1.0,1.0,0.181818181818,0.2,0.190476190476,0.214285714286,0.25,0.230769230769
pM,172,57,R,pM,12,10,3,MACHINA,4,1.0,1.0,1.0,0.181818181818,0.2,0.190476190476,0.214285714286,0.25,0.230769230769
pM,172,131,R,pM,12,10,3,MACHINA,4,1.0,1.0,1.0,0.181818181818,0.2,0.190476190476,0.214285714286,0.25,0.230769230769
pM,172,112,R,pM,12,10,3,MACHINA,4,1.0,1.0,1.0,0.181818181818,0.2,0.190476190476,0.214285714286,0.25,0.230769230769
pM,172,117,R,pM,12,10,3,MACHINA,4,1.0,1.0,1.0,0.181818181818,0.2,0.190476190476,0.214285714286,0.25,0.230769230769
pM,172,98,R,pM,12,10,3,MACHINA,4,1.0,1.0,1.0,0.181818181818,0.2,0.190476190476,0.214285714286,0.25,0.230769230769
pM,172,172,R,pM,12,10,3,MACHINA,4,1.0,1.0,1.0,0.181818181818,0.2,0.190476190476,0.214285714286,0.25,0.230769230769
pM,172,161,R,pM,12,10,3,MACHINA,4,1.0,1.0,1.0,0.181818181818,0.2,0.190476190476,0.214285714286,0.25,0.230769230769
pM,172,107,R,pM,12,10,3,MACHINA,4,1.0,0.833333333333,0.909090909091,0.181818181818,0.2,0.190476190476,0.214285714286,0.25,0.230769230769
pM,172,56,R,pM,12,10,3,MACHINA,4,1.0,1.0,1.0,0.181818181818,0.2,0.190476190476,0.214285714286,0.25,0.230769230769
pM,172,42,R,pM,12,10,3,MACHINA,4,0.8,0.8,0.8,0.181818181818,0.2,0.190476190476,0.214285714286,0.25,0.230769230769
pM,172,167,R,pM,12,10,3,MACHINA,4,1.0,1.0,1.0,0.181818181818,0.2,0.190476190476,0.214285714286,0.25,0.230769230769
pM,172,169,R,pM,12,10,3,MACHINA,4,1.0,1.0,1.0,0.181818181818,0.2,0.190476190476,0.214285714286,0.25,0.230769230769
pM,172,179,R,pM,12,10,3,MACHINA,4,1.0,1.0,1.0,0.181818181818,0.2,0.190476190476,0.214285714286,0.25,0.230769230769
pM,172,160,R,pM,12,10,3,MACHINA,4,1.0,1.0,1.0,0.181818181818,0.2,0.190476190476,0.214285714286,0.25,0.230769230769
pM,172,111,R,pM,12,10,3,MACHINA,4,1.0,1.0,1.0,0.181818181818,0.2,0.190476190476,0.214285714286,0.25,0.230769230769
pM,172,174,R,pM,12,10,3,MACHINA,4,1.0,1.0,1.0,0.181818181818,0.2,0.190476190476,0.214285714286,0.25,0.230769230769
pM,172,155,R,pM,12,10,3,MACHINA,4,1.0,0.833333333333,0.909090909091,0.181818181818,0.2,0.190476190476,0.214285714286,0.25,0.230769230769
pM,172,104,R,pM,12,10,3,MACHINA,4,1.0,1.0,1.0,0.181818181818,0.2,0.190476190476,0.214285714286,0.25,0.230769230769
pM,172,153,R,pM,12,10,3,MACHINA,4,1.0,0.833333333333,0.909090909091,0.181818181818,0.2,0.190476190476,0.214285714286,0.25,0.230769230769
pM,172,150,R,pM,12,10,3,MACHINA,4,1.0,1.0,1.0,0.181818181818,0.2,0.190476190476,0.214285714286,0.25,0.230769230769
pM,172,44,R,pM,12,10,3,MACHINA,4,1.0,1.0,1.0,0.181818181818,0.2,0.190476190476,0.214285714286,0.25,0.230769230769
pM,172,159,R,pM,12,10,3,MACHINA,4,1.0,1.0,1.0,0.181818181818,0.2,0.190476190476,0.214285714286,0.25,0.230769230769
pM,172,129,R,pM,12,10,3,MACHINA,4,1.0,1.0,1.0,0.181818181818,0.2,0.190476190476,0.214285714286,0.25,0.230769230769
pM,172,152,R,pM,12,10,3,MACHINA,4,1.0,1.0,1.0,0.181818181818,0.2,0.190476190476,0.214285714286,0.25,0.230769230769
pM,172,128,R,pM,12,10,3,MACHINA,4,1.0,1.0,1.0,0.181818181818,0.2,0.190476190476,0.214285714286,0.25,0.230769230769
pM,172,114,R,pM,12,10,3,MACHINA,4,1.0,1.0,1.0,0.181818181818,0.2,0.190476190476,0.214285714286,0.25,0.230769230769
pM,172,79,R,pM,12,10,3,MACHINA,4,1.0,1.0,1.0,0.181818181818,0.2,0.190476190476,0.214285714286,0.25,0.230769230769
pM,172,49,R,pM,12,10,3,MACHINA,4,1.0,1.0,1.0,0.181818181818,0.2,0.190476190476,0.214285714286,0.25,0.230769230769
pM,172,50,R,pM,12,10,3,MACHINA,4,1.0,1.0,1.0,0.181818181818,0.2,0.190476190476,0.214285714286,0.25,0.230769230769
pM,172,72,R,pM,12,10,3,MACHINA,4,1.0,1.0,1.0,0.181818181818,0.2,0.190476190476,0.214285714286,0.25,0.230769230769
pM,172,58,R,pM,12,10,3,MACHINA,4,0.8,0.8,0.8,0.181818181818,0.2,0.190476190476,0.214285714286,0.25,0.230769230769
pM,172,55,R,pM,12,10,3,MACHINA,4,1.0,1.0,1.0,0.181818181818,0.2,0.190476190476,0.214285714286,0.25,0.230769230769
pM,172,121,R,pM,12,10,3,MACHINA,4,1.0,1.0,1.0,0.181818181818,0.2,0.190476190476,0.214285714286,0.25,0.230769230769
pM,172,67,R,pM,12,10,3,MACHINA,4,1.0,1.0,1.0,0.181818181818,0.2,0.190476190476,0.214285714286,0.25,0.230769230769
pM,172,53,R,pM,12,10,3,MACHINA,4,1.0,1.0,1.0,0.181818181818,0.2,0.190476190476,0.214285714286,0.25,0.230769230769
pM,172,162,R,pM,12,10,3,MACHINA,4,1.0,1.0,1.0,0.181818181818,0.2,0.190476190476,0.214285714286,0.25,0.230769230769
pM,172,97,R,pM,12,10,3,MACHINA,4,1.0,1.0,1.0,0.181818181818,0.2,0.190476190476,0.214285714286,0.25,0.230769230769
pM,172,43,R,pM,12,10,3,MACHINA,4,0.8,0.8,0.8,0.181818181818,0.2,0.190476190476,0.214285714286,0.25,0.230769230769
pM,172,157,R,pM,12,10,3,MACHINA,4,1.0,1.0,1.0,0.181818181818,0.2,0.190476190476,0.214285714286,0.25,0.230769230769
pM,172,106,R,pM,12,10,3,MACHINA,4,1.0,1.0,1.0,0.181818181818,0.2,0.190476190476,0.214285714286,0.25,0.230769230769
pM,19,24,R,pS,9,7,4,MACHINA,1,0.857142857143,1.0,0.923076923077,0.625,0.714285714286,0.666666666667,0.666666666667,0.666666666667,0.666666666667
pM,19,37,R,pS,9,7,4,MACHINA,1,0.857142857143,1.0,0.923076923077,0.875,1.0,0.933333333333,0.888888888889,0.888888888889,0.888888888889
pM,19,41,R,pS,9,7,4,MACHINA,1,0.857142857143,1.0,0.923076923077,0.625,0.714285714286,0.666666666667,0.666666666667,0.666666666667,0.666666666667
pM,19,39,R,pS,9,7,4,MACHINA,1,0.857142857143,1.0,0.923076923077,0.625,0.714285714286,0.666666666667,0.666666666667,0.666666666667,0.666666666667
pM,19,29,R,pS,9,7,4,MACHINA,1,0.857142857143,1.0,0.923076923077,0.625,0.714285714286,0.666666666667,0.666666666667,0.666666666667,0.666666666667
pM,19,43,R,pS,9,7,4,MACHINA,1,0.857142857143,1.0,0.923076923077,0.875,1.0,0.933333333333,0.888888888889,0.888888888889,0.888888888889
pM,19,33,R,pS,9,7,4,MACHINA,1,0.857142857143,1.0,0.923076923077,0.875,1.0,0.933333333333,0.888888888889,0.888888888889,0.888888888889
pM,19,38,R,pS,9,7,4,MACHINA,1,0.857142857143,1.0,0.923076923077,0.625,0.714285714286,0.666666666667,0.666666666667,0.666666666667,0.666666666667
pM,19,42,R,pS,9,7,4,MACHINA,1,0.857142857143,1.0,0.923076923077,0.875,1.0,0.933333333333,0.888888888889,0.888888888889,0.888888888889
pM,19,44,R,pS,9,7,4,MACHINA,1,0.857142857143,1.0,0.923076923077,0.625,0.714285714286,0.666666666667,0.666666666667,0.666666666667,0.666666666667
pM,19,34,R,pS,9,7,4,MACHINA,1,0.857142857143,1.0,0.923076923077,0.875,1.0,0.933333333333,0.888888888889,0.888888888889,0.888888888889
pM,19,31,R,pS,9,7,4,MACHINA,1,0.857142857143,1.0,0.923076923077,0.875,1.0,0.933333333333,0.888888888889,0.888888888889,0.888888888889
pM,19,35,R,pS,9,7,4,MACHINA,1,0.857142857143,1.0,0.923076923077,0.625,0.714285714286,0.666666666667,0.666666666667,0.666666666667,0.666666666667
pM,19,25,R,pS,9,7,4,MACHINA,1,0.857142857143,0.857142857143,0.857142857143,0.625,0.714285714286,0.666666666667,0.666666666667,0.666666666667,0.666666666667
pM,19,30,R,pS,9,7,4,MACHINA,1,0.857142857143,0.857142857143,0.857142857143,0.875,1.0,0.933333333333,0.888888888889,0.888888888889,0.888888888889
pM,19,27,R,pS,9,7,4,MACHINA,1,0.857142857143,1.0,0.923076923077,0.625,0.714285714286,0.666666666667,0.666666666667,0.666666666667,0.666666666667
pM,19,47,R,pS,9,7,4,MACHINA,1,0.857142857143,1.0,0.923076923077,0.875,1.0,0.933333333333,0.888888888889,0.888888888889,0.888888888889
pM,19,36,R,pS,9,7,4,MACHINA,1,0.857142857143,1.0,0.923076923077,0.625,0.714285714286,0.666666666667,0.666666666667,0.666666666667,0.666666666667
pM,19,26,R,pS,9,7,4,MACHINA,1,0.857142857143,1.0,0.923076923077,0.875,1.0,0.933333333333,0.888888888889,0.888888888889,0.888888888889
pM,19,40,R,pS,9,7,4,MACHINA,1,0.857142857143,1.0,0.923076923077,0.875,1.0,0.933333333333,0.888888888889,0.888888888889,0.888888888889
pM,19,46,R,pS,9,7,4,MACHINA,1,0.857142857143,1.0,0.923076923077,0.875,1.0,0.933333333333,0.888888888889,0.888888888889,0.888888888889
pM,19,28,R,pS,9,7,4,MACHINA,1,0.857142857143,1.0,0.923076923077,0.625,0.714285714286,0.666666666667,0.666666666667,0.666666666667,0.666666666667
pM,19,32,R,pS,9,7,4,MACHINA,1,0.857142857143,1.0,0.923076923077,0.625,0.714285714286,0.666666666667,0.666666666667,0.666666666667,0.666666666667
pM,19,45,R,pS,9,7,4,MACHINA,1,0.857142857143,1.0,0.923076923077,0.625,0.714285714286,0.666666666667,0.666666666667,0.666666666667,0.666666666667
pM,216,5,R,pS,8,7,3,MACHINA,4,1.0,1.0,1.0,0.25,0.285714285714,0.266666666667,0.333333333333,0.375,0.352941176471
pM,216,3,R,pS,8,7,3,MACHINA,2,1.0,1.0,1.0,0.5,0.571428571429,0.533333333333,0.555555555556,0.625,0.588235294118
pM,216,2,R,pS,8,7,3,MACHINA,4,1.0,1.0,1.0,0.5,0.571428571429,0.533333333333,0.555555555556,0.625,0.588235294118
pM,239,1,R,pS,8,7,2,MACHINA,1,1.0,1.0,1.0,0.75,0.857142857143,0.8,0.777777777778,0.875,0.823529411765
pM,239,0,R,pS,8,7,2,MACHINA,1,1.0,1.0,1.0,0.75,0.857142857143,0.8,0.777777777778,0.875,0.823529411765
pM,241,0,R,mM,8,8,3,MACHINA,3,0.8,0.8,0.8,0.875,0.875,0.875,0.777777777778,0.875,0.823529411765
pM,241,1,R,mM,8,8,3,MACHINA,3,1.0,1.0,1.0,0.875,0.875,0.875,0.777777777778,0.875,0.823529411765
pM,241,2,R,mM,8,8,3,MACHINA,3,1.0,1.0,1.0,0.875,0.875,0.875,0.777777777778,0.875,0.823529411765
pM,241,5,R,mM,8,8,3,MACHINA,3,1.0,1.0,1.0,0.875,0.875,0.875,0.777777777778,0.875,0.823529411765
pM,243,8,R,pPS,13,8,1,MACHINA,3,1.0,1.0,1.0,0.777777777778,0.875,0.823529411765,0.846153846154,0.846153846154,0.846153846154
pM,243,11,R,pPS,13,8,1,MACHINA,1,1.0,1.0,1.0,0.777777777778,0.875,0.823529411765,0.846153846154,0.846153846154,0.846153846154
pM,243,9,R,pPS,13,8,1,MACHINA,3,1.0,1.0,1.0,0.777777777778,0.875,0.823529411765,0.846153846154,0.846153846154,0.846153846154
pM,243,10,R,pPS,13,8,1,MACHINA,1,1.0,0.857142857143,0.923076923077,0.777777777778,0.875,0.823529411765,0.846153846154,0.846153846154,0.846153846154
pM,35,38,R,pM,10,9,2,MACHINA,2,0.8,0.666666666667,0.727272727273,0.444444444444,0.444444444444,0.444444444444,0.363636363636,0.4,0.380952380952
pM,35,47,R,pM,10,9,2,MACHINA,2,0.8,0.8,0.8,0.444444444444,0.444444444444,0.444444444444,0.363636363636,0.4,0.380952380952
pM,35,28,R,pM,10,9,2,MACHINA,2,0.8,0.8,0.8,0.444444444444,0.444444444444,0.444444444444,0.363636363636,0.4,0.380952380952
pM,35,17,R,pM,10,9,2,MACHINA,2,1.0,1.0,1.0,0.444444444444,0.444444444444,0.444444444444,0.363636363636,0.4,0.380952380952
pM,35,40,R,pM,10,9,2,MACHINA,2,1.0,1.0,1.0,0.444444444444,0.444444444444,0.444444444444,0.363636363636,0.4,0.380952380952
pM,35,26,R,pM,10,9,2,MACHINA,2,0.8,0.8,0.8,0.444444444444,0.444444444444,0.444444444444,0.363636363636,0.4,0.380952380952
pM,35,23,R,pM,10,9,2,MACHINA,2,1.0,1.0,1.0,0.444444444444,0.444444444444,0.444444444444,0.363636363636,0.4,0.380952380952
pM,35,35,R,pM,10,9,2,MACHINA,2,1.0,0.833333333333,0.909090909091,0.444444444444,0.444444444444,0.444444444444,0.363636363636,0.4,0.380952380952
pM,35,16,R,pM,10,9,2,MACHINA,2,0.8,0.8,0.8,0.444444444444,0.444444444444,0.444444444444,0.363636363636,0.4,0.380952380952
pM,35,21,R,pM,10,9,2,MACHINA,2,1.0,0.833333333333,0.909090909091,0.444444444444,0.444444444444,0.444444444444,0.363636363636,0.4,0.380952380952
pM,35,30,R,pM,10,9,2,MACHINA,2,1.0,1.0,1.0,0.444444444444,0.444444444444,0.444444444444,0.363636363636,0.4,0.380952380952
pM,35,20,R,pM,10,9,2,MACHINA,2,0.8,0.8,0.8,0.444444444444,0.444444444444,0.444444444444,0.363636363636,0.4,0.380952380952
pM,35,45,R,pM,10,9,2,MACHINA,2,1.0,0.833333333333,0.909090909091,0.444444444444,0.444444444444,0.444444444444,0.363636363636,0.4,0.380952380952
pM,35,44,R,pM,10,9,2,MACHINA,2,1.0,1.0,1.0,0.444444444444,0.444444444444,0.444444444444,0.363636363636,0.4,0.380952380952
pM,35,33,R,pM,10,9,2,MACHINA,2,0.8,0.666666666667,0.727272727273,0.444444444444,0.444444444444,0.444444444444,0.363636363636,0.4,0.380952380952
pM,35,42,R,pM,10,9,2,MACHINA,2,1.0,1.0,1.0,0.444444444444,0.444444444444,0.444444444444,0.363636363636,0.4,0.380952380952
pM,35,39,R,pM,10,9,2,MACHINA,2,0.8,0.666666666667,0.727272727273,0.444444444444,0.444444444444,0.444444444444,0.363636363636,0.4,0.380952380952
pM,35,41,R,pM,10,9,2,MACHINA,2,1.0,0.833333333333,0.909090909091,0.444444444444,0.444444444444,0.444444444444,0.363636363636,0.4,0.380952380952
pM,35,32,R,pM,10,9,2,MACHINA,2,1.0,1.0,1.0,0.444444444444,0.444444444444,0.444444444444,0.363636363636,0.4,0.380952380952
pM,35,37,R,pM,10,9,2,MACHINA,2,0.8,0.666666666667,0.727272727273,0.444444444444,0.444444444444,0.444444444444,0.363636363636,0.4,0.380952380952
pM,35,18,R,pM,10,9,2,MACHINA,2,0.8,0.8,0.8,0.444444444444,0.444444444444,0.444444444444,0.363636363636,0.4,0.380952380952
pM,35,46,R,pM,10,9,2,MACHINA,2,1.0,1.0,1.0,0.444444444444,0.444444444444,0.444444444444,0.363636363636,0.4,0.380952380952
pM,35,27,R,pM,10,9,2,MACHINA,2,1.0,0.833333333333,0.909090909091,0.444444444444,0.444444444444,0.444444444444,0.363636363636,0.4,0.380952380952
pM,35,36,R,pM,10,9,2,MACHINA,2,1.0,0.833333333333,0.909090909091,0.444444444444,0.444444444444,0.444444444444,0.363636363636,0.4,0.380952380952
pM,35,25,R,pM,10,9,2,MACHINA,2,1.0,0.833333333333,0.909090909091,0.444444444444,0.444444444444,0.444444444444,0.363636363636,0.4,0.380952380952
pM,35,22,R,pM,10,9,2,MACHINA,2,1.0,1.0,1.0,0.444444444444,0.444444444444,0.444444444444,0.363636363636,0.4,0.380952380952
pM,35,31,R,pM,10,9,2,MACHINA,2,1.0,0.833333333333,0.909090909091,0.444444444444,0.444444444444,0.444444444444,0.363636363636,0.4,0.380952380952
pM,35,24,R,pM,10,9,2,MACHINA,2,1.0,1.0,1.0,0.444444444444,0.444444444444,0.444444444444,0.363636363636,0.4,0.380952380952
pM,35,19,R,pM,10,9,2,MACHINA,2,1.0,1.0,1.0,0.444444444444,0.444444444444,0.444444444444,0.363636363636,0.4,0.380952380952
pM,35,34,R,pM,10,9,2,MACHINA,2,1.0,0.833333333333,0.909090909091,0.444444444444,0.444444444444,0.444444444444,0.363636363636,0.4,0.380952380952
pM,35,43,R,pM,10,9,2,MACHINA,2,1.0,0.833333333333,0.909090909091,0.444444444444,0.444444444444,0.444444444444,0.363636363636,0.4,0.380952380952
pM,35,29,R,pM,10,9,2,MACHINA,2,1.0,0.833333333333,0.909090909091,0.444444444444,0.444444444444,0.444444444444,0.363636363636,0.4,0.380952380952
pM,45,0,R,pS,10,7,2,MACHINA,6,0.8,1.0,0.888888888889,0.777777777778,1.0,0.875,0.818181818182,0.9,0.857142857143
pM,76,3,R,pS,10,8,2,MACHINA,0,0.571428571429,0.5,0.533333333333,0.888888888889,1.0,0.941176470588,0.9,0.9,0.9
pM,76,2,R,pS,10,8,2,MACHINA,1,0.714285714286,0.714285714286,0.714285714286,0.777777777778,0.875,0.823529411765,0.8,0.8,0.8
pM,76,0,R,pS,10,8,2,MACHINA,0,0.857142857143,0.75,0.8,0.888888888889,1.0,0.941176470588,0.9,0.9,0.9
pM,7,3,R,mM,8,8,3,MACHINA,4,0.75,1.0,0.857142857143,0.333333333333,0.375,0.352941176471,0.3,0.375,0.333333333333
pM,7,4,R,mM,8,8,3,MACHINA,4,0.75,1.0,0.857142857143,0.333333333333,0.375,0.352941176471,0.3,0.375,0.333333333333
pM,7,2,R,mM,8,8,3,MACHINA,4,0.75,1.0,0.857142857143,0.333333333333,0.375,0.352941176471,0.3,0.375,0.333333333333
pM,7,5,R,mM,8,8,3,MACHINA,4,0.75,1.0,0.857142857143,0.222222222222,0.25,0.235294117647,0.2,0.25,0.222222222222
mS,0,1,R,mS,8,8,2,MACHINA,1,1.0,1.0,1.0,0.875,0.875,0.875,0.875,0.875,0.875
mS,0,0,R,mS,8,8,2,MACHINA,1,1.0,1.0,1.0,0.875,0.875,0.875,0.875,0.875,0.875
mS,10,2,R,mS,7,7,3,MACHINA,0,1.0,1.0,1.0,1.0,1.0,1.0,1.0,1.0,1.0
mS,10,1,R,mS,7,7,3,MACHINA,0,1.0,1.0,1.0,1.0,1.0,1.0,1.0,1.0,1.0
mS,10,3,R,mS,7,7,3,MACHINA,0,1.0,1.0,1.0,1.0,1.0,1.0,1.0,1.0,1.0
mS,10,0,R,mS,7,7,3,MACHINA,0,1.0,1.0,1.0,1.0,1.0,1.0,1.0,1.0,1.0
mS,12,106,R,mS,8,8,2,MACHINA,0,1.0,1.0,1.0,1.0,1.0,1.0,1.0,1.0,1.0
mS,12,105,R,mS,8,8,2,MACHINA,2,1.0,1.0,1.0,0.875,0.875,0.875,0.875,0.875,0.875
mS,12,86,R,mS,8,8,2,MACHINA,2,1.0,1.0,1.0,0.875,0.875,0.875,0.875,0.875,0.875
mS,12,97,R,mS,8,8,2,MACHINA,0,1.0,1.0,1.0,1.0,1.0,1.0,1.0,1.0,1.0
mS,12,91,R,mS,8,8,2,MACHINA,0,1.0,1.0,1.0,1.0,1.0,1.0,1.0,1.0,1.0
mS,12,89,R,mS,8,8,2,MACHINA,0,1.0,1.0,1.0,1.0,1.0,1.0,1.0,1.0,1.0
mS,12,100,R,mS,8,8,2,MACHINA,0,1.0,1.0,1.0,1.0,1.0,1.0,1.0,1.0,1.0
mS,12,101,R,mS,8,8,2,MACHINA,0,1.0,1.0,1.0,1.0,1.0,1.0,1.0,1.0,1.0
mS,12,88,R,mS,8,8,2,MACHINA,0,1.0,1.0,1.0,1.0,1.0,1.0,1.0,1.0,1.0
mS,12,95,R,mS,8,8,2,MACHINA,0,1.0,1.0,1.0,1.0,1.0,1.0,1.0,1.0,1.0
mS,12,98,R,mS,8,8,2,MACHINA,2,1.0,1.0,1.0,0.875,0.875,0.875,0.875,0.875,0.875
mS,12,102,R,mS,8,8,2,MACHINA,2,1.0,1.0,1.0,0.875,0.875,0.875,0.875,0.875,0.875
mS,12,92,R,mS,8,8,2,MACHINA,0,1.0,1.0,1.0,1.0,1.0,1.0,1.0,1.0,1.0
mS,12,107,R,mS,8,8,2,MACHINA,0,1.0,1.0,1.0,1.0,1.0,1.0,1.0,1.0,1.0
mS,12,93,R,mS,8,8,2,MACHINA,0,1.0,1.0,1.0,1.0,1.0,1.0,1.0,1.0,1.0
mS,12,104,R,mS,8,8,2,MACHINA,0,1.0,1.0,1.0,1.0,1.0,1.0,1.0,1.0,1.0
mS,12,87,R,mS,8,8,2,MACHINA,2,1.0,1.0,1.0,0.625,0.625,0.625,0.625,0.625,0.625
mS,12,90,R,mS,8,8,2,MACHINA,0,1.0,1.0,1.0,1.0,1.0,1.0,1.0,1.0,1.0
mS,12,94,R,mS,8,8,2,MACHINA,0,1.0,1.0,1.0,1.0,1.0,1.0,1.0,1.0,1.0
mS,12,84,R,mS,8,8,2,MACHINA,2,1.0,1.0,1.0,0.625,0.625,0.625,0.625,0.625,0.625
mS,12,99,R,mS,8,8,2,MACHINA,2,1.0,1.0,1.0,0.875,0.875,0.875,0.875,0.875,0.875
mS,12,85,R,mS,8,8,2,MACHINA,2,1.0,1.0,1.0,0.625,0.625,0.625,0.625,0.625,0.625
mS,12,96,R,mS,8,8,2,MACHINA,0,1.0,1.0,1.0,1.0,1.0,1.0,1.0,1.0,1.0
mS,12,103,R,mS,8,8,2,MACHINA,0,1.0,1.0,1.0,1.0,1.0,1.0,1.0,1.0,1.0
mS,2,1,R,mS,8,8,2,MACHINA,4,1.0,1.0,1.0,0.625,0.625,0.625,0.625,0.625,0.625
mS,2,0,R,mS,8,8,2,MACHINA,4,1.0,1.0,1.0,0.25,0.25,0.25,0.25,0.25,0.25
mS,3,2,R,mPS,8,8,1,MACHINA,0,1.0,1.0,1.0,0.875,0.875,0.875,0.875,0.875,0.875
mS,3,7,R,mPS,8,8,1,MACHINA,0,1.0,1.0,1.0,0.875,0.875,0.875,0.875,0.875,0.875
mS,3,3,R,mPS,8,8,1,MACHINA,0,1.0,1.0,1.0,0.875,0.875,0.875,0.875,0.875,0.875
mS,3,4,R,mPS,8,8,1,MACHINA,0,1.0,1.0,1.0,0.875,0.875,0.875,0.875,0.875,0.875
mS,4,3,R,mS,7,7,2,MACHINA,2,0.6,0.75,0.666666666667,0.714285714286,0.714285714286,0.714285714286,0.714285714286,0.714285714286,0.714285714286
mS,4,2,R,mS,7,7,2,MACHINA,2,0.6,0.75,0.666666666667,0.857142857143,0.857142857143,0.857142857143,0.857142857143,0.857142857143,0.857142857143
mS,4,1,R,mS,7,7,2,MACHINA,2,0.6,0.75,0.666666666667,0.857142857143,0.857142857143,0.857142857143,0.857142857143,0.857142857143,0.857142857143
mS,4,4,R,mS,7,7,2,MACHINA,2,0.6,0.75,0.666666666667,0.857142857143,0.857142857143,0.857142857143,0.857142857143,0.857142857143,0.857142857143
mS,4,6,R,mS,7,7,2,MACHINA,3,0.6,0.75,0.666666666667,0.857142857143,0.857142857143,0.857142857143,0.857142857143,0.857142857143,0.857142857143
mS,4,5,R,mS,7,7,2,MACHINA,2,0.6,0.75,0.666666666667,0.857142857143,0.857142857143,0.857142857143,0.857142857143,0.857142857143,0.857142857143
mS,4,0,R,mS,7,7,2,MACHINA,2,0.6,0.75,0.666666666667,0.857142857143,0.857142857143,0.857142857143,0.857142857143,0.857142857143,0.857142857143
mS,4,7,R,mS,7,7,2,MACHINA,1,0.6,0.75,0.666666666667,1.0,1.0,1.0,1.0,1.0,1.0
mS,5,0,R,mPS,7,7,1,MACHINA,1,1.0,1.0,1.0,1.0,1.0,1.0,1.0,1.0,1.0
mS,7,1,R,mPS,7,7,1,MACHINA,1,1.0,1.0,1.0,1.0,1.0,1.0,1.0,1.0,1.0
mS,7,0,R,mPS,7,7,1,MACHINA,1,1.0,1.0,1.0,1.0,1.0,1.0,1.0,1.0,1.0
mS,8,1,R,mPS,8,8,1,MACHINA,0,1.0,1.0,1.0,1.0,1.0,1.0,1.0,1.0,1.0
mS,8,0,R,mPS,8,8,1,MACHINA,0,1.0,0.8,0.888888888889,1.0,1.0,1.0,1.0,1.0,1.0
mS,9,0,R,mS,8,8,2,MACHINA,2,1.0,1.0,1.0,0.75,0.75,0.75,0.75,0.75,0.75
pR,10046,0,R,mM,8,8,2,MACHINA,6,0.666666666667,0.8,0.727272727273,0.625,0.625,0.625,0.454545454545,0.625,0.526315789474
pR,10046,1,R,mM,8,8,2,MACHINA,6,0.666666666667,0.8,0.727272727273,0.625,0.625,0.625,0.454545454545,0.625,0.526315789474
pR,10157,20,R,pS,9,7,2,MACHINA,1,1.0,0.833333333333,0.909090909091,0.5,0.571428571429,0.533333333333,0.555555555556,0.555555555556,0.555555555556
pR,10157,24,R,pS,9,7,2,MACHINA,1,0.8,0.666666666667,0.727272727273,0.5,0.571428571429,0.533333333333,0.555555555556,0.555555555556,0.555555555556
pR,10157,13,R,pS,9,7,2,MACHINA,1,1.0,0.833333333333,0.909090909091,0.5,0.571428571429,0.533333333333,0.555555555556,0.555555555556,0.555555555556
pR,10157,17,R,pS,9,7,2,MACHINA,1,1.0,1.0,1.0,0.5,0.571428571429,0.533333333333,0.555555555556,0.555555555556,0.555555555556
pR,10157,29,R,pS,9,7,2,MACHINA,1,1.0,0.833333333333,0.909090909091,0.5,0.571428571429,0.533333333333,0.555555555556,0.555555555556,0.555555555556
pR,10157,18,R,pS,9,7,2,MACHINA,1,1.0,0.833333333333,0.909090909091,0.5,0.571428571429,0.533333333333,0.555555555556,0.555555555556,0.555555555556
pR,10157,5,R,pS,9,7,2,MACHINA,1,1.0,1.0,1.0,0.5,0.571428571429,0.533333333333,0.555555555556,0.555555555556,0.555555555556
pR,10157,9,R,pS,9,7,2,MACHINA,1,1.0,1.0,1.0,0.5,0.571428571429,0.533333333333,0.555555555556,0.555555555556,0.555555555556
pR,10157,7,R,pS,9,7,2,MACHINA,1,1.0,1.0,1.0,0.5,0.571428571429,0.533333333333,0.555555555556,0.555555555556,0.555555555556
pR,10157,11,R,pS,9,7,2,MACHINA,1,1.0,1.0,1.0,0.5,0.571428571429,0.533333333333,0.555555555556,0.555555555556,0.555555555556
pR,10157,1,R,pS,9,7,2,MACHINA,1,1.0,1.0,1.0,0.5,0.571428571429,0.533333333333,0.555555555556,0.555555555556,0.555555555556
pR,10157,31,R,pS,9,7,2,MACHINA,1,1.0,1.0,1.0,0.5,0.571428571429,0.533333333333,0.555555555556,0.555555555556,0.555555555556
pR,10157,21,R,pS,9,7,2,MACHINA,1,1.0,1.0,1.0,0.5,0.571428571429,0.533333333333,0.555555555556,0.555555555556,0.555555555556
pR,10157,6,R,pS,9,7,2,MACHINA,1,1.0,1.0,1.0,0.5,0.571428571429,0.533333333333,0.555555555556,0.555555555556,0.555555555556
pR,10157,25,R,pS,9,7,2,MACHINA,1,1.0,0.833333333333,0.909090909091,0.5,0.571428571429,0.533333333333,0.555555555556,0.555555555556,0.555555555556
pR,10157,10,R,pS,9,7,2,MACHINA,1,1.0,1.0,1.0,0.5,0.571428571429,0.533333333333,0.555555555556,0.555555555556,0.555555555556
pR,10157,23,R,pS,9,7,2,MACHINA,1,1.0,1.0,1.0,0.5,0.571428571429,0.533333333333,0.555555555556,0.555555555556,0.555555555556
pR,10157,30,R,pS,9,7,2,MACHINA,1,1.0,1.0,1.0,0.5,0.571428571429,0.533333333333,0.555555555556,0.555555555556,0.555555555556
pR,10157,27,R,pS,9,7,2,MACHINA,1,1.0,0.833333333333,0.909090909091,0.5,0.571428571429,0.533333333333,0.555555555556,0.555555555556,0.555555555556
pR,10157,12,R,pS,9,7,2,MACHINA,1,1.0,1.0,1.0,0.5,0.571428571429,0.533333333333,0.555555555556,0.555555555556,0.555555555556
pR,10157,2,R,pS,9,7,2,MACHINA,1,1.0,0.833333333333,0.909090909091,0.5,0.571428571429,0.533333333333,0.555555555556,0.555555555556,0.555555555556
pR,10157,16,R,pS,9,7,2,MACHINA,1,1.0,0.833333333333,0.909090909091,0.5,0.571428571429,0.533333333333,0.555555555556,0.555555555556,0.555555555556
pR,10157,22,R,pS,9,7,2,MACHINA,1,1.0,0.833333333333,0.909090909091,0.5,0.571428571429,0.533333333333,0.555555555556,0.555555555556,0.555555555556
pR,10157,26,R,pS,9,7,2,MACHINA,1,1.0,0.833333333333,0.909090909091,0.5,0.571428571429,0.533333333333,0.555555555556,0.555555555556,0.555555555556
pR,10157,28,R,pS,9,7,2,MACHINA,1,1.0,1.0,1.0,0.5,0.571428571429,0.533333333333,0.555555555556,0.555555555556,0.555555555556
pR,10157,3,R,pS,9,7,2,MACHINA,1,1.0,1.0,1.0,0.5,0.571428571429,0.533333333333,0.555555555556,0.555555555556,0.555555555556
pR,10157,15,R,pS,9,7,2,MACHINA,1,1.0,1.0,1.0,0.5,0.571428571429,0.533333333333,0.555555555556,0.555555555556,0.555555555556
pR,10157,19,R,pS,9,7,2,MACHINA,1,1.0,0.833333333333,0.909090909091,0.5,0.571428571429,0.533333333333,0.555555555556,0.555555555556,0.555555555556
pR,10157,4,R,pS,9,7,2,MACHINA,1,0.8,0.666666666667,0.727272727273,0.5,0.571428571429,0.533333333333,0.555555555556,0.555555555556,0.555555555556
pR,10157,8,R,pS,9,7,2,MACHINA,1,1.0,0.833333333333,0.909090909091,0.5,0.571428571429,0.533333333333,0.555555555556,0.555555555556,0.555555555556
pR,10157,14,R,pS,9,7,2,MACHINA,1,1.0,1.0,1.0,0.5,0.571428571429,0.533333333333,0.555555555556,0.555555555556,0.555555555556
pR,10157,0,R,pS,9,7,2,MACHINA,1,1.0,0.833333333333,0.909090909091,0.5,0.571428571429,0.533333333333,0.555555555556,0.555555555556,0.555555555556
pR,1070,10,R,mS,7,7,2,MACHINA,4,0.833333333333,1.0,0.909090909091,0.375,0.428571428571,0.4,0.333333333333,0.428571428571,0.375
pR,1070,9,R,mS,7,7,2,MACHINA,4,0.666666666667,0.8,0.727272727273,0.375,0.428571428571,0.4,0.333333333333,0.428571428571,0.375
pR,1070,11,R,mS,7,7,2,MACHINA,4,0.833333333333,1.0,0.909090909091,0.375,0.428571428571,0.4,0.333333333333,0.428571428571,0.375
pR,1070,15,R,mS,7,7,2,MACHINA,4,0.833333333333,1.0,0.909090909091,0.375,0.428571428571,0.4,0.333333333333,0.428571428571,0.375
pR,157,20,R,pS,12,10,2,MACHINA,3,0.666666666667,0.8,0.727272727273,0.363636363636,0.4,0.380952380952,0.416666666667,0.416666666667,0.416666666667
pR,157,17,R,pS,12,10,2,MACHINA,3,0.833333333333,1.0,0.909090909091,0.363636363636,0.4,0.380952380952,0.416666666667,0.416666666667,0.416666666667
pR,157,41,R,pS,12,10,2,MACHINA,3,0.666666666667,0.666666666667,0.666666666667,0.363636363636,0.4,0.380952380952,0.416666666667,0.416666666667,0.416666666667
pR,157,29,R,pS,12,10,2,MACHINA,3,0.833333333333,1.0,0.909090909091,0.363636363636,0.4,0.380952380952,0.416666666667,0.416666666667,0.416666666667
pR,157,43,R,pS,12,10,2,MACHINA,3,0.833333333333,0.833333333333,0.833333333333,0.363636363636,0.4,0.380952380952,0.416666666667,0.416666666667,0.416666666667
pR,157,33,R,pS,12,10,2,MACHINA,3,0.666666666667,0.8,0.727272727273,0.545454545455,0.6,0.571428571429,0.583333333333,0.583333333333,0.583333333333
pR,157,18,R,pS,12,10,2,MACHINA,3,0.666666666667,0.8,0.727272727273,0.454545454545,0.5,0.47619047619,0.5,0.5,0.5
pR,157,42,R,pS,12,10,2,MACHINA,3,0.833333333333,0.833333333333,0.833333333333,0.363636363636,0.4,0.380952380952,0.416666666667,0.416666666667,0.416666666667
pR,157,44,R,pS,12,10,2,MACHINA,3,0.666666666667,0.666666666667,0.666666666667,0.363636363636,0.4,0.380952380952,0.416666666667,0.416666666667,0.416666666667
pR,157,34,R,pS,12,10,2,MACHINA,3,0.666666666667,0.8,0.727272727273,0.363636363636,0.4,0.380952380952,0.416666666667,0.416666666667,0.416666666667
pR,157,5,R,pS,12,10,2,MACHINA,3,0.833333333333,1.0,0.909090909091,0.545454545455,0.6,0.571428571429,0.583333333333,0.583333333333,0.583333333333
pR,157,9,R,pS,12,10,2,MACHINA,3,0.833333333333,1.0,0.909090909091,0.363636363636,0.4,0.380952380952,0.416666666667,0.416666666667,0.416666666667
pR,157,11,R,pS,12,10,2,MACHINA,3,0.666666666667,0.8,0.727272727273,0.363636363636,0.4,0.380952380952,0.416666666667,0.416666666667,0.416666666667
pR,157,21,R,pS,12,10,2,MACHINA,3,0.833333333333,0.833333333333,0.833333333333,0.363636363636,0.4,0.380952380952,0.416666666667,0.416666666667,0.416666666667
pR,157,35,R,pS,12,10,2,MACHINA,3,0.833333333333,0.833333333333,0.833333333333,0.363636363636,0.4,0.380952380952,0.416666666667,0.416666666667,0.416666666667
pR,157,10,R,pS,12,10,2,MACHINA,3,0.833333333333,0.833333333333,0.833333333333,0.363636363636,0.4,0.380952380952,0.416666666667,0.416666666667,0.416666666667
pR,157,23,R,pS,12,10,2,MACHINA,3,0.833333333333,0.833333333333,0.833333333333,0.454545454545,0.5,0.47619047619,0.5,0.5,0.5
pR,157,27,R,pS,12,10,2,MACHINA,3,0.666666666667,0.8,0.727272727273,0.363636363636,0.4,0.380952380952,0.416666666667,0.416666666667,0.416666666667
pR,157,2,R,pS,12,10,2,MACHINA,3,0.666666666667,0.8,0.727272727273,0.454545454545,0.5,0.47619047619,0.5,0.5,0.5
pR,157,47,R,pS,12,10,2,MACHINA,3,0.833333333333,1.0,0.909090909091,0.545454545455,0.6,0.571428571429,0.583333333333,0.583333333333,0.583333333333
pR,157,16,R,pS,12,10,2,MACHINA,3,0.666666666667,0.8,0.727272727273,0.454545454545,0.5,0.47619047619,0.5,0.5,0.5
pR,157,22,R,pS,12,10,2,MACHINA,3,0.666666666667,0.8,0.727272727273,0.454545454545,0.5,0.47619047619,0.5,0.5,0.5
pR,157,26,R,pS,12,10,2,MACHINA,3,0.666666666667,0.8,0.727272727273,0.454545454545,0.5,0.47619047619,0.5,0.5,0.5
pR,157,40,R,pS,12,10,2,MACHINA,3,0.666666666667,0.666666666667,0.666666666667,0.363636363636,0.4,0.380952380952,0.416666666667,0.416666666667,0.416666666667
pR,157,46,R,pS,12,10,2,MACHINA,3,0.666666666667,0.8,0.727272727273,0.363636363636,0.4,0.380952380952,0.416666666667,0.416666666667,0.416666666667
pR,157,28,R,pS,12,10,2,MACHINA,3,0.833333333333,0.833333333333,0.833333333333,0.363636363636,0.4,0.380952380952,0.416666666667,0.416666666667,0.416666666667
pR,157,32,R,pS,12,10,2,MACHINA,3,0.833333333333,0.833333333333,0.833333333333,0.363636363636,0.4,0.380952380952,0.416666666667,0.416666666667,0.416666666667
pR,157,3,R,pS,12,10,2,MACHINA,3,0.833333333333,1.0,0.909090909091,0.363636363636,0.4,0.380952380952,0.416666666667,0.416666666667,0.416666666667
pR,157,45,R,pS,12,10,2,MACHINA,3,0.833333333333,0.833333333333,0.833333333333,0.363636363636,0.4,0.380952380952,0.416666666667,0.416666666667,0.416666666667
pR,157,19,R,pS,12,10,2,MACHINA,3,0.833333333333,1.0,0.909090909091,0.363636363636,0.4,0.380952380952,0.416666666667,0.416666666667,0.416666666667
pR,157,4,R,pS,12,10,2,MACHINA,3,0.666666666667,0.666666666667,0.666666666667,0.363636363636,0.4,0.380952380952,0.416666666667,0.416666666667,0.416666666667
pR,157,8,R,pS,12,10,2,MACHINA,3,0.666666666667,0.8,0.727272727273,0.454545454545,0.5,0.47619047619,0.5,0.5,0.5
pR,30342,0,R,pPS,8,7,1,MACHINA,4,0.666666666667,1.0,0.8,0.75,0.857142857143,0.8,0.7,0.875,0.777777777778
pR,30342,1,R,pPS,8,7,1,MACHINA,4,0.666666666667,1.0,0.8,0.75,0.857142857143,0.8,0.7,0.875,0.777777777778
pR,383,7,R,pM,9,8,2,MACHINA,8,0.875,0.875,0.875,0.555555555556,0.625,0.588235294118,0.5,0.555555555556,0.526315789474
pR,383,9,R,pM,9,8,2,MACHINA,8,0.875,0.875,0.875,0.555555555556,0.625,0.588235294118,0.5,0.555555555556,0.526315789474
pR,383,6,R,pM,9,8,2,MACHINA,8,0.75,0.75,0.75,0.555555555556,0.625,0.588235294118,0.5,0.555555555556,0.526315789474
pR,383,0,R,pM,9,8,2,MACHINA,8,0.875,0.875,0.875,0.555555555556,0.625,0.588235294118,0.5,0.555555555556,0.526315789474
pR,383,5,R,pM,9,8,2,MACHINA,8,0.75,0.75,0.75,0.555555555556,0.625,0.588235294118,0.5,0.555555555556,0.526315789474
pR,383,15,R,pM,9,8,2,MACHINA,8,0.875,0.875,0.875,0.555555555556,0.625,0.588235294118,0.5,0.555555555556,0.526315789474
pR,383,14,R,pM,9,8,2,MACHINA,8,0.75,0.75,0.75,0.555555555556,0.625,0.588235294118,0.5,0.555555555556,0.526315789474
pR,383,8,R,pM,9,8,2,MACHINA,8,0.875,0.875,0.875,0.555555555556,0.625,0.588235294118,0.5,0.555555555556,0.526315789474
pR,383,13,R,pM,9,8,2,MACHINA,8,0.75,0.75,0.75,0.555555555556,0.625,0.588235294118,0.5,0.555555555556,0.526315789474
pR,383,4,R,pM,9,8,2,MACHINA,8,0.75,0.75,0.75,0.555555555556,0.625,0.588235294118,0.5,0.555555555556,0.526315789474
pR,383,3,R,pM,9,8,2,MACHINA,8,0.75,0.75,0.75,0.555555555556,0.625,0.588235294118,0.5,0.555555555556,0.526315789474
pR,383,2,R,pM,9,8,2,MACHINA,8,0.625,0.625,0.625,0.555555555556,0.625,0.588235294118,0.5,0.555555555556,0.526315789474
pR,383,12,R,pM,9,8,2,MACHINA,8,0.875,0.875,0.875,0.555555555556,0.625,0.588235294118,0.5,0.555555555556,0.526315789474
pR,383,1,R,pM,9,8,2,MACHINA,8,0.875,0.875,0.875,0.555555555556,0.625,0.588235294118,0.5,0.555555555556,0.526315789474
pR,383,11,R,pM,9,8,2,MACHINA,8,0.875,0.875,0.875,0.555555555556,0.625,0.588235294118,0.5,0.555555555556,0.526315789474
pR,383,10,R,pM,9,8,2,MACHINA,8,0.875,0.875,0.875,0.555555555556,0.625,0.588235294118,0.5,0.555555555556,0.526315789474
pR,394,6,R,pS,9,8,3,MACHINA,5,1.0,1.0,1.0,0.444444444444,0.5,0.470588235294,0.5,0.555555555556,0.526315789474
pR,394,10,R,pS,9,8,3,MACHINA,5,1.0,0.833333333333,0.909090909091,0.666666666667,0.75,0.705882352941,0.7,0.777777777778,0.736842105263
pR,394,5,R,pS,9,8,3,MACHINA,5,1.0,0.833333333333,0.909090909091,0.666666666667,0.75,0.705882352941,0.7,0.777777777778,0.736842105263
pR,394,4,R,pS,9,8,3,MACHINA,5,1.0,0.833333333333,0.909090909091,0.555555555556,0.625,0.588235294118,0.6,0.666666666667,0.631578947368
pR,394,9,R,pS,9,8,3,MACHINA,5,1.0,1.0,1.0,0.444444444444,0.5,0.470588235294,0.5,0.555555555556,0.526315789474
pR,394,7,R,pS,9,8,3,MACHINA,5,1.0,1.0,1.0,0.666666666667,0.75,0.705882352941,0.7,0.777777777778,0.736842105263
pR,394,8,R,pS,9,8,3,MACHINA,5,1.0,0.833333333333,0.909090909091,0.444444444444,0.5,0.470588235294,0.5,0.555555555556,0.526315789474
pR,394,11,R,pS,9,8,3,MACHINA,5,1.0,1.0,1.0,0.555555555556,0.625,0.588235294118,0.6,0.666666666667,0.631578947368
pR,905,5,R,pPS,9,7,1,MACHINA,0,1.0,0.857142857143,0.923076923077,0.375,0.428571428571,0.4,0.444444444444,0.444444444444,0.444444444444
pR,905,0,R,pPS,9,7,1,MACHINA,0,1.0,1.0,1.0,0.375,0.428571428571,0.4,0.444444444444,0.444444444444,0.444444444444
pR,905,1,R,pPS,9,7,1,MACHINA,0,1.0,0.75,0.857142857143,0.375,0.428571428571,0.4,0.444444444444,0.444444444444,0.444444444444
pR,905,2,R,pPS,9,7,1,MACHINA,0,1.0,0.857142857143,0.923076923077,0.375,0.428571428571,0.4,0.444444444444,0.444444444444,0.444444444444
pR,905,3,R,pPS,9,7,1,MACHINA,0,0.833333333333,0.625,0.714285714286,0.375,0.428571428571,0.4,0.444444444444,0.444444444444,0.444444444444
pR,905,4,R,pPS,9,7,1,MACHINA,0,1.0,1.0,1.0,0.375,0.428571428571,0.4,0.444444444444,0.444444444444,0.444444444444
pR,981,6,R,pS,9,8,2,MACHINA,3,0.625,0.555555555556,0.588235294118,0.4,0.5,0.444444444444,0.333333333333,0.444444444444,0.380952380952
pR,981,0,R,pS,9,8,2,MACHINA,3,0.625,0.625,0.625,0.4,0.5,0.444444444444,0.333333333333,0.444444444444,0.380952380952
pR,9,11,R,pR,9,8,3,MACHINA,1,0.666666666667,0.666666666667,0.666666666667,1.0,1.0,1.0,1.0,1.0,1.0
pR,9,1,R,pR,9,8,3,MACHINA,1,0.666666666667,0.571428571429,0.615384615385,1.0,1.0,1.0,1.0,1.0,1.0
pR,9,12,R,pR,9,8,3,MACHINA,1,0.666666666667,0.666666666667,0.666666666667,0.75,0.75,0.75,0.666666666667,0.666666666667,0.666666666667
pR,9,2,R,pR,9,8,3,MACHINA,3,0.666666666667,0.666666666667,0.666666666667,0.875,0.875,0.875,0.888888888889,0.888888888889,0.888888888889
pR,9,3,R,pR,9,8,3,MACHINA,3,0.666666666667,0.666666666667,0.666666666667,0.75,0.75,0.75,0.666666666667,0.666666666667,0.666666666667
pR,9,4,R,pR,9,8,3,MACHINA,1,0.666666666667,0.666666666667,0.666666666667,1.0,1.0,1.0,1.0,1.0,1.0
pR,9,13,R,pR,9,8,3,MACHINA,3,0.666666666667,0.666666666667,0.666666666667,0.875,0.875,0.875,0.888888888889,0.888888888889,0.888888888889
pR,9,8,R,pR,9,8,3,MACHINA,1,0.666666666667,0.571428571429,0.615384615385,1.0,1.0,1.0,1.0,1.0,1.0
pR,9,14,R,pR,9,8,3,MACHINA,1,0.666666666667,0.666666666667,0.666666666667,1.0,1.0,1.0,1.0,1.0,1.0
pR,9,15,R,pR,9,8,3,MACHINA,1,0.666666666667,0.666666666667,0.666666666667,1.0,1.0,1.0,1.0,1.0,1.0
pR,9,5,R,pR,9,8,3,MACHINA,1,0.666666666667,0.571428571429,0.615384615385,1.0,1.0,1.0,1.0,1.0,1.0
pR,9,0,R,pR,9,8,3,MACHINA,1,0.666666666667,0.666666666667,0.666666666667,1.0,1.0,1.0,1.0,1.0,1.0
pR,9,6,R,pR,9,8,3,MACHINA,2,0.666666666667,0.666666666667,0.666666666667,0.75,0.75,0.75,0.777777777778,0.777777777778,0.777777777778
pR,9,9,R,pR,9,8,3,MACHINA,1,0.666666666667,0.666666666667,0.666666666667,1.0,1.0,1.0,1.0,1.0,1.0
pR,9,7,R,pR,9,8,3,MACHINA,3,0.666666666667,0.666666666667,0.666666666667,0.875,0.875,0.875,0.888888888889,0.888888888889,0.888888888889
pR,9,10,R,pR,9,8,3,MACHINA,3,0.666666666667,0.666666666667,0.666666666667,0.875,0.875,0.875,0.888888888889,0.888888888889,0.888888888889
pS,0,180,R,pM,11,10,3,MACHINA,4,0.777777777778,0.875,0.823529411765,0.555555555556,0.5,0.526315789474,0.5,0.545454545455,0.521739130435
pS,0,115,R,pM,11,10,3,MACHINA,2,0.333333333333,0.375,0.352941176471,0.777777777778,0.7,0.736842105263,0.666666666667,0.727272727273,0.695652173913
pS,0,96,R,pM,11,10,3,MACHINA,4,0.222222222222,0.285714285714,0.25,0.555555555556,0.5,0.526315789474,0.5,0.545454545455,0.521739130435
pS,0,101,R,pM,11,10,3,MACHINA,4,0.222222222222,0.25,0.235294117647,0.666666666667,0.6,0.631578947368,0.583333333333,0.636363636364,0.608695652174
pS,0,110,R,pM,11,10,3,MACHINA,4,0.333333333333,0.428571428571,0.375,0.555555555556,0.5,0.526315789474,0.5,0.545454545455,0.521739130435
pS,0,91,R,pM,11,10,3,MACHINA,4,0.222222222222,0.25,0.235294117647,0.555555555556,0.5,0.526315789474,0.5,0.545454545455,0.521739130435
pS,0,151,R,pM,11,10,3,MACHINA,4,0.666666666667,0.857142857143,0.75,0.666666666667,0.6,0.631578947368,0.583333333333,0.636363636364,0.608695652174
pS,0,100,R,pM,11,10,3,MACHINA,4,0.222222222222,0.25,0.235294117647,0.666666666667,0.6,0.631578947368,0.583333333333,0.636363636364,0.608695652174
pS,0,86,R,pM,11,10,3,MACHINA,4,0.222222222222,0.25,0.235294117647,0.666666666667,0.6,0.631578947368,0.583333333333,0.636363636364,0.608695652174
pS,0,149,R,pM,11,10,3,MACHINA,4,0.666666666667,0.857142857143,0.75,0.666666666667,0.6,0.631578947368,0.583333333333,0.636363636364,0.608695652174
pS,0,88,R,pM,11,10,3,MACHINA,4,0.222222222222,0.25,0.235294117647,0.666666666667,0.6,0.631578947368,0.583333333333,0.636363636364,0.608695652174
pS,0,148,R,pM,11,10,3,MACHINA,2,0.777777777778,1.0,0.875,0.777777777778,0.7,0.736842105263,0.666666666667,0.727272727273,0.695652173913
pS,0,134,R,pM,11,10,3,MACHINA,2,0.666666666667,0.857142857143,0.75,0.777777777778,0.7,0.736842105263,0.666666666667,0.727272727273,0.695652173913
pS,0,113,R,pM,11,10,3,MACHINA,2,0.333333333333,0.428571428571,0.375,0.777777777778,0.7,0.736842105263,0.666666666667,0.727272727273,0.695652173913
pS,0,187,R,pM,11,10,3,MACHINA,4,0.777777777778,0.875,0.823529411765,0.666666666667,0.6,0.631578947368,0.583333333333,0.636363636364,0.608695652174
pS,0,136,R,pM,11,10,3,MACHINA,4,0.777777777778,1.0,0.875,0.555555555556,0.5,0.526315789474,0.5,0.545454545455,0.521739130435
pS,0,119,R,pM,11,10,3,MACHINA,2,0.333333333333,0.375,0.352941176471,0.777777777778,0.7,0.736842105263,0.666666666667,0.727272727273,0.695652173913
pS,0,185,R,pM,11,10,3,MACHINA,2,0.666666666667,0.666666666667,0.666666666667,0.777777777778,0.7,0.736842105263,0.666666666667,0.727272727273,0.695652173913
pS,0,182,R,pM,11,10,3,MACHINA,4,0.777777777778,0.875,0.823529411765,0.666666666667,0.6,0.631578947368,0.583333333333,0.636363636364,0.608695652174
pS,0,112,R,pM,11,10,3,MACHINA,4,0.333333333333,0.333333333333,0.333333333333,0.666666666667,0.6,0.631578947368,0.583333333333,0.636363636364,0.608695652174
pS,0,117,R,pM,11,10,3,MACHINA,2,0.333333333333,0.375,0.352941176471,0.777777777778,0.7,0.736842105263,0.666666666667,0.727272727273,0.695652173913
pS,0,98,R,pM,11,10,3,MACHINA,2,0.333333333333,0.375,0.352941176471,0.777777777778,0.7,0.736842105263,0.666666666667,0.727272727273,0.695652173913
pS,0,191,R,pM,11,10,3,MACHINA,4,0.666666666667,0.666666666667,0.666666666667,0.666666666667,0.6,0.631578947368,0.583333333333,0.636363636364,0.608695652174
pS,0,184,R,pM,11,10,3,MACHINA,4,0.777777777778,0.875,0.823529411765,0.666666666667,0.6,0.631578947368,0.583333333333,0.636363636364,0.608695652174
pS,0,116,R,pM,11,10,3,MACHINA,4,0.333333333333,0.375,0.352941176471,0.555555555556,0.5,0.526315789474,0.5,0.545454545455,0.521739130435
pS,0,111,R,pM,11,10,3,MACHINA,2,0.333333333333,0.375,0.352941176471,0.777777777778,0.7,0.736842105263,0.666666666667,0.727272727273,0.695652173913
pS,0,92,R,pM,11,10,3,MACHINA,2,0.333333333333,0.375,0.352941176471,0.777777777778,0.7,0.736842105263,0.666666666667,0.727272727273,0.695652173913
pS,0,155,R,pM,11,10,3,MACHINA,2,0.777777777778,1.0,0.875,0.777777777778,0.7,0.736842105263,0.666666666667,0.727272727273,0.695652173913
pS,0,153,R,pM,11,10,3,MACHINA,4,0.666666666667,0.857142857143,0.75,0.555555555556,0.5,0.526315789474,0.5,0.545454545455,0.521739130435
pS,0,99,R,pM,11,10,3,MACHINA,2,0.222222222222,0.25,0.235294117647,0.777777777778,0.7,0.736842105263,0.666666666667,0.727272727273,0.695652173913
pS,0,85,R,pM,11,10,3,MACHINA,4,0.222222222222,0.25,0.235294117647,0.555555555556,0.5,0.526315789474,0.5,0.545454545455,0.521739130435
pS,0,189,R,pM,11,10,3,MACHINA,4,0.666666666667,0.666666666667,0.666666666667,0.666666666667,0.6,0.631578947368,0.583333333333,0.636363636364,0.608695652174
pS,0,135,R,pM,11,10,3,MACHINA,4,0.666666666667,0.857142857143,0.75,0.666666666667,0.6,0.631578947368,0.583333333333,0.636363636364,0.608695652174
pS,0,84,R,pM,11,10,3,MACHINA,2,0.333333333333,0.375,0.352941176471,0.777777777778,0.7,0.736842105263,0.666666666667,0.727272727273,0.695652173913
pS,0,137,R,pM,11,10,3,MACHINA,2,0.777777777778,1.0,0.875,0.777777777778,0.7,0.736842105263,0.666666666667,0.727272727273,0.695652173913
pS,0,147,R,pM,11,10,3,MACHINA,2,0.666666666667,0.857142857143,0.75,0.777777777778,0.7,0.736842105263,0.666666666667,0.727272727273,0.695652173913
pS,0,133,R,pM,11,10,3,MACHINA,2,0.777777777778,1.0,0.875,0.777777777778,0.7,0.736842105263,0.666666666667,0.727272727273,0.695652173913
pS,0,114,R,pM,11,10,3,MACHINA,4,0.333333333333,0.333333333333,0.333333333333,0.666666666667,0.6,0.631578947368,0.583333333333,0.636363636364,0.608695652174
pS,0,188,R,pM,11,10,3,MACHINA,4,0.777777777778,1.0,0.875,0.666666666667,0.6,0.631578947368,0.583333333333,0.636363636364,0.608695652174
pS,0,109,R,pM,11,10,3,MACHINA,2,0.333333333333,0.375,0.352941176471,0.777777777778,0.7,0.736842105263,0.666666666667,0.727272727273,0.695652173913
pS,0,186,R,pM,11,10,3,MACHINA,4,0.666666666667,0.666666666667,0.666666666667,0.666666666667,0.6,0.631578947368,0.583333333333,0.636363636364,0.608695652174
pS,0,183,R,pM,11,10,3,MACHINA,4,0.777777777778,1.0,0.875,0.666666666667,0.6,0.631578947368,0.583333333333,0.636363636364,0.608695652174
pS,0,132,R,pM,11,10,3,MACHINA,2,0.777777777778,0.875,0.823529411765,0.777777777778,0.7,0.736842105263,0.666666666667,0.727272727273,0.695652173913
pS,0,118,R,pM,11,10,3,MACHINA,4,0.333333333333,0.375,0.352941176471,0.666666666667,0.6,0.631578947368,0.583333333333,0.636363636364,0.608695652174
pS,0,181,R,pM,11,10,3,MACHINA,4,0.777777777778,0.875,0.823529411765,0.666666666667,0.6,0.631578947368,0.583333333333,0.636363636364,0.608695652174
pS,0,108,R,pM,11,10,3,MACHINA,4,0.333333333333,0.375,0.352941176471,0.666666666667,0.6,0.631578947368,0.583333333333,0.636363636364,0.608695652174
pS,0,97,R,pM,11,10,3,MACHINA,2,0.333333333333,0.375,0.352941176471,0.777777777778,0.7,0.736842105263,0.666666666667,0.727272727273,0.695652173913
pS,0,190,R,pM,11,10,3,MACHINA,2,0.777777777778,1.0,0.875,0.777777777778,0.7,0.736842105263,0.666666666667,0.727272727273,0.695652173913
pS,12,2,R,mPS,7,7,1,MACHINA,4,1.0,1.0,1.0,1.0,1.0,1.0,0.875,1.0,0.933333333333
pS,12,5,R,mPS,7,7,1,MACHINA,4,1.0,1.0,1.0,1.0,1.0,1.0,0.875,1.0,0.933333333333
pS,12,3,R,mPS,7,7,1,MACHINA,4,1.0,1.0,1.0,1.0,1.0,1.0,0.875,1.0,0.933333333333
pS,12,4,R,mPS,7,7,1,MACHINA,4,1.0,1.0,1.0,1.0,1.0,1.0,0.875,1.0,0.933333333333
pS,23,3,R,pS,9,7,2,MACHINA,4,0.75,1.0,0.857142857143,1.0,1.0,1.0,0.9,1.0,0.947368421053
pS,23,1,R,pS,9,7,2,MACHINA,4,0.75,1.0,0.857142857143,1.0,1.0,1.0,0.9,1.0,0.947368421053
pS,23,2,R,pS,9,7,2,MACHINA,4,0.75,1.0,0.857142857143,1.0,1.0,1.0,0.9,1.0,0.947368421053
pS,23,0,R,pS,9,7,2,MACHINA,4,0.75,1.0,0.857142857143,1.0,1.0,1.0,0.9,1.0,0.947368421053
pS,2,52,R,pM,10,8,3,MACHINA,2,1.0,1.0,1.0,1.0,0.875,0.933333333333,0.818181818182,0.9,0.857142857143
pS,2,105,R,pM,10,8,3,MACHINA,1,1.0,1.0,1.0,0.714285714286,0.625,0.666666666667,0.636363636364,0.7,0.666666666667
pS,2,115,R,pM,10,8,3,MACHINA,1,1.0,1.0,1.0,0.857142857143,0.75,0.8,0.727272727273,0.8,0.761904761905
pS,2,28,R,pM,10,8,3,MACHINA,1,0.857142857143,0.857142857143,0.857142857143,0.857142857143,0.75,0.8,0.727272727273,0.8,0.761904761905
pS,2,91,R,pM,10,8,3,MACHINA,1,0.857142857143,0.857142857143,0.857142857143,0.714285714286,0.625,0.666666666667,0.545454545455,0.6,0.571428571429
pS,2,100,R,pM,10,8,3,MACHINA,1,0.857142857143,0.857142857143,0.857142857143,0.857142857143,0.75,0.8,0.727272727273,0.8,0.761904761905
pS,2,21,R,pM,10,8,3,MACHINA,2,1.0,1.0,1.0,1.0,0.875,0.933333333333,0.818181818182,0.9,0.857142857143
pS,2,130,R,pM,10,8,3,MACHINA,1,1.0,1.0,1.0,0.714285714286,0.625,0.666666666667,0.636363636364,0.7,0.666666666667
pS,2,76,R,pM,10,8,3,MACHINA,1,1.0,1.0,1.0,0.857142857143,0.75,0.8,0.727272727273,0.8,0.761904761905
pS,2,71,R,pM,10,8,3,MACHINA,2,1.0,1.0,1.0,0.857142857143,0.75,0.8,0.727272727273,0.8,0.761904761905
pS,2,143,R,pM,10,8,3,MACHINA,1,1.0,1.0,1.0,0.714285714286,0.625,0.666666666667,0.545454545455,0.6,0.571428571429
pS,2,124,R,pM,10,8,3,MACHINA,1,0.857142857143,0.857142857143,0.857142857143,0.714285714286,0.625,0.666666666667,0.636363636364,0.7,0.666666666667
pS,2,136,R,pM,10,8,3,MACHINA,1,0.857142857143,0.857142857143,0.857142857143,0.714285714286,0.625,0.666666666667,0.545454545455,0.6,0.571428571429
pS,2,119,R,pM,10,8,3,MACHINA,1,1.0,1.0,1.0,1.0,0.875,0.933333333333,0.818181818182,0.9,0.857142857143
pS,2,68,R,pM,10,8,3,MACHINA,2,1.0,1.0,1.0,0.857142857143,0.75,0.8,0.727272727273,0.8,0.761904761905
pS,2,33,R,pM,10,8,3,MACHINA,2,1.0,1.0,1.0,1.0,0.875,0.933333333333,0.818181818182,0.9,0.857142857143
pS,2,116,R,pM,10,8,3,MACHINA,1,1.0,1.0,1.0,1.0,0.875,0.933333333333,0.818181818182,0.9,0.857142857143
pS,2,46,R,pM,10,8,3,MACHINA,2,1.0,1.0,1.0,0.428571428571,0.375,0.4,0.363636363636,0.4,0.380952380952
pS,2,25,R,pM,10,8,3,MACHINA,2,1.0,1.0,1.0,1.0,0.875,0.933333333333,0.818181818182,0.9,0.857142857143
pS,2,80,R,pM,10,8,3,MACHINA,1,1.0,1.0,1.0,0.571428571429,0.5,0.533333333333,0.454545454545,0.5,0.47619047619
pS,2,140,R,pM,10,8,3,MACHINA,1,1.0,0.875,0.933333333333,1.0,0.875,0.933333333333,0.818181818182,0.9,0.857142857143
pS,2,1,R,pM,10,8,3,MACHINA,2,1.0,1.0,1.0,0.714285714286,0.625,0.666666666667,0.636363636364,0.7,0.666666666667
pS,2,10,R,pM,10,8,3,MACHINA,1,1.0,1.0,1.0,0.714285714286,0.625,0.666666666667,0.545454545455,0.6,0.571428571429
pS,2,49,R,pM,10,8,3,MACHINA,2,1.0,1.0,1.0,1.0,0.875,0.933333333333,0.818181818182,0.9,0.857142857143
pS,2,58,R,pM,10,8,3,MACHINA,4,1.0,1.0,1.0,0.571428571429,0.5,0.533333333333,0.545454545455,0.6,0.571428571429
pS,2,132,R,pM,10,8,3,MACHINA,1,1.0,1.0,1.0,0.428571428571,0.375,0.4,0.363636363636,0.4,0.380952380952
pS,2,121,R,pM,10,8,3,MACHINA,1,1.0,1.0,1.0,1.0,0.875,0.933333333333,0.818181818182,0.9,0.857142857143
pS,2,34,R,pM,10,8,3,MACHINA,1,0.857142857143,0.857142857143,0.857142857143,0.857142857143,0.75,0.8,0.727272727273,0.8,0.761904761905
pS,2,97,R,pM,10,8,3,MACHINA,1,1.0,1.0,1.0,0.571428571429,0.5,0.533333333333,0.454545454545,0.5,0.47619047619
pS,2,29,R,pM,10,8,3,MACHINA,1,0.857142857143,0.857142857143,0.857142857143,1.0,0.875,0.933333333333,0.818181818182,0.9,0.857142857143
pS,2,77,R,pM,10,8,3,MACHINA,1,1.0,1.0,1.0,0.428571428571,0.375,0.4,0.363636363636,0.4,0.380952380952
pS,2,26,R,pM,10,8,3,MACHINA,4,0.857142857143,0.857142857143,0.857142857143,0.714285714286,0.625,0.666666666667,0.636363636364,0.7,0.666666666667
pS,2,89,R,pM,10,8,3,MACHINA,1,1.0,0.875,0.933333333333,0.714285714286,0.625,0.666666666667,0.545454545455,0.6,0.571428571429
pS,2,35,R,pM,10,8,3,MACHINA,1,1.0,1.0,1.0,0.857142857143,0.75,0.8,0.727272727273,0.8,0.761904761905
pS,2,11,R,pM,10,8,3,MACHINA,1,1.0,1.0,1.0,0.428571428571,0.375,0.4,0.363636363636,0.4,0.380952380952
pS,2,125,R,pM,10,8,3,MACHINA,1,1.0,1.0,1.0,0.857142857143,0.75,0.8,0.727272727273,0.8,0.761904761905
pS,2,74,R,pM,10,8,3,MACHINA,1,1.0,1.0,1.0,0.571428571429,0.5,0.533333333333,0.454545454545,0.5,0.47619047619
pS,2,20,R,pM,10,8,3,MACHINA,1,1.0,1.0,1.0,0.571428571429,0.5,0.533333333333,0.545454545455,0.6,0.571428571429
pS,2,73,R,pM,10,8,3,MACHINA,1,1.0,1.0,1.0,0.714285714286,0.625,0.666666666667,0.545454545455,0.6,0.571428571429
pS,2,6,R,pM,10,8,3,MACHINA,1,1.0,1.0,1.0,0.428571428571,0.375,0.4,0.363636363636,0.4,0.380952380952
pS,2,83,R,pM,10,8,3,MACHINA,1,1.0,1.0,1.0,0.857142857143,0.75,0.8,0.727272727273,0.8,0.761904761905
pS,2,69,R,pM,10,8,3,MACHINA,2,1.0,1.0,1.0,0.857142857143,0.75,0.8,0.727272727273,0.8,0.761904761905
pS,2,59,R,pM,10,8,3,MACHINA,4,1.0,1.0,1.0,0.857142857143,0.75,0.8,0.727272727273,0.8,0.761904761905
pS,2,45,R,pM,10,8,3,MACHINA,2,0.857142857143,0.857142857143,0.857142857143,0.714285714286,0.625,0.666666666667,0.636363636364,0.7,0.666666666667
pS,2,122,R,pM,10,8,3,MACHINA,1,0.857142857143,0.857142857143,0.857142857143,0.857142857143,0.75,0.8,0.727272727273,0.8,0.761904761905
pS,2,54,R,pM,10,8,3,MACHINA,2,1.0,1.0,1.0,0.714285714286,0.625,0.666666666667,0.636363636364,0.7,0.666666666667
pS,2,3,R,pM,10,8,3,MACHINA,4,1.0,1.0,1.0,0.714285714286,0.625,0.666666666667,0.636363636364,0.7,0.666666666667
pS,2,117,R,pM,10,8,3,MACHINA,1,1.0,1.0,1.0,0.714285714286,0.625,0.666666666667,0.636363636364,0.7,0.666666666667
pS,2,93,R,pM,10,8,3,MACHINA,1,0.857142857143,0.857142857143,0.857142857143,1.0,0.875,0.933333333333,0.818181818182,0.9,0.857142857143
pS,2,39,R,pM,10,8,3,MACHINA,2,1.0,1.0,1.0,0.857142857143,0.75,0.8,0.727272727273,0.8,0.761904761905
pS,2,41,R,pM,10,8,3,MACHINA,2,1.0,1.0,1.0,1.0,0.875,0.933333333333,0.818181818182,0.9,0.857142857143
pS,2,102,R,pM,10,8,3,MACHINA,1,0.857142857143,0.75,0.8,0.714285714286,0.625,0.666666666667,0.636363636364,0.7,0.666666666667
pS,2,51,R,pM,10,8,3,MACHINA,2,1.0,0.875,0.933333333333,0.714285714286,0.625,0.666666666667,0.636363636364,0.7,0.666666666667
pS,2,87,R,pM,10,8,3,MACHINA,1,1.0,1.0,1.0,0.714285714286,0.625,0.666666666667,0.545454545455,0.6,0.571428571429
pS,2,36,R,pM,10,8,3,MACHINA,2,0.857142857143,0.857142857143,0.857142857143,0.857142857143,0.75,0.8,0.727272727273,0.8,0.761904761905
pS,2,99,R,pM,10,8,3,MACHINA,1,1.0,1.0,1.0,0.571428571429,0.5,0.533333333333,0.545454545455,0.6,0.571428571429
pS,2,31,R,pM,10,8,3,MACHINA,1,0.857142857143,0.857142857143,0.857142857143,0.857142857143,0.75,0.8,0.727272727273,0.8,0.761904761905
pS,2,129,R,pM,10,8,3,MACHINA,1,1.0,1.0,1.0,0.857142857143,0.75,0.8,0.727272727273,0.8,0.761904761905
pS,2,94,R,pM,10,8,3,MACHINA,1,1.0,1.0,1.0,0.428571428571,0.375,0.4,0.272727272727,0.3,0.285714285714
pS,2,138,R,pM,10,8,3,MACHINA,1,0.857142857143,0.857142857143,0.857142857143,0.714285714286,0.625,0.666666666667,0.545454545455,0.6,0.571428571429
pS,2,7,R,pM,10,8,3,MACHINA,1,1.0,0.875,0.933333333333,0.714285714286,0.625,0.666666666667,0.545454545455,0.6,0.571428571429
pS,2,84,R,pM,10,8,3,MACHINA,1,1.0,1.0,1.0,0.857142857143,0.75,0.8,0.727272727273,0.8,0.761904761905
pS,2,70,R,pM,10,8,3,MACHINA,4,1.0,1.0,1.0,0.857142857143,0.75,0.8,0.727272727273,0.8,0.761904761905
pS,2,0,R,pM,10,8,3,MACHINA,2,1.0,1.0,1.0,0.714285714286,0.625,0.666666666667,0.636363636364,0.7,0.666666666667
pS,2,79,R,pM,10,8,3,MACHINA,1,1.0,1.0,1.0,1.0,0.875,0.933333333333,0.818181818182,0.9,0.857142857143
pS,2,55,R,pM,10,8,3,MACHINA,2,1.0,1.0,1.0,0.571428571429,0.5,0.533333333333,0.545454545455,0.6,0.571428571429
pS,2,118,R,pM,10,8,3,MACHINA,1,1.0,1.0,1.0,1.0,0.875,0.933333333333,0.818181818182,0.9,0.857142857143
pS,2,48,R,pM,10,8,3,MACHINA,2,1.0,1.0,1.0,0.857142857143,0.75,0.8,0.727272727273,0.8,0.761904761905
pS,2,127,R,pM,10,8,3,MACHINA,1,1.0,0.875,0.933333333333,0.857142857143,0.75,0.8,0.727272727273,0.8,0.761904761905
pS,2,103,R,pM,10,8,3,MACHINA,1,1.0,1.0,1.0,0.714285714286,0.625,0.666666666667,0.636363636364,0.7,0.666666666667
pS,2,96,R,pM,10,8,3,MACHINA,1,0.857142857143,0.857142857143,0.857142857143,0.571428571429,0.5,0.533333333333,0.454545454545,0.5,0.47619047619
pS,2,82,R,pM,10,8,3,MACHINA,1,1.0,1.0,1.0,0.714285714286,0.625,0.666666666667,0.545454545455,0.6,0.571428571429
pS,2,40,R,pM,10,8,3,MACHINA,2,1.0,0.875,0.933333333333,0.714285714286,0.625,0.666666666667,0.636363636364,0.7,0.666666666667
pS,2,16,R,pM,10,8,3,MACHINA,1,1.0,1.0,1.0,0.714285714286,0.625,0.666666666667,0.545454545455,0.6,0.571428571429
pS,2,95,R,pM,10,8,3,MACHINA,1,0.857142857143,0.857142857143,0.857142857143,0.714285714286,0.625,0.666666666667,0.545454545455,0.6,0.571428571429
pS,2,139,R,pM,10,8,3,MACHINA,1,1.0,1.0,1.0,0.857142857143,0.75,0.8,0.727272727273,0.8,0.761904761905
pS,2,88,R,pM,10,8,3,MACHINA,1,1.0,0.875,0.933333333333,1.0,0.875,0.933333333333,0.818181818182,0.9,0.857142857143
pS,2,134,R,pM,10,8,3,MACHINA,1,1.0,1.0,1.0,0.571428571429,0.5,0.533333333333,0.454545454545,0.5,0.47619047619
pS,2,64,R,pM,10,8,3,MACHINA,4,1.0,1.0,1.0,0.857142857143,0.75,0.8,0.727272727273,0.8,0.761904761905
pS,2,57,R,pM,10,8,3,MACHINA,2,1.0,0.875,0.933333333333,0.857142857143,0.75,0.8,0.727272727273,0.8,0.761904761905
pS,2,131,R,pM,10,8,3,MACHINA,1,1.0,1.0,1.0,0.714285714286,0.625,0.666666666667,0.636363636364,0.7,0.666666666667
pS,2,112,R,pM,10,8,3,MACHINA,1,0.857142857143,0.857142857143,0.857142857143,0.857142857143,0.75,0.8,0.727272727273,0.8,0.761904761905
pS,2,44,R,pM,10,8,3,MACHINA,2,0.857142857143,0.857142857143,0.857142857143,0.428571428571,0.375,0.4,0.363636363636,0.4,0.380952380952
pS,2,107,R,pM,10,8,3,MACHINA,1,1.0,1.0,1.0,0.714285714286,0.625,0.666666666667,0.545454545455,0.6,0.571428571429
pS,2,37,R,pM,10,8,3,MACHINA,4,0.857142857143,0.75,0.8,0.714285714286,0.625,0.666666666667,0.636363636364,0.7,0.666666666667
pS,2,92,R,pM,10,8,3,MACHINA,1,1.0,1.0,1.0,0.714285714286,0.625,0.666666666667,0.545454545455,0.6,0.571428571429
pS,2,104,R,pM,10,8,3,MACHINA,1,1.0,1.0,1.0,1.0,0.875,0.933333333333,0.818181818182,0.9,0.857142857143
pS,2,13,R,pM,10,8,3,MACHINA,1,1.0,1.0,1.0,1.0,0.875,0.933333333333,0.818181818182,0.9,0.857142857143
pS,2,22,R,pM,10,8,3,MACHINA,1,0.857142857143,0.857142857143,0.857142857143,0.714285714286,0.625,0.666666666667,0.545454545455,0.6,0.571428571429
pS,2,85,R,pM,10,8,3,MACHINA,1,1.0,1.0,1.0,0.571428571429,0.5,0.533333333333,0.454545454545,0.5,0.47619047619
pS,2,61,R,pM,10,8,3,MACHINA,4,1.0,1.0,1.0,0.714285714286,0.625,0.666666666667,0.636363636364,0.7,0.666666666667
pS,2,135,R,pM,10,8,3,MACHINA,1,1.0,1.0,1.0,0.857142857143,0.75,0.8,0.727272727273,0.8,0.761904761905
pS,2,9,R,pM,10,8,3,MACHINA,1,1.0,1.0,1.0,0.714285714286,0.625,0.666666666667,0.636363636364,0.7,0.666666666667
pS,2,19,R,pM,10,8,3,MACHINA,1,0.857142857143,0.857142857143,0.857142857143,0.857142857143,0.75,0.8,0.727272727273,0.8,0.761904761905
pS,2,128,R,pM,10,8,3,MACHINA,1,1.0,1.0,1.0,0.428571428571,0.375,0.4,0.363636363636,0.4,0.380952380952
pS,2,5,R,pM,10,8,3,MACHINA,2,1.0,1.0,1.0,0.714285714286,0.625,0.666666666667,0.636363636364,0.7,0.666666666667
pS,2,14,R,pM,10,8,3,MACHINA,1,1.0,1.0,1.0,0.857142857143,0.75,0.8,0.727272727273,0.8,0.761904761905
pS,2,53,R,pM,10,8,3,MACHINA,2,1.0,0.875,0.933333333333,0.857142857143,0.75,0.8,0.727272727273,0.8,0.761904761905
pS,2,108,R,pM,10,8,3,MACHINA,1,1.0,0.875,0.933333333333,1.0,0.875,0.933333333333,0.818181818182,0.9,0.857142857143
pS,2,62,R,pM,10,8,3,MACHINA,2,1.0,1.0,1.0,0.857142857143,0.75,0.8,0.727272727273,0.8,0.761904761905
pS,2,38,R,pM,10,8,3,MACHINA,4,0.857142857143,0.857142857143,0.857142857143,0.714285714286,0.625,0.666666666667,0.636363636364,0.7,0.666666666667
pS,2,101,R,pM,10,8,3,MACHINA,1,0.857142857143,0.857142857143,0.857142857143,0.857142857143,0.75,0.8,0.727272727273,0.8,0.761904761905
pS,2,47,R,pM,10,8,3,MACHINA,4,1.0,0.875,0.933333333333,0.857142857143,0.75,0.8,0.727272727273,0.8,0.761904761905
pS,2,17,R,pM,10,8,3,MACHINA,1,1.0,1.0,1.0,0.428571428571,0.375,0.4,0.363636363636,0.4,0.380952380952
pS,2,110,R,pM,10,8,3,MACHINA,1,1.0,1.0,1.0,0.857142857143,0.75,0.8,0.727272727273,0.8,0.761904761905
pS,2,23,R,pM,10,8,3,MACHINA,1,0.857142857143,0.857142857143,0.857142857143,0.428571428571,0.375,0.4,0.363636363636,0.4,0.380952380952
pS,2,86,R,pM,10,8,3,MACHINA,1,1.0,1.0,1.0,0.714285714286,0.625,0.666666666667,0.545454545455,0.6,0.571428571429
pS,2,2,R,pM,10,8,3,MACHINA,2,1.0,1.0,1.0,0.857142857143,0.75,0.8,0.727272727273,0.8,0.761904761905
pS,2,65,R,pM,10,8,3,MACHINA,4,1.0,1.0,1.0,0.857142857143,0.75,0.8,0.727272727273,0.8,0.761904761905
pS,2,30,R,pM,10,8,3,MACHINA,1,0.857142857143,0.857142857143,0.857142857143,1.0,0.875,0.933333333333,0.818181818182,0.9,0.857142857143
pS,2,50,R,pM,10,8,3,MACHINA,4,0.857142857143,0.857142857143,0.857142857143,0.857142857143,0.75,0.8,0.727272727273,0.8,0.761904761905
pS,2,15,R,pM,10,8,3,MACHINA,1,1.0,1.0,1.0,0.714285714286,0.625,0.666666666667,0.636363636364,0.7,0.666666666667
pS,2,113,R,pM,10,8,3,MACHINA,1,0.857142857143,0.857142857143,0.857142857143,0.857142857143,0.75,0.8,0.727272727273,0.8,0.761904761905
pS,2,78,R,pM,10,8,3,MACHINA,1,1.0,1.0,1.0,0.428571428571,0.375,0.4,0.363636363636,0.4,0.380952380952
pS,2,8,R,pM,10,8,3,MACHINA,1,1.0,1.0,1.0,0.714285714286,0.625,0.666666666667,0.636363636364,0.7,0.666666666667
pS,2,98,R,pM,10,8,3,MACHINA,1,1.0,1.0,1.0,1.0,0.875,0.933333333333,0.818181818182,0.9,0.857142857143
pS,2,63,R,pM,10,8,3,MACHINA,2,1.0,1.0,1.0,0.571428571429,0.5,0.533333333333,0.454545454545,0.5,0.47619047619
pS,2,126,R,pM,10,8,3,MACHINA,1,1.0,1.0,1.0,0.714285714286,0.625,0.666666666667,0.636363636364,0.7,0.666666666667
pS,2,56,R,pM,10,8,3,MACHINA,4,1.0,1.0,1.0,0.571428571429,0.5,0.533333333333,0.545454545455,0.6,0.571428571429
pS,2,42,R,pM,10,8,3,MACHINA,2,1.0,1.0,1.0,0.857142857143,0.75,0.8,0.727272727273,0.8,0.761904761905
pS,2,32,R,pM,10,8,3,MACHINA,2,1.0,0.875,0.933333333333,0.857142857143,0.75,0.8,0.727272727273,0.8,0.761904761905
pS,2,18,R,pM,10,8,3,MACHINA,1,1.0,1.0,1.0,1.0,0.875,0.933333333333,0.818181818182,0.9,0.857142857143
pS,2,111,R,pM,10,8,3,MACHINA,1,1.0,1.0,1.0,0.857142857143,0.75,0.8,0.727272727273,0.8,0.761904761905
pS,2,81,R,pM,10,8,3,MACHINA,1,1.0,1.0,1.0,0.428571428571,0.375,0.4,0.272727272727,0.3,0.285714285714
pS,2,27,R,pM,10,8,3,MACHINA,2,0.857142857143,0.857142857143,0.857142857143,0.857142857143,0.75,0.8,0.727272727273,0.8,0.761904761905
pS,2,141,R,pM,10,8,3,MACHINA,1,1.0,1.0,1.0,0.857142857143,0.75,0.8,0.727272727273,0.8,0.761904761905
pS,2,90,R,pM,10,8,3,MACHINA,1,1.0,1.0,1.0,0.714285714286,0.625,0.666666666667,0.636363636364,0.7,0.666666666667
pS,2,66,R,pM,10,8,3,MACHINA,2,1.0,1.0,1.0,0.571428571429,0.5,0.533333333333,0.545454545455,0.6,0.571428571429
pS,2,12,R,pM,10,8,3,MACHINA,1,1.0,1.0,1.0,1.0,0.875,0.933333333333,0.818181818182,0.9,0.857142857143
pS,2,75,R,pM,10,8,3,MACHINA,1,1.0,1.0,1.0,0.428571428571,0.375,0.4,0.363636363636,0.4,0.380952380952
pS,2,24,R,pM,10,8,3,MACHINA,1,0.857142857143,0.857142857143,0.857142857143,0.714285714286,0.625,0.666666666667,0.545454545455,0.6,0.571428571429
pS,2,137,R,pM,10,8,3,MACHINA,1,1.0,1.0,1.0,0.714285714286,0.625,0.666666666667,0.636363636364,0.7,0.666666666667
pS,2,133,R,pM,10,8,3,MACHINA,1,1.0,0.875,0.933333333333,1.0,0.875,0.933333333333,0.818181818182,0.9,0.857142857143
pS,2,114,R,pM,10,8,3,MACHINA,1,1.0,1.0,1.0,0.714285714286,0.625,0.666666666667,0.636363636364,0.7,0.666666666667
pS,2,60,R,pM,10,8,3,MACHINA,4,1.0,1.0,1.0,0.714285714286,0.625,0.666666666667,0.636363636364,0.7,0.666666666667
pS,2,142,R,pM,10,8,3,MACHINA,1,1.0,1.0,1.0,0.714285714286,0.625,0.666666666667,0.545454545455,0.6,0.571428571429
pS,2,123,R,pM,10,8,3,MACHINA,1,0.857142857143,0.857142857143,0.857142857143,1.0,0.875,0.933333333333,0.818181818182,0.9,0.857142857143
pS,2,72,R,pM,10,8,3,MACHINA,1,1.0,1.0,1.0,0.714285714286,0.625,0.666666666667,0.545454545455,0.6,0.571428571429
pS,2,109,R,pM,10,8,3,MACHINA,1,0.857142857143,0.857142857143,0.857142857143,1.0,0.875,0.933333333333,0.818181818182,0.9,0.857142857143
pS,2,4,R,pM,10,8,3,MACHINA,2,1.0,1.0,1.0,1.0,0.875,0.933333333333,0.818181818182,0.9,0.857142857143
pS,2,67,R,pM,10,8,3,MACHINA,2,1.0,1.0,1.0,0.428571428571,0.375,0.4,0.363636363636,0.4,0.380952380952
pS,2,43,R,pM,10,8,3,MACHINA,2,1.0,1.0,1.0,1.0,0.875,0.933333333333,0.818181818182,0.9,0.857142857143
pS,2,120,R,pM,10,8,3,MACHINA,1,1.0,0.875,0.933333333333,0.857142857143,0.75,0.8,0.727272727273,0.8,0.761904761905
pS,2,106,R,pM,10,8,3,MACHINA,1,0.857142857143,0.857142857143,0.857142857143,0.714285714286,0.625,0.666666666667,0.545454545455,0.6,0.571428571429
pS,31,20,R,pS,8,7,3,MACHINA,5,0.8,0.8,0.8,0.428571428571,0.428571428571,0.428571428571,0.5,0.5,0.5
pS,31,24,R,pS,8,7,3,MACHINA,2,0.8,0.8,0.8,1.0,1.0,1.0,1.0,1.0,1.0
pS,31,13,R,pS,8,7,3,MACHINA,2,0.6,0.5,0.545454545455,1.0,1.0,1.0,1.0,1.0,1.0
pS,31,17,R,pS,8,7,3,MACHINA,2,0.8,0.666666666667,0.727272727273,1.0,1.0,1.0,1.0,1.0,1.0
pS,31,37,R,pS,8,7,3,MACHINA,3,1.0,1.0,1.0,0.428571428571,0.428571428571,0.428571428571,0.5,0.5,0.5
pS,31,41,R,pS,8,7,3,MACHINA,3,1.0,1.0,1.0,0.428571428571,0.428571428571,0.428571428571,0.5,0.5,0.5
pS,31,39,R,pS,8,7,3,MACHINA,3,1.0,0.833333333333,0.909090909091,0.428571428571,0.428571428571,0.428571428571,0.5,0.5,0.5
pS,31,29,R,pS,8,7,3,MACHINA,2,0.8,0.8,0.8,1.0,1.0,1.0,1.0,1.0,1.0
pS,31,43,R,pS,8,7,3,MACHINA,3,1.0,1.0,1.0,0.428571428571,0.428571428571,0.428571428571,0.5,0.5,0.5
pS,31,33,R,pS,8,7,3,MACHINA,4,0.8,0.666666666667,0.727272727273,0.428571428571,0.428571428571,0.428571428571,0.5,0.5,0.5
pS,31,18,R,pS,8,7,3,MACHINA,5,0.8,0.8,0.8,0.428571428571,0.428571428571,0.428571428571,0.5,0.5,0.5
pS,31,53,R,pS,8,7,3,MACHINA,0,1.0,1.0,1.0,1.0,1.0,1.0,1.0,1.0,1.0
pS,31,38,R,pS,8,7,3,MACHINA,3,1.0,1.0,1.0,0.428571428571,0.428571428571,0.428571428571,0.5,0.5,0.5
pS,31,57,R,pS,8,7,3,MACHINA,0,1.0,1.0,1.0,1.0,1.0,1.0,1.0,1.0,1.0
pS,31,42,R,pS,8,7,3,MACHINA,3,1.0,1.0,1.0,0.428571428571,0.428571428571,0.428571428571,0.5,0.5,0.5
pS,31,55,R,pS,8,7,3,MACHINA,0,1.0,1.0,1.0,1.0,1.0,1.0,1.0,1.0,1.0
pS,31,59,R,pS,8,7,3,MACHINA,0,1.0,1.0,1.0,1.0,1.0,1.0,1.0,1.0,1.0
pS,31,44,R,pS,8,7,3,MACHINA,2,1.0,1.0,1.0,0.428571428571,0.428571428571,0.428571428571,0.5,0.5,0.5
pS,31,34,R,pS,8,7,3,MACHINA,2,0.8,0.8,0.8,1.0,1.0,1.0,1.0,1.0,1.0
pS,31,48,R,pS,8,7,3,MACHINA,0,1.0,1.0,1.0,1.0,1.0,1.0,1.0,1.0,1.0
pS,31,5,R,pS,8,7,3,MACHINA,5,0.8,0.8,0.8,0.428571428571,0.428571428571,0.428571428571,0.5,0.5,0.5
pS,31,54,R,pS,8,7,3,MACHINA,2,1.0,0.833333333333,0.909090909091,0.428571428571,0.428571428571,0.428571428571,0.5,0.5,0.5
pS,31,9,R,pS,8,7,3,MACHINA,4,0.8,0.666666666667,0.727272727273,0.428571428571,0.428571428571,0.428571428571,0.5,0.5,0.5
pS,31,58,R,pS,8,7,3,MACHINA,0,1.0,0.833333333333,0.909090909091,1.0,1.0,1.0,1.0,1.0,1.0
pS,31,7,R,pS,8,7,3,MACHINA,2,0.8,0.666666666667,0.727272727273,1.0,1.0,1.0,1.0,1.0,1.0
pS,31,11,R,pS,8,7,3,MACHINA,2,0.8,0.8,0.8,1.0,1.0,1.0,1.0,1.0,1.0
pS,31,1,R,pS,8,7,3,MACHINA,5,0.8,0.666666666667,0.727272727273,0.428571428571,0.428571428571,0.428571428571,0.5,0.5,0.5
pS,31,31,R,pS,8,7,3,MACHINA,4,0.8,0.666666666667,0.727272727273,0.428571428571,0.428571428571,0.428571428571,0.5,0.5,0.5
pS,31,21,R,pS,8,7,3,MACHINA,5,0.8,0.8,0.8,0.428571428571,0.428571428571,0.428571428571,0.5,0.5,0.5
pS,31,6,R,pS,8,7,3,MACHINA,2,0.8,0.666666666667,0.727272727273,1.0,1.0,1.0,1.0,1.0,1.0
pS,31,35,R,pS,8,7,3,MACHINA,2,0.8,0.8,0.8,1.0,1.0,1.0,1.0,1.0,1.0
pS,31,25,R,pS,8,7,3,MACHINA,2,0.8,0.8,0.8,1.0,1.0,1.0,1.0,1.0,1.0
pS,31,10,R,pS,8,7,3,MACHINA,4,0.8,0.8,0.8,0.428571428571,0.428571428571,0.428571428571,0.5,0.5,0.5
pS,31,23,R,pS,8,7,3,MACHINA,5,0.8,0.666666666667,0.727272727273,0.428571428571,0.428571428571,0.428571428571,0.5,0.5,0.5
pS,31,30,R,pS,8,7,3,MACHINA,4,0.8,0.666666666667,0.727272727273,0.428571428571,0.428571428571,0.428571428571,0.5,0.5,0.5
pS,31,27,R,pS,8,7,3,MACHINA,2,0.8,0.8,0.8,1.0,1.0,1.0,1.0,1.0,1.0
pS,31,12,R,pS,8,7,3,MACHINA,2,0.6,0.5,0.545454545455,1.0,1.0,1.0,1.0,1.0,1.0
pS,31,2,R,pS,8,7,3,MACHINA,5,0.8,0.666666666667,0.727272727273,0.428571428571,0.428571428571,0.428571428571,0.5,0.5,0.5
pS,31,47,R,pS,8,7,3,MACHINA,0,1.0,0.833333333333,0.909090909091,1.0,1.0,1.0,1.0,1.0,1.0
pS,31,16,R,pS,8,7,3,MACHINA,2,0.6,0.5,0.545454545455,1.0,1.0,1.0,1.0,1.0,1.0
pS,31,22,R,pS,8,7,3,MACHINA,5,0.8,0.8,0.8,0.428571428571,0.428571428571,0.428571428571,0.5,0.5,0.5
pS,31,51,R,pS,8,7,3,MACHINA,0,1.0,1.0,1.0,1.0,1.0,1.0,1.0,1.0,1.0
pS,31,36,R,pS,8,7,3,MACHINA,3,1.0,1.0,1.0,0.428571428571,0.428571428571,0.428571428571,0.5,0.5,0.5
pS,31,26,R,pS,8,7,3,MACHINA,2,0.8,0.8,0.8,1.0,1.0,1.0,1.0,1.0,1.0
pS,31,40,R,pS,8,7,3,MACHINA,3,0.8,0.8,0.8,0.428571428571,0.428571428571,0.428571428571,0.5,0.5,0.5
pS,31,46,R,pS,8,7,3,MACHINA,0,1.0,1.0,1.0,1.0,1.0,1.0,1.0,1.0,1.0
pS,31,28,R,pS,8,7,3,MACHINA,2,0.8,0.666666666667,0.727272727273,1.0,1.0,1.0,1.0,1.0,1.0
pS,31,32,R,pS,8,7,3,MACHINA,4,0.8,0.8,0.8,0.428571428571,0.428571428571,0.428571428571,0.5,0.5,0.5
pS,31,3,R,pS,8,7,3,MACHINA,5,0.8,0.666666666667,0.727272727273,0.428571428571,0.428571428571,0.428571428571,0.5,0.5,0.5
pS,31,52,R,pS,8,7,3,MACHINA,0,1.0,1.0,1.0,1.0,1.0,1.0,1.0,1.0,1.0
pS,31,56,R,pS,8,7,3,MACHINA,0,0.8,0.666666666667,0.727272727273,1.0,1.0,1.0,1.0,1.0,1.0
pS,31,45,R,pS,8,7,3,MACHINA,2,1.0,1.0,1.0,0.428571428571,0.428571428571,0.428571428571,0.5,0.5,0.5
pS,31,49,R,pS,8,7,3,MACHINA,0,1.0,1.0,1.0,1.0,1.0,1.0,1.0,1.0,1.0
pS,31,15,R,pS,8,7,3,MACHINA,2,0.8,0.8,0.8,1.0,1.0,1.0,1.0,1.0,1.0
pS,31,19,R,pS,8,7,3,MACHINA,5,0.8,0.8,0.8,0.428571428571,0.428571428571,0.428571428571,0.5,0.5,0.5
pS,31,4,R,pS,8,7,3,MACHINA,5,0.8,0.666666666667,0.727272727273,0.428571428571,0.428571428571,0.428571428571,0.5,0.5,0.5
pS,31,8,R,pS,8,7,3,MACHINA,4,0.8,0.666666666667,0.727272727273,0.428571428571,0.428571428571,0.428571428571,0.5,0.5,0.5
pS,31,14,R,pS,8,7,3,MACHINA,4,0.8,0.666666666667,0.727272727273,0.428571428571,0.428571428571,0.428571428571,0.5,0.5,0.5
pS,31,50,R,pS,8,7,3,MACHINA,0,1.0,1.0,1.0,1.0,1.0,1.0,1.0,1.0,1.0
pS,31,0,R,pS,8,7,3,MACHINA,5,0.8,0.8,0.8,0.428571428571,0.428571428571,0.428571428571,0.5,0.5,0.5
pS,35,8,R,pPS,9,7,1,MACHINA,1,1.0,0.8,0.888888888889,1.0,1.0,1.0,1.0,1.0,1.0
pS,35,14,R,pPS,9,7,1,MACHINA,1,1.0,1.0,1.0,1.0,1.0,1.0,1.0,1.0,1.0
pS,35,17,R,pPS,9,7,1,MACHINA,1,1.0,0.571428571429,0.727272727273,1.0,1.0,1.0,1.0,1.0,1.0
pS,35,15,R,pPS,9,7,1,MACHINA,1,1.0,1.0,1.0,1.0,1.0,1.0,1.0,1.0,1.0
pS,35,18,R,pPS,9,7,1,MACHINA,1,1.0,0.666666666667,0.8,1.0,1.0,1.0,1.0,1.0,1.0
pS,35,19,R,pPS,9,7,1,MACHINA,1,1.0,1.0,1.0,1.0,1.0,1.0,1.0,1.0,1.0
pS,35,9,R,pPS,9,7,1,MACHINA,1,1.0,1.0,1.0,1.0,1.0,1.0,1.0,1.0,1.0
pS,35,20,R,pPS,9,7,1,MACHINA,1,1.0,1.0,1.0,1.0,1.0,1.0,1.0,1.0,1.0
pS,35,10,R,pPS,9,7,1,MACHINA,1,1.0,1.0,1.0,1.0,1.0,1.0,1.0,1.0,1.0
pS,35,11,R,pPS,9,7,1,MACHINA,1,1.0,1.0,1.0,1.0,1.0,1.0,1.0,1.0,1.0
pS,35,12,R,pPS,9,7,1,MACHINA,1,1.0,1.0,1.0,1.0,1.0,1.0,1.0,1.0,1.0
pS,35,21,R,pPS,9,7,1,MACHINA,1,1.0,0.8,0.888888888889,1.0,1.0,1.0,1.0,1.0,1.0
pS,35,16,R,pPS,9,7,1,MACHINA,1,1.0,1.0,1.0,1.0,1.0,1.0,1.0,1.0,1.0
pS,35,22,R,pPS,9,7,1,MACHINA,1,1.0,0.8,0.888888888889,1.0,1.0,1.0,1.0,1.0,1.0
pS,35,23,R,pPS,9,7,1,MACHINA,1,1.0,1.0,1.0,1.0,1.0,1.0,1.0,1.0,1.0
pS,35,13,R,pPS,9,7,1,MACHINA,1,1.0,1.0,1.0,1.0,1.0,1.0,1.0,1.0,1.0
pS,37,2,R,mS,7,7,3,MACHINA,1,1.0,1.0,1.0,0.714285714286,0.714285714286,0.714285714286,0.625,0.714285714286,0.666666666667
pS,37,1,R,mS,7,7,3,MACHINA,1,1.0,0.8,0.888888888889,0.571428571429,0.571428571429,0.571428571429,0.5,0.571428571429,0.533333333333
pS,37,3,R,mS,7,7,3,MACHINA,1,1.0,0.8,0.888888888889,0.428571428571,0.428571428571,0.428571428571,0.375,0.428571428571,0.4
pS,37,0,R,mS,7,7,3,MACHINA,1,1.0,1.0,1.0,0.714285714286,0.714285714286,0.714285714286,0.625,0.714285714286,0.666666666667
pS,54,0,R,mS,7,7,2,MACHINA,1,0.8,1.0,0.888888888889,0.142857142857,0.142857142857,0.142857142857,0.125,0.142857142857,0.133333333333
pS,5,5,R,pS,8,7,3,MACHINA,5,0.833333333333,1.0,0.909090909091,1.0,1.0,1.0,0.888888888889,1.0,0.941176470588
pS,5,4,R,pS,8,7,3,MACHINA,5,0.833333333333,1.0,0.909090909091,1.0,1.0,1.0,0.888888888889,1.0,0.941176470588
pS,5,1,R,pS,8,7,3,MACHINA,5,0.833333333333,1.0,0.909090909091,1.0,1.0,1.0,0.888888888889,1.0,0.941176470588
pS,5,2,R,pS,8,7,3,MACHINA,5,0.833333333333,1.0,0.909090909091,1.0,1.0,1.0,0.888888888889,1.0,0.941176470588
pS,69,1,R,mS,7,7,4,MACHINA,1,1.0,1.0,1.0,0.714285714286,0.714285714286,0.714285714286,0.625,0.714285714286,0.666666666667
pS,69,0,R,mS,7,7,4,MACHINA,1,1.0,1.0,1.0,0.714285714286,0.714285714286,0.714285714286,0.625,0.714285714286,0.666666666667
