0	1
1	1_P
1	1_M5
1	1_M4
1	1_M1
1	1_M3
1	1_M2
GL	0
0	0_M2
16;15;5;2;14;9;22;21;20	30
30	30_M5
30	30_P
30	30_M3
1	16;15;5;2;14;9;22;21;20
16;15;5;2;14;9;22;21;20	16;15;5;2;14;9;22;21;20_M5
16;15;5;2;14;9;22;21;20	16;15;5;2;14;9;22;21;20_P
16;15;5;2;14;9;22;21;20	16;15;5;2;14;9;22;21;20_M1
16;15;5;2;14;9;22;21;20	16;15;5;2;14;9;22;21;20_M3
1	40;46;55;34;24
40;46;55;34;24	40;46;55;34;24_M4
1	7;17;12
7;17;12	7;17;12_M2
1	29;56;49;27
29;56;49;27	29;56;49;27_P
29;56;49;27	29;56;49;27_M1
1	41;45
41;45	41;45_M3
1	51;39;36;37;23
51;39;36;37;23	51;39;36;37;23_M1
38;42	65;63
65;63	65;63_M5
30	38;42
38;42	38;42_M5
40;46;55;34;24	59
59	59_M4
