0	1
1	1_P
1	1_M5
1	1_M4
1	1_M1
1	1_M3
1	1_M2
GL	0
0	0_P
0	0_M5
0	0_M4
0	0_M1
0	0_M3
0	0_M2
16;15;5;2;14;9;22;21;20	30
30	30_P
30	30_M5
30	30_M4
30	30_M1
30	30_M3
30	30_M2
1	16;15;5;2;14;9;22;21;20
16;15;5;2;14;9;22;21;20	16;15;5;2;14;9;22;21;20_P
16;15;5;2;14;9;22;21;20	16;15;5;2;14;9;22;21;20_M5
16;15;5;2;14;9;22;21;20	16;15;5;2;14;9;22;21;20_M4
16;15;5;2;14;9;22;21;20	16;15;5;2;14;9;22;21;20_M1
16;15;5;2;14;9;22;21;20	16;15;5;2;14;9;22;21;20_M3
16;15;5;2;14;9;22;21;20	16;15;5;2;14;9;22;21;20_M2
1	40;46;55;34;24
40;46;55;34;24	40;46;55;34;24_P
40;46;55;34;24	40;46;55;34;24_M5
40;46;55;34;24	40;46;55;34;24_M4
40;46;55;34;24	40;46;55;34;24_M1
40;46;55;34;24	40;46;55;34;24_M3
40;46;55;34;24	40;46;55;34;24_M2
1	7;17;12
7;17;12	7;17;12_P
7;17;12	7;17;12_M5
7;17;12	7;17;12_M4
7;17;12	7;17;12_M1
7;17;12	7;17;12_M3
7;17;12	7;17;12_M2
1	29;56;49;27
29;56;49;27	29;56;49;27_P
29;56;49;27	29;56;49;27_M5
29;56;49;27	29;56;49;27_M4
29;56;49;27	29;56;49;27_M1
29;56;49;27	29;56;49;27_M3
29;56;49;27	29;56;49;27_M2
1	41;45
41;45	41;45_P
41;45	41;45_M5
41;45	41;45_M4
41;45	41;45_M1
41;45	41;45_M3
41;45	41;45_M2
1	51;39;36;37;23
51;39;36;37;23	51;39;36;37;23_P
51;39;36;37;23	51;39;36;37;23_M5
51;39;36;37;23	51;39;36;37;23_M4
51;39;36;37;23	51;39;36;37;23_M1
51;39;36;37;23	51;39;36;37;23_M3
51;39;36;37;23	51;39;36;37;23_M2
38;42	65;63
65;63	65;63_P
65;63	65;63_M5
65;63	65;63_M4
65;63	65;63_M1
65;63	65;63_M3
65;63	65;63_M2
30	38;42
38;42	38;42_P
38;42	38;42_M5
38;42	38;42_M4
38;42	38;42_M1
38;42	38;42_M3
38;42	38;42_M2
40;46;55;34;24	59
59	59_P
59	59_M5
59	59_M4
59	59_M1
59	59_M3
59	59_M2
