14;29;34;37;16	36;45;38
36;45;38	36;45;38_M2
1;0	21;7;18;23;17
21;7;18;23;17	21;7;18;23;17_P
21;7;18;23;17	21;7;18;23;17_M5
21;7;18;23;17	21;7;18;23;17_M4
21;7;18;23;17	21;7;18;23;17_M7
21;7;18;23;17	21;7;18;23;17_M6
21;7;18;23;17	21;7;18;23;17_M1
21;7;18;23;17	21;7;18;23;17_M3
21;7;18;23;17	21;7;18;23;17_M2
1;0	62;20;4;64;41;46;13;11
62;20;4;64;41;46;13;11	62;20;4;64;41;46;13;11_P
62;20;4;64;41;46;13;11	62;20;4;64;41;46;13;11_M6
62;20;4;64;41;46;13;11	62;20;4;64;41;46;13;11_M3
1;0	40;63;58;52
40;63;58;52	40;63;58;52_P
40;63;58;52	40;63;58;52_M5
40;63;58;52	40;63;58;52_M4
40;63;58;52	40;63;58;52_M7
40;63;58;52	40;63;58;52_M6
40;63;58;52	40;63;58;52_M1
40;63;58;52	40;63;58;52_M3
40;63;58;52	40;63;58;52_M2
1;0	9;8;3;2;12;15
9;8;3;2;12;15	9;8;3;2;12;15_M4
9;8;3;2;12;15	9;8;3;2;12;15_M1
9;8;3;2;12;15	9;8;3;2;12;15_M3
9;8;3;2;12;15	9;8;3;2;12;15_M2
1;0	14;29;34;37;16
14;29;34;37;16	14;29;34;37;16_M5
14;29;34;37;16	14;29;34;37;16_M7
14;29;34;37;16	14;29;34;37;16_M1
14;29;34;37;16	14;29;34;37;16_M2
1;0	6;5;50;43;19;10
6;5;50;43;19;10	6;5;50;43;19;10_P
6;5;50;43;19;10	6;5;50;43;19;10_M3
1;0	32;42
32;42	32;42_M5
32;42	32;42_P
32;42	32;42_M3
1;0	24
24	24_M5
24	24_P
24	24_M2
GL	1;0
1;0	1;0_P
1;0	1;0_M5
1;0	1;0_M4
1;0	1;0_M7
1;0	1;0_M6
1;0	1;0_M1
1;0	1;0_M3
1;0	1;0_M2
30	44;51;39;35
44;51;39;35	44;51;39;35_P
44;51;39;35	44;51;39;35_M5
44;51;39;35	44;51;39;35_M4
44;51;39;35	44;51;39;35_M7
44;51;39;35	44;51;39;35_M6
44;51;39;35	44;51;39;35_M1
44;51;39;35	44;51;39;35_M3
44;51;39;35	44;51;39;35_M2
21;7;18;23;17	30
30	30_P
30	30_M5
30	30_M4
30	30_M7
30	30_M6
30	30_M1
30	30_M3
30	30_M2
44;51;39;35	53;54
53;54	53;54_M4
53;54	53;54_M7
62;20;4;64;41;46;13;11	60;61
60;61	60;61_M6
60;61	60;61_M3
40;63;58;52	68
68	68_P
68	68_M7
68	68_M1
