14;29;34;37;16	36;45;38
36;45;38	36;45;38_M2
1;0	21;7;18;23;17
21;7;18;23;17	21;7;18;23;17_M5
21;7;18;23;17	21;7;18;23;17_P
21;7;18;23;17	21;7;18;23;17_M7
1;0	62;20;4;64;41;46;13;11
62;20;4;64;41;46;13;11	62;20;4;64;41;46;13;11_M6
1;0	40;63;58;52
40;63;58;52	40;63;58;52_M7
1;0	9;8;3;2;12;15
9;8;3;2;12;15	9;8;3;2;12;15_M1
1;0	14;29;34;37;16
14;29;34;37;16	14;29;34;37;16_M2
1;0	6;5;50;43;19;10
6;5;50;43;19;10	6;5;50;43;19;10_M3
1;0	32;42
32;42	32;42_M5
1;0	24
24	24_P
GL	1;0
1;0	1;0_P
1;0	1;0_M5
1;0	1;0_M4
1;0	1;0_M7
1;0	1;0_M6
1;0	1;0_M1
1;0	1;0_M3
1;0	1;0_M2
30	44;51;39;35
44;51;39;35	44;51;39;35_M4
21;7;18;23;17	30
30	30_M5
30	30_P
30	30_M7
30	30_M4
44;51;39;35	53;54
53;54	53;54_M4
62;20;4;64;41;46;13;11	60;61
60;61	60;61_M6
40;63;58;52	68
68	68_M7
