id, 	 phi, 	 nChildren, 	 nGenes, 	 genes 
0,	[ 1.  1.  1.  1.  1.  1.  1.  1.  1.],	1,	0,	
1,	[ 0.985  0.986  0.99   0.987  0.991  0.995  0.991  0.992  0.995],	8,	2,	s1; s0
2,	[ 0.369  0.382  0.112  0.12   0.097  0.577  0.362  0.123  0.384],	1,	5,	s21; s7; s18; s22; s17
3,	[ 0.174  0.176  0.058  0.074  0.061  0.504  0.178  0.056  0.221],	1,	1,	s25
4,	[ 0.05   0.062  0.025  0.016  0.019  0.404  0.069  0.018  0.057],	1,	4,	s37; s41; s32; s28
5,	[ 0.006  0.006  0.005  0.002  0.004  0.105  0.006  0.006  0.02 ],	0,	2,	s43; s44
6,	[ 0.004  0.012  0.007  0.01   0.014  0.007  0.144  0.006  0.007],	0,	2,	s26; s35
7,	[ 0.077  0.004  0.01   0.012  0.008  0.004  0.013  0.006  0.01 ],	0,	1,	s23
8,	[ 0.006  0.014  0.007  0.005  0.335  0.007  0.007  0.005  0.007],	0,	6,	s6; s5; s40; s36; s19; s10
9,	[ 0.013  0.021  0.014  0.013  0.026  0.006  0.009  0.421  0.006],	1,	8,	s48; s20; s4; s50; s34; s39; s13; s11
10,	[ 0.006  0.005  0.006  0.005  0.011  0.004  0.006  0.213  0.004],	0,	2,	s46; s47
11,	[ 0.006  0.009  0.367  0.015  0.01   0.011  0.004  0.003  0.007],	0,	6,	s9; s8; s3; s2; s12; s15
12,	[ 0.011  0.015  0.02   0.306  0.012  0.014  0.016  0.012  0.016],	1,	5,	s14; s24; s27; s30; s16
13,	[ 0.005  0.006  0.006  0.144  0.004  0.004  0.004  0.004  0.002],	0,	3,	s29; s38; s31
14,	[ 0.028  0.022  0.028  0.026  0.025  0.02   0.027  0.019  0.247],	1,	4,	s33; s49; s45; s42
15,	[ 0.012  0.005  0.012  0.01   0.007  0.008  0.002  0.002  0.086],	0,	1,	s51



      /2 /3 /4 /-5
     |
     |--6
     |
     |--7
     |
     |--8
-0 /1|
     |-9 /-10
     |
     |--11
     |
     |-12/-13
     |
      \14/-15

Number of non-empty nodes in the tree: 15


id, 	 phi, 	 nChildren, 	 nGenes, 	 genes 
0,	[ 1.  1.  1.  1.  1.  1.  1.  1.  1.],	1,	0,	
1,	[ 0.987  0.992  0.997  0.985  0.996  0.99   0.991  0.989  0.993],	8,	2,	s1; s0
2,	[ 0.398  0.43   0.108  0.127  0.105  0.553  0.317  0.118  0.364],	1,	5,	s21; s7; s18; s22; s17
3,	[ 0.158  0.158  0.051  0.061  0.049  0.437  0.143  0.063  0.238],	1,	1,	s25
4,	[ 0.039  0.042  0.008  0.024  0.015  0.388  0.063  0.024  0.093],	1,	4,	s37; s41; s32; s28
5,	[ 0.005  0.011  0.003  0.005  0.003  0.143  0.023  0.011  0.02 ],	0,	2,	s43; s44
6,	[ 0.009  0.013  0.007  0.01   0.009  0.01   0.191  0.013  0.004],	0,	2,	s26; s35
7,	[ 0.058  0.005  0.008  0.013  0.004  0.011  0.011  0.017  0.01 ],	0,	1,	s23
8,	[ 0.013  0.02   0.017  0.318  0.014  0.014  0.005  0.022  0.013],	1,	6,	s14; s30; s27; s24; s31; s16
9,	[ 0.008  0.008  0.009  0.156  0.004  0.007  0.002  0.015  0.006],	0,	2,	s29; s38
10,	[ 0.012  0.011  0.014  0.011  0.009  0.013  0.012  0.377  0.014],	1,	8,	s48; s20; s4; s50; s34; s39; s13; s11
11,	[ 0.004  0.007  0.006  0.005  0.005  0.008  0.007  0.238  0.007],	0,	2,	s46; s47
12,	[ 0.005  0.008  0.006  0.007  0.334  0.005  0.002  0.002  0.005],	0,	6,	s6; s5; s40; s36; s19; s10
13,	[ 0.009  0.01   0.382  0.016  0.025  0.005  0.003  0.012  0.014],	0,	6,	s9; s8; s3; s2; s12; s15
14,	[ 0.024  0.021  0.024  0.022  0.012  0.013  0.008  0.012  0.223],	1,	4,	s33; s49; s45; s42
15,	[ 0.015  0.012  0.006  0.008  0.006  0.004  0.004  0.006  0.115],	0,	1,	s51



      /2 /3 /4 /-5
     |
     |--6
     |
     |--7
     |
     |-8 /-9
-0 /1|
     |-10/-11
     |
     |--12
     |
     |--13
     |
      \14/-15

Number of non-empty nodes in the tree: 15


id, 	 phi, 	 nChildren, 	 nGenes, 	 genes 
0,	[ 1.  1.  1.  1.  1.  1.  1.  1.  1.],	1,	0,	
1,	[ 0.986  0.99   0.984  0.987  0.991  0.992  0.992  0.994  0.992],	8,	2,	s1; s0
2,	[ 0.371  0.354  0.108  0.124  0.097  0.562  0.354  0.12   0.398],	1,	5,	s21; s7; s18; s22; s17
3,	[ 0.166  0.173  0.054  0.072  0.053  0.487  0.155  0.058  0.226],	1,	1,	s25
4,	[ 0.055  0.057  0.017  0.017  0.017  0.389  0.062  0.017  0.052],	1,	4,	s37; s41; s32; s28
5,	[ 0.005  0.007  0.003  0.003  0.003  0.087  0.004  0.006  0.018],	0,	2,	s43; s44
6,	[ 0.004  0.009  0.006  0.008  0.006  0.004  0.154  0.004  0.009],	0,	2,	s26; s35
7,	[ 0.066  0.006  0.01   0.012  0.009  0.011  0.007  0.007  0.012],	0,	1,	s23
8,	[ 0.015  0.019  0.015  0.313  0.012  0.009  0.012  0.019  0.02 ],	1,	6,	s14; s30; s27; s24; s31; s16
9,	[ 0.007  0.007  0.007  0.15   0.005  0.002  0.004  0.006  0.005],	0,	2,	s29; s38
10,	[ 0.024  0.022  0.028  0.023  0.025  0.018  0.024  0.02   0.22 ],	1,	4,	s33; s49; s45; s42
11,	[ 0.008  0.007  0.015  0.009  0.006  0.009  0.003  0.002  0.079],	0,	1,	s51
12,	[ 0.007  0.014  0.008  0.005  0.347  0.006  0.009  0.008  0.007],	0,	6,	s6; s5; s40; s36; s19; s10
13,	[ 0.013  0.014  0.011  0.015  0.026  0.006  0.01   0.408  0.005],	1,	8,	s48; s20; s4; s50; s34; s39; s13; s11
14,	[ 0.006  0.002  0.004  0.005  0.009  0.004  0.006  0.217  0.002],	0,	2,	s46; s47
15,	[ 0.007  0.007  0.386  0.018  0.012  0.007  0.007  0.002  0.005],	0,	6,	s9; s8; s3; s2; s12; s15



      /2 /3 /4 /-5
     |
     |--6
     |
     |--7
     |
     |-8 /-9
-0 /1|
     |-10/-11
     |
     |--12
     |
     |-13/-14
     |
      \-15

Number of non-empty nodes in the tree: 15


id, 	 phi, 	 nChildren, 	 nGenes, 	 genes 
0,	[ 1.  1.  1.  1.  1.  1.  1.  1.  1.],	1,	0,	
1,	[ 0.994  0.985  0.99   0.994  0.985  0.993  0.99   0.995  0.994],	8,	2,	s1; s0
2,	[ 0.426  0.401  0.1    0.125  0.134  0.604  0.34   0.13   0.343],	1,	5,	s21; s7; s18; s22; s17
3,	[ 0.259  0.21   0.068  0.085  0.088  0.544  0.196  0.086  0.244],	1,	1,	s25
4,	[ 0.071  0.076  0.024  0.026  0.027  0.429  0.066  0.029  0.063],	1,	4,	s37; s41; s32; s28
5,	[ 0.009  0.01   0.004  0.003  0.001  0.117  0.005  0.009  0.016],	0,	2,	s43; s44
6,	[ 0.005  0.009  0.016  0.006  0.013  0.004  0.168  0.015  0.004],	0,	2,	s26; s35
7,	[ 0.054  0.011  0.012  0.018  0.012  0.005  0.015  0.005  0.009],	0,	1,	s23
8,	[ 0.016  0.022  0.016  0.011  0.019  0.005  0.011  0.43   0.011],	1,	8,	s48; s20; s4; s50; s34; s39; s13; s11
9,	[ 0.007  0.009  0.006  0.003  0.005  0.003  0.007  0.228  0.003],	0,	2,	s46; s47
10,	[ 0.003  0.015  0.003  0.011  0.335  0.004  0.004  0.006  0.004],	0,	6,	s6; s5; s40; s36; s19; s10
11,	[ 0.012  0.01   0.361  0.012  0.008  0.007  0.007  0.007  0.004],	0,	6,	s9; s8; s3; s2; s12; s15
12,	[ 0.022  0.014  0.014  0.326  0.023  0.013  0.019  0.027  0.024],	1,	5,	s14; s24; s27; s30; s16
13,	[ 0.006  0.003  0.002  0.156  0.005  0.005  0.005  0.007  0.009],	0,	3,	s29; s38; s31
14,	[ 0.026  0.026  0.044  0.023  0.029  0.031  0.028  0.024  0.248],	1,	4,	s33; s49; s45; s42
15,	[ 0.011  0.004  0.015  0.011  0.008  0.013  0.004  0.008  0.095],	0,	1,	s51



      /2 /3 /4 /-5
     |
     |--6
     |
     |--7
     |
     |-8 /-9
-0 /1|
     |--10
     |
     |--11
     |
     |-12/-13
     |
      \14/-15

Number of non-empty nodes in the tree: 15


id, 	 phi, 	 nChildren, 	 nGenes, 	 genes 
0,	[ 1.  1.  1.  1.  1.  1.  1.  1.  1.],	1,	0,	
1,	[ 0.989  0.989  0.987  0.984  0.991  0.995  0.995  0.986  0.987],	8,	2,	s1; s0
2,	[ 0.397  0.348  0.119  0.132  0.106  0.567  0.357  0.119  0.412],	1,	5,	s21; s7; s18; s22; s17
3,	[ 0.177  0.169  0.055  0.068  0.074  0.488  0.178  0.062  0.249],	1,	1,	s25
4,	[ 0.045  0.048  0.014  0.015  0.02   0.38   0.07   0.018  0.064],	1,	4,	s37; s41; s32; s28
5,	[ 0.009  0.007  0.003  0.005  0.005  0.082  0.01   0.005  0.019],	0,	2,	s43; s44
6,	[ 0.01   0.005  0.009  0.009  0.014  0.007  0.17   0.005  0.003],	0,	2,	s26; s35
7,	[ 0.06   0.008  0.006  0.01   0.005  0.007  0.006  0.01   0.01 ],	0,	1,	s23
8,	[ 0.013  0.009  0.011  0.009  0.022  0.009  0.01   0.401  0.011],	1,	8,	s48; s20; s4; s50; s34; s39; s13; s11
9,	[ 0.007  0.004  0.005  0.003  0.007  0.003  0.006  0.203  0.005],	0,	2,	s46; s47
10,	[ 0.007  0.01   0.006  0.007  0.354  0.003  0.011  0.006  0.008],	0,	6,	s6; s5; s40; s36; s19; s10
11,	[ 0.003  0.01   0.375  0.01   0.004  0.008  0.005  0.003  0.003],	0,	6,	s9; s8; s3; s2; s12; s15
12,	[ 0.015  0.015  0.014  0.295  0.013  0.012  0.014  0.01   0.013],	1,	6,	s14; s30; s27; s24; s31; s16
13,	[ 0.011  0.011  0.007  0.148  0.007  0.003  0.006  0.004  0.003],	0,	2,	s29; s38
14,	[ 0.031  0.046  0.046  0.032  0.03   0.029  0.04   0.032  0.216],	1,	4,	s33; s49; s45; s42
15,	[ 0.009  0.011  0.008  0.004  0.007  0.009  0.011  0.007  0.069],	0,	1,	s51



      /2 /3 /4 /-5
     |
     |--6
     |
     |--7
     |
     |-8 /-9
-0 /1|
     |--10
     |
     |--11
     |
     |-12/-13
     |
      \14/-15

Number of non-empty nodes in the tree: 15


