43;82;77;57;58;80;56;71	93;87
93;87	93;87_P
93;87	93;87_M5
93;87	93;87_M4
93;87	93;87_M7
93;87	93;87_M6
93;87	93;87_M1
93;87	93;87_M3
93;87	93;87_M2
20;21;26;19;25;13;29;3;2;15;14;6;4	43;82;77;57;58;80;56;71
43;82;77;57;58;80;56;71	43;82;77;57;58;80;56;71_P
43;82;77;57;58;80;56;71	43;82;77;57;58;80;56;71_M5
43;82;77;57;58;80;56;71	43;82;77;57;58;80;56;71_M4
43;82;77;57;58;80;56;71	43;82;77;57;58;80;56;71_M7
43;82;77;57;58;80;56;71	43;82;77;57;58;80;56;71_M6
43;82;77;57;58;80;56;71	43;82;77;57;58;80;56;71_M1
43;82;77;57;58;80;56;71	43;82;77;57;58;80;56;71_M3
43;82;77;57;58;80;56;71	43;82;77;57;58;80;56;71_M2
65	75;40;38;72;42
75;40;38;72;42	75;40;38;72;42_P
75;40;38;72;42	75;40;38;72;42_M5
75;40;38;72;42	75;40;38;72;42_M4
75;40;38;72;42	75;40;38;72;42_M7
75;40;38;72;42	75;40;38;72;42_M6
75;40;38;72;42	75;40;38;72;42_M1
75;40;38;72;42	75;40;38;72;42_M3
75;40;38;72;42	75;40;38;72;42_M2
0	23;31;18;8;28;17;7;30
23;31;18;8;28;17;7;30	23;31;18;8;28;17;7;30_P
23;31;18;8;28;17;7;30	23;31;18;8;28;17;7;30_M5
23;31;18;8;28;17;7;30	23;31;18;8;28;17;7;30_M4
23;31;18;8;28;17;7;30	23;31;18;8;28;17;7;30_M7
23;31;18;8;28;17;7;30	23;31;18;8;28;17;7;30_M6
23;31;18;8;28;17;7;30	23;31;18;8;28;17;7;30_M1
23;31;18;8;28;17;7;30	23;31;18;8;28;17;7;30_M3
23;31;18;8;28;17;7;30	23;31;18;8;28;17;7;30_M2
0	20;21;26;19;25;13;29;3;2;15;14;6;4
20;21;26;19;25;13;29;3;2;15;14;6;4	20;21;26;19;25;13;29;3;2;15;14;6;4_P
20;21;26;19;25;13;29;3;2;15;14;6;4	20;21;26;19;25;13;29;3;2;15;14;6;4_M5
20;21;26;19;25;13;29;3;2;15;14;6;4	20;21;26;19;25;13;29;3;2;15;14;6;4_M4
20;21;26;19;25;13;29;3;2;15;14;6;4	20;21;26;19;25;13;29;3;2;15;14;6;4_M7
20;21;26;19;25;13;29;3;2;15;14;6;4	20;21;26;19;25;13;29;3;2;15;14;6;4_M6
20;21;26;19;25;13;29;3;2;15;14;6;4	20;21;26;19;25;13;29;3;2;15;14;6;4_M1
20;21;26;19;25;13;29;3;2;15;14;6;4	20;21;26;19;25;13;29;3;2;15;14;6;4_M3
20;21;26;19;25;13;29;3;2;15;14;6;4	20;21;26;19;25;13;29;3;2;15;14;6;4_M2
0	81;59;83;22;86;27;24;74;9;12;11;10;16;84;5;33;102;53;52;99
81;59;83;22;86;27;24;74;9;12;11;10;16;84;5;33;102;53;52;99	81;59;83;22;86;27;24;74;9;12;11;10;16;84;5;33;102;53;52;99_P
81;59;83;22;86;27;24;74;9;12;11;10;16;84;5;33;102;53;52;99	81;59;83;22;86;27;24;74;9;12;11;10;16;84;5;33;102;53;52;99_M5
81;59;83;22;86;27;24;74;9;12;11;10;16;84;5;33;102;53;52;99	81;59;83;22;86;27;24;74;9;12;11;10;16;84;5;33;102;53;52;99_M4
81;59;83;22;86;27;24;74;9;12;11;10;16;84;5;33;102;53;52;99	81;59;83;22;86;27;24;74;9;12;11;10;16;84;5;33;102;53;52;99_M7
81;59;83;22;86;27;24;74;9;12;11;10;16;84;5;33;102;53;52;99	81;59;83;22;86;27;24;74;9;12;11;10;16;84;5;33;102;53;52;99_M6
81;59;83;22;86;27;24;74;9;12;11;10;16;84;5;33;102;53;52;99	81;59;83;22;86;27;24;74;9;12;11;10;16;84;5;33;102;53;52;99_M1
81;59;83;22;86;27;24;74;9;12;11;10;16;84;5;33;102;53;52;99	81;59;83;22;86;27;24;74;9;12;11;10;16;84;5;33;102;53;52;99_M3
81;59;83;22;86;27;24;74;9;12;11;10;16;84;5;33;102;53;52;99	81;59;83;22;86;27;24;74;9;12;11;10;16;84;5;33;102;53;52;99_M2
0	65
65	65_P
65	65_M5
65	65_M4
65	65_M7
65	65_M6
65	65_M1
65	65_M3
65	65_M2
0	37;46;39;51;66;49;36;54
37;46;39;51;66;49;36;54	37;46;39;51;66;49;36;54_P
37;46;39;51;66;49;36;54	37;46;39;51;66;49;36;54_M5
37;46;39;51;66;49;36;54	37;46;39;51;66;49;36;54_M4
37;46;39;51;66;49;36;54	37;46;39;51;66;49;36;54_M7
37;46;39;51;66;49;36;54	37;46;39;51;66;49;36;54_M6
37;46;39;51;66;49;36;54	37;46;39;51;66;49;36;54_M1
37;46;39;51;66;49;36;54	37;46;39;51;66;49;36;54_M3
37;46;39;51;66;49;36;54	37;46;39;51;66;49;36;54_M2
GL	0
0	0_P
0	0_M5
0	0_M4
0	0_M7
0	0_M6
0	0_M1
0	0_M3
0	0_M2
32	55;60;44;41;35;48
55;60;44;41;35;48	55;60;44;41;35;48_P
55;60;44;41;35;48	55;60;44;41;35;48_M5
55;60;44;41;35;48	55;60;44;41;35;48_M4
55;60;44;41;35;48	55;60;44;41;35;48_M7
55;60;44;41;35;48	55;60;44;41;35;48_M6
55;60;44;41;35;48	55;60;44;41;35;48_M1
55;60;44;41;35;48	55;60;44;41;35;48_M3
55;60;44;41;35;48	55;60;44;41;35;48_M2
32	50;34;45
50;34;45	50;34;45_P
50;34;45	50;34;45_M5
50;34;45	50;34;45_M4
50;34;45	50;34;45_M7
50;34;45	50;34;45_M6
50;34;45	50;34;45_M1
50;34;45	50;34;45_M3
50;34;45	50;34;45_M2
23;31;18;8;28;17;7;30	32
32	32_P
32	32_M5
32	32_M4
32	32_M7
32	32_M6
32	32_M1
32	32_M3
32	32_M2
63	78
78	78_P
78	78_M5
78	78_M4
78	78_M7
78	78_M6
78	78_M1
78	78_M3
78	78_M2
63	68;94;88
68;94;88	68;94;88_P
68;94;88	68;94;88_M5
68;94;88	68;94;88_M4
68;94;88	68;94;88_M7
68;94;88	68;94;88_M6
68;94;88	68;94;88_M1
68;94;88	68;94;88_M3
68;94;88	68;94;88_M2
55;60;44;41;35;48	63
63	63_P
63	63_M5
63	63_M4
63	63_M7
63	63_M6
63	63_M1
63	63_M3
63	63_M2
78	1;95
1;95	1;95_P
1;95	1;95_M5
1;95	1;95_M4
1;95	1;95_M7
1;95	1;95_M6
1;95	1;95_M1
1;95	1;95_M3
1;95	1;95_M2
