43;82;77;57;58;80;56;71	93;87
93;87	93;87_M2
20;21;26;19;25;13;29;3;2;15;14;6;4	43;82;77;57;58;80;56;71
43;82;77;57;58;80;56;71	43;82;77;57;58;80;56;71_M2
65	75;40;38;72;42
75;40;38;72;42	75;40;38;72;42_M3
0	23;31;18;8;28;17;7;30
23;31;18;8;28;17;7;30	23;31;18;8;28;17;7;30_M5
0	20;21;26;19;25;13;29;3;2;15;14;6;4
20;21;26;19;25;13;29;3;2;15;14;6;4	20;21;26;19;25;13;29;3;2;15;14;6;4_M3
20;21;26;19;25;13;29;3;2;15;14;6;4	20;21;26;19;25;13;29;3;2;15;14;6;4_M2
0	81;59;83;22;86;27;24;74;9;12;11;10;16;84;5;33;102;53;52;99
81;59;83;22;86;27;24;74;9;12;11;10;16;84;5;33;102;53;52;99	81;59;83;22;86;27;24;74;9;12;11;10;16;84;5;33;102;53;52;99_M7
0	65
65	65_M1
0	37;46;39;51;66;49;36;54
37;46;39;51;66;49;36;54	37;46;39;51;66;49;36;54_M5
GL	0
0	0_P
0	0_M5
0	0_M4
0	0_M7
0	0_M6
0	0_M1
0	0_M3
0	0_M2
32	55;60;44;41;35;48
55;60;44;41;35;48	55;60;44;41;35;48_M1
32	50;34;45
50;34;45	50;34;45_M4
23;31;18;8;28;17;7;30	32
32	32_M4
32	32_M5
32	32_P
32	32_M7
32	32_M6
32	32_M1
63	78
78	78_P
63	68;94;88
68;94;88	68;94;88_M6
68;94;88	68;94;88_M1
55;60;44;41;35;48	63
63	63_M4
63	63_M5
63	63_P
63	63_M7
63	63_M6
63	63_M1
78	1;95
1;95	1;95_P
