0	3
3	3_P
0	1;8
1;8	1;8_M4
1;8	1;8_P
1;8	1;8_M3
1;8	1;8_M2
0	62;12;11;10;9;60;57;43;24;22;45;17;16;14;21;18;38;36;29;26;30;56;35;55
62;12;11;10;9;60;57;43;24;22;45;17;16;14;21;18;38;36;29;26;30;56;35;55	62;12;11;10;9;60;57;43;24;22;45;17;16;14;21;18;38;36;29;26;30;56;35;55_M2
0	52;51
52;51	52;51_P
GL	0
0	0_M4
0	0_P
0	0_M1
0	0_M3
0	0_M2
49;20;19;4;47;34;48;32;33;40;46;44	54;53;71
54;53;71	54;53;71_M4
3	49;20;19;4;47;34;48;32;33;40;46;44
49;20;19;4;47;34;48;32;33;40;46;44	49;20;19;4;47;34;48;32;33;40;46;44_P
49;20;19;4;47;34;48;32;33;40;46;44	49;20;19;4;47;34;48;32;33;40;46;44_M1
49;20;19;4;47;34;48;32;33;40;46;44	49;20;19;4;47;34;48;32;33;40;46;44_M4
1;8	15;50;13;39;28;41;27;31;37;42
15;50;13;39;28;41;27;31;37;42	15;50;13;39;28;41;27;31;37;42_M3
1;8	67
63	70;66;58;65
70;66;58;65	70;66;58;65_M3
15;50;13;39;28;41;27;31;37;42	63
