0	3
3	3_M4
3	3_P
3	3_M1
3	3_M3
3	3_M2
0	1;8
1;8	1;8_M4
1;8	1;8_P
1;8	1;8_M1
1;8	1;8_M3
1;8	1;8_M2
0	62;12;11;10;9;60;57;43;24;22;45;17;16;14;21;18;38;36;29;26;30;56;35;55
62;12;11;10;9;60;57;43;24;22;45;17;16;14;21;18;38;36;29;26;30;56;35;55	62;12;11;10;9;60;57;43;24;22;45;17;16;14;21;18;38;36;29;26;30;56;35;55_M4
62;12;11;10;9;60;57;43;24;22;45;17;16;14;21;18;38;36;29;26;30;56;35;55	62;12;11;10;9;60;57;43;24;22;45;17;16;14;21;18;38;36;29;26;30;56;35;55_P
62;12;11;10;9;60;57;43;24;22;45;17;16;14;21;18;38;36;29;26;30;56;35;55	62;12;11;10;9;60;57;43;24;22;45;17;16;14;21;18;38;36;29;26;30;56;35;55_M1
62;12;11;10;9;60;57;43;24;22;45;17;16;14;21;18;38;36;29;26;30;56;35;55	62;12;11;10;9;60;57;43;24;22;45;17;16;14;21;18;38;36;29;26;30;56;35;55_M3
62;12;11;10;9;60;57;43;24;22;45;17;16;14;21;18;38;36;29;26;30;56;35;55	62;12;11;10;9;60;57;43;24;22;45;17;16;14;21;18;38;36;29;26;30;56;35;55_M2
0	52;51
52;51	52;51_M4
52;51	52;51_P
52;51	52;51_M1
52;51	52;51_M3
52;51	52;51_M2
GL	0
0	0_M4
0	0_P
0	0_M1
0	0_M3
0	0_M2
49;20;19;4;47;34;48;32;33;40;46;44	54;53;71
54;53;71	54;53;71_M4
54;53;71	54;53;71_P
54;53;71	54;53;71_M1
54;53;71	54;53;71_M3
54;53;71	54;53;71_M2
3	49;20;19;4;47;34;48;32;33;40;46;44
49;20;19;4;47;34;48;32;33;40;46;44	49;20;19;4;47;34;48;32;33;40;46;44_M4
49;20;19;4;47;34;48;32;33;40;46;44	49;20;19;4;47;34;48;32;33;40;46;44_P
49;20;19;4;47;34;48;32;33;40;46;44	49;20;19;4;47;34;48;32;33;40;46;44_M1
49;20;19;4;47;34;48;32;33;40;46;44	49;20;19;4;47;34;48;32;33;40;46;44_M3
49;20;19;4;47;34;48;32;33;40;46;44	49;20;19;4;47;34;48;32;33;40;46;44_M2
1;8	15;50;13;39;28;41;27;31;37;42
15;50;13;39;28;41;27;31;37;42	15;50;13;39;28;41;27;31;37;42_M4
15;50;13;39;28;41;27;31;37;42	15;50;13;39;28;41;27;31;37;42_P
15;50;13;39;28;41;27;31;37;42	15;50;13;39;28;41;27;31;37;42_M1
15;50;13;39;28;41;27;31;37;42	15;50;13;39;28;41;27;31;37;42_M3
15;50;13;39;28;41;27;31;37;42	15;50;13;39;28;41;27;31;37;42_M2
1;8	67
67	67_M4
67	67_P
67	67_M1
67	67_M3
67	67_M2
63	70;66;58;65
70;66;58;65	70;66;58;65_M4
70;66;58;65	70;66;58;65_P
70;66;58;65	70;66;58;65_M1
70;66;58;65	70;66;58;65_M3
70;66;58;65	70;66;58;65_M2
15;50;13;39;28;41;27;31;37;42	63
63	63_M4
63	63_P
63	63_M1
63	63_M3
63	63_M2
