1	68;48;71;4
68;48;71;4	68;48;71;4_P
16;22;23;28;31;12	47
47	47_M2
0	15;8;3;2;13;11
15;8;3;2;13;11	15;8;3;2;13;11_M5
15;8;3;2;13;11	15;8;3;2;13;11_P
15;8;3;2;13;11	15;8;3;2;13;11_M7
15;8;3;2;13;11	15;8;3;2;13;11_M6
15;8;3;2;13;11	15;8;3;2;13;11_M1
15;8;3;2;13;11	15;8;3;2;13;11_M3
0	6
6	6_M4
6	6_P
6	6_M2
0	16;22;23;28;31;12
16;22;23;28;31;12	16;22;23;28;31;12_M2
0	73;72;61;67;46
73;72;61;67;46	73;72;61;67;46_M7
0	56;32
56;32	56;32_M6
0	5
5	5_P
GL	0
0	0_P
0	0_M5
0	0_M4
0	0_M7
0	0_M6
0	0_M1
0	0_M3
0	0_M2
38;33;20	30;36
30;36	30;36_P
30;36	30;36_M5
30;36	30;36_M4
30;36	30;36_M7
30;36	30;36_M6
30;36	30;36_M1
30;36	30;36_M3
30;36	30;36_M2
15;8;3;2;13;11	38;33;20
38;33;20	38;33;20_M6
15;8;3;2;13;11	44;55;24;25;27;43;41
44;55;24;25;27;43;41	44;55;24;25;27;43;41_M5
30;36	58
58	58_M3
30;36	40
40	40_M1
30;36	14;9;35;34;7;26;29;37;39;18;10;17
14;9;35;34;7;26;29;37;39;18;10;17	14;9;35;34;7;26;29;37;39;18;10;17_M4
6	1
1	1_P
1	1_M4
