1	68;48;71;4
68;48;71;4	68;48;71;4_P
68;48;71;4	68;48;71;4_M1
68;48;71;4	68;48;71;4_M4
16;22;23;28;31;12	47
47	47_P
47	47_M2
0	15;8;3;2;13;11
15;8;3;2;13;11	15;8;3;2;13;11_P
15;8;3;2;13;11	15;8;3;2;13;11_M5
15;8;3;2;13;11	15;8;3;2;13;11_M4
15;8;3;2;13;11	15;8;3;2;13;11_M7
15;8;3;2;13;11	15;8;3;2;13;11_M6
15;8;3;2;13;11	15;8;3;2;13;11_M1
15;8;3;2;13;11	15;8;3;2;13;11_M3
15;8;3;2;13;11	15;8;3;2;13;11_M2
0	6
6	6_P
6	6_M5
6	6_M4
6	6_M7
6	6_M6
6	6_M1
6	6_M3
6	6_M2
0	16;22;23;28;31;12
16;22;23;28;31;12	16;22;23;28;31;12_M4
16;22;23;28;31;12	16;22;23;28;31;12_P
16;22;23;28;31;12	16;22;23;28;31;12_M6
16;22;23;28;31;12	16;22;23;28;31;12_M3
16;22;23;28;31;12	16;22;23;28;31;12_M2
0	73;72;61;67;46
73;72;61;67;46	73;72;61;67;46_M4
73;72;61;67;46	73;72;61;67;46_P
73;72;61;67;46	73;72;61;67;46_M7
73;72;61;67;46	73;72;61;67;46_M2
0	56;32
56;32	56;32_M5
56;32	56;32_P
56;32	56;32_M6
56;32	56;32_M1
56;32	56;32_M4
0	5
5	5_M5
5	5_P
5	5_M7
5	5_M6
GL	0
0	0_P
0	0_M5
0	0_M4
0	0_M7
0	0_M6
0	0_M1
0	0_M3
0	0_M2
38;33;20	30;36
30;36	30;36_P
30;36	30;36_M5
30;36	30;36_M4
30;36	30;36_M7
30;36	30;36_M6
30;36	30;36_M1
30;36	30;36_M3
30;36	30;36_M2
15;8;3;2;13;11	38;33;20
38;33;20	38;33;20_M5
38;33;20	38;33;20_P
38;33;20	38;33;20_M7
38;33;20	38;33;20_M6
38;33;20	38;33;20_M1
38;33;20	38;33;20_M3
15;8;3;2;13;11	44;55;24;25;27;43;41
44;55;24;25;27;43;41	44;55;24;25;27;43;41_M5
44;55;24;25;27;43;41	44;55;24;25;27;43;41_P
44;55;24;25;27;43;41	44;55;24;25;27;43;41_M6
44;55;24;25;27;43;41	44;55;24;25;27;43;41_M1
30;36	58
58	58_P
58	58_M7
58	58_M6
58	58_M1
58	58_M3
30;36	40
40	40_M5
40	40_P
40	40_M7
40	40_M6
40	40_M1
40	40_M3
30;36	14;9;35;34;7;26;29;37;39;18;10;17
14;9;35;34;7;26;29;37;39;18;10;17	14;9;35;34;7;26;29;37;39;18;10;17_M4
6	1
1	1_P
1	1_M5
1	1_M4
1	1_M7
1	1_M6
1	1_M1
1	1_M3
1	1_M2
