id, 	 phi, 	 nChildren, 	 nGenes, 	 genes 
0,	[ 1.  1.  1.  1.  1.  1.  1.  1.  1.],	1,	0,	
1,	[ 0.954  0.991  0.994  0.994  0.99   0.982  0.991  0.991  0.992],	6,	1,	s0
2,	[ 0.05   0.007  0.006  0.007  0.007  0.009  0.011  0.012  0.011],	0,	1,	s5
3,	[ 0.173  0.419  0.692  0.139  0.695  0.295  0.688  0.515  0.571],	2,	6,	s15; s8; s3; s2; s13; s11
4,	[ 0.113  0.359  0.599  0.101  0.637  0.262  0.158  0.367  0.499],	1,	3,	s36; s31; s19
5,	[ 0.101  0.339  0.586  0.094  0.613  0.255  0.136  0.335  0.471],	3,	2,	s28; s34
6,	[ 0.003  0.014  0.022  0.003  0.179  0.006  0.005  0.017  0.036],	0,	1,	s47
7,	[ 0.004  0.008  0.008  0.004  0.004  0.18   0.003  0.006  0.006],	0,	12,	s14; s9; s33; s32; s7; s24; s27; s35; s37; s18; s10; s17
8,	[ 0.006  0.021  0.12   0.007  0.035  0.006  0.013  0.014  0.017],	0,	1,	s38
9,	[ 0.005  0.012  0.02   0.007  0.005  0.005  0.479  0.016  0.01 ],	0,	7,	s41; s45; s22; s23; s25; s40; s39
10,	[ 0.027  0.017  0.012  0.457  0.014  0.024  0.011  0.02   0.01 ],	1,	6,	s16; s20; s21; s26; s29; s12
11,	[ 0.013  0.004  0.004  0.144  0.003  0.009  0.003  0.006  0.003],	0,	1,	s43
12,	[ 0.006  0.016  0.006  0.011  0.006  0.011  0.009  0.005  0.185],	0,	5,	s53; s52; s48; s49; s42
13,	[ 0.016  0.01   0.02   0.008  0.004  0.019  0.011  0.155  0.004],	0,	2,	s46; s30
14,	[ 0.171  0.221  0.085  0.103  0.07   0.221  0.062  0.074  0.05 ],	1,	1,	s6
15,	[ 0.11   0.191  0.043  0.052  0.053  0.154  0.045  0.04   0.027],	1,	1,	s1
16,	[ 0.024  0.122  0.01   0.007  0.004  0.013  0.006  0.003  0.006],	0,	4,	s50; s44; s51; s4



      /-2
     |
     |         /-6
     |        |
     |   /4 /5|--7
     |  |     |
     |-3|      \-8
     |  |
-0 /1|   \-9
     |
     |-10/-11
     |
     |--12
     |
     |--13
     |
      \14/15/-16

Number of non-empty nodes in the tree: 16


id, 	 phi, 	 nChildren, 	 nGenes, 	 genes 
0,	[ 1.  1.  1.  1.  1.  1.  1.  1.  1.],	1,	0,	
1,	[ 0.964  0.996  0.993  0.995  0.992  0.981  0.991  0.993  0.99 ],	6,	1,	s0
2,	[ 0.044  0.005  0.003  0.006  0.011  0.019  0.009  0.01   0.006],	0,	1,	s5
3,	[ 0.147  0.432  0.675  0.138  0.696  0.308  0.682  0.497  0.573],	2,	6,	s15; s8; s3; s2; s13; s11
4,	[ 0.101  0.355  0.586  0.099  0.624  0.266  0.15   0.347  0.504],	3,	5,	s28; s34; s36; s31; s19
5,	[ 0.003  0.013  0.026  0.007  0.193  0.01   0.005  0.027  0.035],	0,	1,	s47
6,	[ 0.005  0.005  0.01   0.004  0.003  0.171  0.004  0.005  0.005],	0,	12,	s14; s9; s33; s32; s7; s24; s27; s35; s37; s18; s10; s17
7,	[ 0.006  0.017  0.114  0.008  0.024  0.004  0.009  0.01   0.017],	0,	1,	s38
8,	[ 0.004  0.013  0.02   0.005  0.003  0.003  0.485  0.017  0.009],	0,	7,	s41; s45; s22; s23; s25; s40; s39
9,	[ 0.027  0.013  0.015  0.445  0.015  0.025  0.012  0.021  0.005],	1,	6,	s16; s20; s21; s26; s29; s12
10,	[ 0.013  0.005  0.006  0.159  0.006  0.012  0.003  0.006  0.002],	0,	1,	s43
11,	[ 0.014  0.008  0.015  0.012  0.005  0.012  0.01   0.167  0.008],	0,	2,	s46; s30
12,	[ 0.17   0.208  0.079  0.101  0.064  0.227  0.063  0.069  0.049],	1,	1,	s6
13,	[ 0.101  0.176  0.04   0.053  0.048  0.152  0.048  0.039  0.032],	1,	1,	s1
14,	[ 0.02   0.114  0.008  0.01   0.007  0.012  0.006  0.001  0.007],	0,	4,	s50; s44; s51; s4
15,	[ 0.007  0.013  0.004  0.013  0.007  0.007  0.009  0.004  0.183],	0,	5,	s53; s52; s48; s49; s42



      /-2
     |
     |      /-5
     |     |
     |   /4|--6
     |  |  |
     |-3|   \-7
     |  |
-0 /1|   \-8
     |
     |-9 /-10
     |
     |--11
     |
     |-12/13/-14
     |
      \-15

Number of non-empty nodes in the tree: 15


id, 	 phi, 	 nChildren, 	 nGenes, 	 genes 
0,	[ 1.  1.  1.  1.  1.  1.  1.  1.  1.],	1,	0,	
1,	[ 0.99   0.99   0.996  0.988  0.99   0.986  0.995  0.985  0.996],	6,	1,	s0
2,	[ 0.167  0.365  0.627  0.124  0.683  0.305  0.67   0.494  0.523],	2,	6,	s15; s8; s3; s2; s13; s11
3,	[ 0.101  0.313  0.538  0.097  0.631  0.256  0.106  0.346  0.443],	1,	4,	s28; s34; s36; s19
4,	[ 0.093  0.291  0.517  0.088  0.601  0.251  0.093  0.309  0.418],	3,	1,	s31
5,	[ 0.005  0.016  0.022  0.003  0.211  0.008  0.006  0.011  0.017],	0,	1,	s47
6,	[ 0.009  0.005  0.002  0.002  0.007  0.172  0.004  0.007  0.012],	0,	12,	s14; s9; s33; s32; s7; s24; s27; s35; s37; s18; s10; s17
7,	[ 0.006  0.018  0.134  0.009  0.038  0.002  0.006  0.017  0.029],	0,	1,	s38
8,	[ 0.012  0.006  0.011  0.002  0.006  0.014  0.506  0.009  0.017],	0,	7,	s41; s45; s22; s23; s25; s40; s39
9,	[ 0.019  0.021  0.013  0.452  0.018  0.023  0.013  0.014  0.015],	1,	6,	s16; s20; s21; s26; s29; s12
10,	[ 0.006  0.007  0.005  0.252  0.008  0.01   0.005  0.005  0.01 ],	0,	1,	s43
11,	[ 0.015  0.006  0.003  0.016  0.004  0.008  0.011  0.01   0.206],	0,	5,	s53; s52; s48; s49; s42
12,	[ 0.007  0.011  0.021  0.012  0.012  0.011  0.006  0.163  0.007],	0,	2,	s46; s30
13,	[ 0.211  0.21   0.076  0.086  0.066  0.277  0.058  0.071  0.058],	1,	1,	s6
14,	[ 0.115  0.15   0.038  0.029  0.028  0.126  0.028  0.033  0.027],	1,	1,	s1
15,	[ 0.011  0.113  0.011  0.009  0.003  0.012  0.004  0.003  0.006],	0,	4,	s50; s44; s51; s4
16,	[ 0.064  0.01   0.005  0.01   0.004  0.01   0.021  0.007  0.006],	0,	1,	s5



               /-5
              |
         /3 /4|--6
        |     |
      /2|      \-7
     |  |
     |   \-8
     |
     |-9 /-10
     |
-0 /1|--11
     |
     |--12
     |
     |-13/14/-15
     |
      \-16

Number of non-empty nodes in the tree: 16


id, 	 phi, 	 nChildren, 	 nGenes, 	 genes 
0,	[ 1.  1.  1.  1.  1.  1.  1.  1.  1.],	1,	0,	
1,	[ 0.964  0.994  0.995  0.993  0.995  0.976  0.993  0.99   0.988],	6,	1,	s0
2,	[ 0.053  0.014  0.009  0.011  0.01   0.018  0.008  0.008  0.005],	0,	1,	s5
3,	[ 0.187  0.406  0.67   0.161  0.715  0.337  0.699  0.498  0.573],	2,	6,	s15; s8; s3; s2; s13; s11
4,	[ 0.131  0.336  0.6    0.12   0.655  0.298  0.148  0.34   0.512],	3,	5,	s28; s34; s36; s31; s19
5,	[ 0.006  0.008  0.027  0.009  0.203  0.004  0.004  0.032  0.029],	0,	1,	s47
6,	[ 0.005  0.009  0.009  0.004  0.004  0.195  0.003  0.007  0.003],	0,	12,	s14; s9; s33; s32; s7; s24; s27; s35; s37; s18; s10; s17
7,	[ 0.003  0.02   0.147  0.006  0.02   0.004  0.007  0.012  0.024],	0,	1,	s38
8,	[ 0.004  0.007  0.014  0.004  0.003  0.002  0.484  0.011  0.006],	0,	7,	s41; s45; s22; s23; s25; s40; s39
9,	[ 0.024  0.018  0.013  0.421  0.013  0.026  0.014  0.015  0.009],	1,	6,	s16; s20; s21; s26; s29; s12
10,	[ 0.009  0.007  0.003  0.153  0.003  0.006  0.006  0.005  0.004],	0,	1,	s43
11,	[ 0.01   0.007  0.022  0.01   0.008  0.019  0.011  0.142  0.011],	0,	2,	s46; s30
12,	[ 0.204  0.227  0.077  0.093  0.059  0.199  0.055  0.082  0.053],	1,	1,	s6
13,	[ 0.132  0.195  0.044  0.051  0.043  0.138  0.04   0.051  0.03 ],	1,	1,	s1
14,	[ 0.014  0.132  0.002  0.01   0.003  0.011  0.007  0.002  0.005],	0,	4,	s50; s44; s51; s4
15,	[ 0.014  0.006  0.008  0.008  0.005  0.004  0.006  0.004  0.178],	0,	5,	s53; s52; s48; s49; s42



      /-2
     |
     |      /-5
     |     |
     |   /4|--6
     |  |  |
     |-3|   \-7
     |  |
-0 /1|   \-8
     |
     |-9 /-10
     |
     |--11
     |
     |-12/13/-14
     |
      \-15

Number of non-empty nodes in the tree: 15


id, 	 phi, 	 nChildren, 	 nGenes, 	 genes 
0,	[ 1.  1.  1.  1.  1.  1.  1.  1.  1.],	1,	0,	
1,	[ 0.959  0.989  0.996  0.993  0.988  0.985  0.986  0.993  0.989],	6,	1,	s0
2,	[ 0.052  0.008  0.008  0.006  0.01   0.01   0.009  0.008  0.008],	0,	1,	s5
3,	[ 0.18   0.411  0.689  0.139  0.685  0.31   0.699  0.508  0.576],	2,	6,	s15; s8; s3; s2; s13; s11
4,	[ 0.121  0.35   0.592  0.096  0.624  0.275  0.172  0.379  0.505],	1,	2,	s28; s19
5,	[ 0.11   0.331  0.581  0.093  0.596  0.272  0.152  0.344  0.472],	3,	3,	s34; s36; s31
6,	[ 0.005  0.016  0.021  0.004  0.17   0.005  0.004  0.016  0.041],	0,	1,	s47
7,	[ 0.004  0.007  0.009  0.004  0.003  0.193  0.003  0.007  0.002],	0,	12,	s14; s9; s33; s32; s7; s24; s27; s35; s37; s18; s10; s17
8,	[ 0.006  0.018  0.109  0.004  0.038  0.007  0.013  0.017  0.016],	0,	1,	s38
9,	[ 0.004  0.011  0.018  0.008  0.006  0.005  0.475  0.017  0.008],	0,	7,	s41; s45; s22; s23; s25; s40; s39
10,	[ 0.03   0.022  0.015  0.451  0.014  0.028  0.014  0.025  0.012],	1,	6,	s16; s20; s21; s26; s29; s12
11,	[ 0.012  0.01   0.006  0.191  0.003  0.01   0.004  0.012  0.005],	0,	1,	s43
12,	[ 0.005  0.01   0.009  0.01   0.007  0.01   0.009  0.007  0.172],	0,	5,	s53; s52; s48; s49; s42
13,	[ 0.018  0.013  0.016  0.011  0.004  0.02   0.007  0.166  0.004],	0,	2,	s46; s30
14,	[ 0.173  0.223  0.082  0.099  0.075  0.217  0.058  0.084  0.052],	1,	1,	s6
15,	[ 0.105  0.186  0.048  0.052  0.057  0.155  0.038  0.053  0.034],	1,	1,	s1
16,	[ 0.018  0.123  0.014  0.007  0.006  0.011  0.006  0.008  0.006],	0,	4,	s50; s44; s51; s4



      /-2
     |
     |         /-6
     |        |
     |   /4 /5|--7
     |  |     |
     |-3|      \-8
     |  |
-0 /1|   \-9
     |
     |-10/-11
     |
     |--12
     |
     |--13
     |
      \14/15/-16

Number of non-empty nodes in the tree: 16


