Chromosome	Position	Change	Gene	breast_0	adrenal_0	liver_0	lung_0	spinal_0
1	110359957	X>Y	AHCYL1	4	2	20	0	0
6	48902663	X>Y	ENSG00000221175	0	27	0	1	0
6	49276467	X>Y	-	1	0	0	0	17
6	50173697	X>Y	DEFB112	0	0	0	0	30
6	50179508	X>Y	-	0	26	0	0	0
6	50519104	X>Y	-	18	76	81	4	0
6	50534952	X>Y	-	41	0	0	15	24
6	50568504	X>Y	-	47	0	0	23	0
6	50909762	X>Y	TFAP2B	47	0	0	2	0
6	51288265	X>Y	-	0	0	0	0	34
6	53035144	X>Y	ICK	5	48	19	1	0
6	55918529	X>Y	ENSG00000214604	11	32	127	5	2
6	57180847	X>Y	RAB23	34	0	0	18	30
6	58602457	X>Y	LOC727842	5	27	20	0	0
6	96859305	X>Y	ENSG00000223167	11	77	92	2	2
6	97417052	X>Y	GPR63	52	0	0	12	23
6	97473303	X>Y	KLHL32	0	0	0	0	26
6	97912586	X>Y	-	0	0	21	0	0
6	98144517	X>Y	-	4	35	53	1	0
6	99123934	X>Y	-	12	33	47	2	1
6	99144022	X>Y	-	42	1	1	29	2
6	100130338	X>Y	ENSG00000219755	30	0	0	19	32
6	101334520	X>Y	ASCC3	28	0	0	11	9
6	102992907	X>Y	LOC100132919	0	0	0	0	24
6	103034674	X>Y	LOC100132919	25	0	0	20	12
6	103399899	X>Y	-	1	12	14	0	2
6	103477515	X>Y	-	12	63	76	3	3
6	103604780	X>Y	ENSG00000217120	5	17	34	0	0
6	103810336	X>Y	-	45	0	0	17	23
6	104027186	X>Y	-	0	0	0	2	32
6	117127430	X>Y	KPNA5	63	0	0	34	45
6	117752227	X>Y	ROS1	45	0	0	22	0
6	118310721	X>Y	SLC35F1	55	0	1	30	1
6	119480716	X>Y	FAM184A	57	0	0	18	39
6	119610996	X>Y	MAN1A1	0	0	0	0	27
6	119817960	X>Y	-	4	40	62	0	0
6	120890851	X>Y	ENSG00000206857	2	0	18	0	0
6	121308670	X>Y	-	6	0	120	0	0
6	122215854	X>Y	ENSG00000220184	5	36	40	1	0
6	123538582	X>Y	TRDN	6	0	83	0	0
6	124021182	X>Y	TRDN	0	0	0	0	52
6	129508904	X>Y	LAMA2	7	27	46	2	0
6	130021483	X>Y	ARHGAP18	34	0	0	20	35
6	130937388	X>Y	ENSG00000202438	0	27	0	0	0
6	131730938	X>Y	-	9	34	36	4	0
6	132075413	X>Y	ENPP3	24	0	0	0	0
6	132319804	X>Y	LOC100131774	1	33	0	0	0
6	141812628	X>Y	LOC729076	59	0	0	36	37
6	142312187	X>Y	-	4	18	47	1	0
6	144496653	X>Y	STX11	38	0	0	23	31
6	144924303	X>Y	UTRN	0	1	0	0	22
6	145323291	X>Y	-	0	35	0	0	0
6	145591500	X>Y	-	6	0	76	0	0
6	145717562	X>Y	ENSG00000221796	6	0	40	0	0
7	2798617	X>Y	GNA12	26	0	0	14	35
7	3768336	X>Y	SDK1	0	0	0	0	47
7	3882114	X>Y	SDK1	0	44	0	0	0
7	7439179	X>Y	COL28A1	0	0	0	0	44
7	8478845	X>Y	NXPH1	0	0	0	1	38
7	8765760	X>Y	NXPH1	0	2	0	0	24
7	9237639	X>Y	-	5	0	26	1	0
7	9812796	X>Y	LOC340268	0	0	0	0	29
9	72590416	X>Y	TRPM3	7	40	71	2	0
9	76957621	X>Y	ENSG00000212316	4	33	45	1	0
9	77620839	X>Y	-	65	1	0	41	1
9	78648387	X>Y	PRUNE2	36	0	0	18	16
9	78768991	X>Y	ENSG00000220243	46	0	0	19	43
9	79055566	X>Y	VPS13A	0	47	0	0	0
9	79451567	X>Y	GNA14	42	0	0	30	46
9	79928379	X>Y	ENSG00000222452	0	0	0	0	15
9	82200493	X>Y	ENSG00000218777	12	22	72	0	0
9	83267462	X>Y	ENSG00000217894	0	0	0	0	31
9	83417270	X>Y	TLE1	8	38	47	1	0
9	87569416	X>Y	LOC100129901	9	0	33	0	0
9	88816952	X>Y	ENSG00000186882	55	0	0	22	39
9	90860126	X>Y	SHC3	33	0	0	20	26
9	93339819	X>Y	ROR2	0	41	0	0	0
9	97892203	X>Y	ENSG00000201938	23	0	0	8	1
9	99878405	X>Y	TRIM14	0	0	0	0	44
9	100276456	X>Y	GABBR2	34	2	0	8	20
9	101815469	X>Y	ERP44	60	0	0	34	61
9	101950362	X>Y	INVS	32	28	87	19	29
9	102564991	X>Y	ENSG00000219293	34	0	0	19	0
9	103356303	X>Y	RNF20	0	0	0	0	44
9	105709515	X>Y	-	0	0	0	0	53
9	105790749	X>Y	-	46	1	0	29	0
9	105825009	X>Y	-	48	32	113	20	34
9	107431799	X>Y	FKTN	53	0	0	49	53
9	108142026	X>Y	-	24	0	0	18	23
9	110136656	X>Y	ENSG00000222512	0	1	0	0	21
9	110925162	X>Y	C9orf5	50	0	0	0	0
9	111851665	X>Y	PALM2-AKAP2	0	43	0	0	0
9	116561273	X>Y	LOC100129633	35	0	0	0	0
9	116716911	X>Y	TNFSF8	55	53	58	39	36
9	117468997	X>Y	-	7	62	159	0	0
9	118381668	X>Y	ASTN2	6	39	39	0	0
9	118892426	X>Y	ASTN2	60	0	1	23	57
9	119906713	X>Y	LOC389787	30	0	0	20	1
9	119966859	X>Y	-	28	0	0	15	22
9	121221226	X>Y	DBC1	13	37	72	1	0
10	29461916	X>Y	-	0	31	1	1	0
10	29919312	X>Y	SVIL	0	30	0	0	0
10	30169005	X>Y	-	53	1	0	29	52
10	32654300	X>Y	EPC1	44	0	0	14	0
10	33920504	X>Y	-	40	0	0	22	3
10	33978032	X>Y	-	37	0	0	14	2
10	34419015	X>Y	PARD3	31	0	0	0	0
10	34419041	X>Y	PARD3	0	1	1	0	39
10	34647328	X>Y	PARD3	0	34	1	0	0
10	36464896	X>Y	-	12	62	72	1	1
10	37680767	X>Y	LOC646360	7	30	38	0	0
10	43989381	X>Y	-	63	0	0	14	44
10	52157626	X>Y	LOC653895	8	25	18	1	0
10	52263467	X>Y	A1CF	64	2	0	24	1
10	54329123	X>Y	ENSG00000201196	0	0	0	0	40
10	55990127	X>Y	PCDH15	1	0	28	0	0
10	56286085	X>Y	PCDH15	1	0	0	3	26
10	56493989	X>Y	PCDH15	0	23	0	0	0
10	56698159	X>Y	PCDH15	2	19	33	1	0
10	56960415	X>Y	PCDH15	40	0	0	22	23
10	57030481	X>Y	PCDH15	12	64	51	0	0
10	57689541	X>Y	-	54	0	2	37	1
10	57944469	X>Y	-	26	0	0	5	0
10	57955358	X>Y	-	32	0	0	21	38
10	58187546	X>Y	-	1	0	32	0	0
10	58639860	X>Y	-	3	13	42	0	0
10	58963125	X>Y	ENSG00000218583	9	28	51	1	0
10	59261669	X>Y	-	4	35	53	2	0
10	60728325	X>Y	FAM13C	15	129	65	0	0
10	62934765	X>Y	-	3	15	18	0	0
10	66289693	X>Y	ANXA2P3	0	0	0	0	22
10	66289971	X>Y	ANXA2P3	5	23	21	1	0
10	66422894	X>Y	-	42	0	0	22	0
10	66554900	X>Y	ENSG00000219154	4	0	32	0	0
10	67259978	X>Y	-	42	0	1	27	37
10	67522524	X>Y	CTNNA3	9	38	41	0	0
10	70445764	X>Y	KIAA1279	0	1	0	0	40
10	71255829	X>Y	COL13A1	34	0	0	18	0
10	71632452	X>Y	SAR1A	0	0	0	0	26
10	73230224	X>Y	CDH23	39	0	0	0	0
10	75747164	X>Y	ADK	42	0	1	29	42
10	84237719	X>Y	NRG3	2	24	32	0	0
10	84904764	X>Y	-	0	33	1	0	0
10	84909021	X>Y	-	10	0	47	0	0
10	85037579	X>Y	LOC728027	1	22	50	0	0
10	85385165	X>Y	LOC728050	2	43	35	0	0
10	86683874	X>Y	-	5	106	160	3	0
10	87497692	X>Y	GRID1	4	34	77	1	0
10	87785576	X>Y	GRID1	42	0	0	19	31
10	89525467	X>Y	ATAD1	0	0	0	0	37
10	91253403	X>Y	SLC16A12	4	31	48	1	0
10	92437193	X>Y	ENSG00000197911	0	40	0	0	0
10	92678250	X>Y	ANKRD1	3	0	41	0	0
10	95991906	X>Y	PLCE1	3	42	25	1	0
10	96954888	X>Y	C10orf129	9	26	28	0	0
10	97714894	X>Y	LOC100130696	3	0	59	0	0
10	98841741	X>Y	SLIT1	0	56	0	0	1
10	98963266	X>Y	SLIT1	53	90	74	36	41
10	101107797	X>Y	CNNM1	0	0	0	1	22
10	102226253	X>Y	WNT8B	0	44	0	0	0
10	103185549	X>Y	BTRC	6	30	32	3	0
10	103851083	X>Y	PPRC1	10	106	69	2	1
10	105029604	X>Y	INA	14	113	46	4	0
10	108403050	X>Y	SORCS1	51	1	0	24	1
10	109260503	X>Y	ENSG00000200079	1	0	0	0	17
10	109684059	X>Y	LOC100128304	7	54	77	0	0
10	110011608	X>Y	ENSG00000217870	0	0	0	0	27
10	110054257	X>Y	ENSG00000217870	37	0	0	29	0
10	110299526	X>Y	-	10	0	29	0	0
10	110441149	X>Y	-	7	0	27	0	0
10	110505831	X>Y	-	0	0	0	0	29
10	110512707	X>Y	-	48	0	1	0	0
10	110710074	X>Y	ENSG00000222436	56	0	2	24	2
10	111440844	X>Y	LOC100132843	10	103	96	3	0
10	117497577	X>Y	ATRNL1	57	0	2	36	0
10	117941181	X>Y	GFRA1	31	0	1	14	22
10	118904382	X>Y	KCNK18	0	0	0	0	17
10	119809535	X>Y	CASC2	3	36	64	0	0
10	120345140	X>Y	PRLHR	27	0	0	9	30
10	120608275	X>Y	LOC729340	6	0	35	0	0
10	121672136	X>Y	SEC23IP	14	97	74	1	1
10	123142748	X>Y	ENSG00000222979	9	48	42	1	0
10	123176990	X>Y	ENSG00000222979	7	89	91	3	0
10	124594542	X>Y	CUZD1	31	0	0	20	21
10	128306852	X>Y	-	1	0	0	0	16
10	129930864	X>Y	-	3	32	41	1	0
10	129995611	X>Y	-	8	48	17	0	0
10	130217114	X>Y	-	0	0	0	1	50
10	130230535	X>Y	-	38	0	0	17	0
10	130355724	X>Y	-	7	19	39	0	0
10	131089946	X>Y	-	6	32	17	0	0
10	132896117	X>Y	TCERG1L	25	0	0	14	29
10	134354633	X>Y	INPP5A	11	96	51	6	0
11	21127304	X>Y	NELL1	35	0	2	24	0
11	21612687	X>Y	-	0	0	0	0	32
11	21728969	X>Y	-	0	19	2	0	1
11	23115916	X>Y	-	0	2	0	0	31
11	23740966	X>Y	ENSG00000213742	47	1	0	4	0
11	40229086	X>Y	LRRC4C	4	37	27	0	0
11	40432908	X>Y	-	38	0	1	20	0
11	40628227	X>Y	-	44	0	0	0	0
11	40993183	X>Y	-	7	34	47	1	0
11	41006427	X>Y	-	1	16	21	0	0
11	41306602	X>Y	LOC729901	12	72	107	0	0
11	41595795	X>Y	-	0	25	0	0	0
11	57818048	X>Y	OR10W1	26	0	0	20	31
11	59495943	X>Y	ENSG00000214788	3	27	21	0	0
11	61666104	X>Y	INCENP	3	50	17	1	0
11	81008903	X>Y	-	7	17	21	3	0
11	81013414	X>Y	-	3	40	38	0	0
11	81013867	X>Y	-	13	39	49	0	0
11	82237372	X>Y	PRCP	21	0	0	10	25
11	83285209	X>Y	DLG2	0	0	0	0	19
11	83652317	X>Y	DLG2	0	0	0	0	28
11	83658548	X>Y	DLG2	52	0	0	31	2
11	83660465	X>Y	DLG2	49	1	0	30	30
12	126641560	X>Y	LOC644489	5	38	23	0	1
12	126730170	X>Y	LOC644489	24	1	0	11	0
12	126845541	X>Y	-	6	25	42	1	1
12	126853896	X>Y	-	0	0	0	0	15
12	126933980	X>Y	-	65	2	0	34	42
12	127279792	X>Y	-	11	44	75	2	0
12	127478127	X>Y	-	4	1	31	0	0
12	127553074	X>Y	-	2	0	16	0	0
12	127741648	X>Y	TMEM132C	50	0	0	0	0
12	128113143	X>Y	TMEM132D	44	1	0	25	1
12	128268516	X>Y	TMEM132D	1	0	0	0	26
12	128320409	X>Y	TMEM132D	4	0	39	0	0
12	128358480	X>Y	TMEM132D	12	60	58	1	1
12	128550411	X>Y	TMEM132D	1	0	0	0	32
12	128642204	X>Y	TMEM132D	0	0	1	0	25
12	128680715	X>Y	TMEM132D	0	0	0	0	20
12	128845242	X>Y	TMEM132D	32	0	0	25	0
12	129034081	X>Y	-	4	0	62	0	0
12	129547396	X>Y	RIMBP2	8	41	15	1	0
12	130583256	X>Y	-	3	45	26	0	0
15	22871365	X>Y	SNORD116-19	7	67	29	0	0
15	23664750	X>Y	ATP10A	0	0	0	0	21
15	24014359	X>Y	-	1	41	0	0	0
15	24276991	X>Y	-	27	0	0	19	3
15	25783910	X>Y	OCA2	0	0	0	0	19
15	27129009	X>Y	APBA2	30	0	0	13	0
15	27411102	X>Y	-	3	37	40	2	0
15	27787091	X>Y	TJP1	0	0	0	0	58
16	5214155	X>Y	ENSG00000221809	39	1	0	22	26
16	5818404	X>Y	-	1	0	0	1	57
16	5851742	X>Y	-	26	0	0	19	38
16	5881592	X>Y	-	0	0	0	0	41
16	5903125	X>Y	-	1	0	0	0	39
16	5973467	X>Y	A2BP1	9	44	35	0	0
16	6329002	X>Y	A2BP1	0	0	0	0	35
16	6748701	X>Y	A2BP1	4	27	22	0	0
16	6836550	X>Y	A2BP1	0	0	0	0	20
16	7318796	X>Y	A2BP1	0	0	0	0	37
16	7330884	X>Y	A2BP1	8	43	44	5	0
16	7733510	X>Y	ENSG00000209555	60	0	0	43	37
16	8001212	X>Y	-	73	0	0	27	48
16	8206373	X>Y	-	12	81	117	1	1
16	8384449	X>Y	-	14	81	117	2	0
16	8956415	X>Y	USP7	17	77	64	2	0
16	9643678	X>Y	LOC100134139	39	0	0	1	0
16	11075432	X>Y	CLEC16A	0	0	0	0	42
16	13038906	X>Y	-	3	45	89	1	0
16	17118848	X>Y	XYLT1	6	56	78	0	0
16	17168566	X>Y	XYLT1	7	42	20	1	0
16	17454144	X>Y	XYLT1	9	82	70	0	0
16	17828151	X>Y	-	16	113	67	1	0
16	17888791	X>Y	-	0	0	0	0	20
16	18760365	X>Y	SMG1	2	34	20	1	0
16	20150769	X>Y	LOC100129329	9	51	69	0	0
16	22560185	X>Y	-	14	95	93	4	0
16	24089332	X>Y	PRKCB	4	0	40	1	0
16	25573603	X>Y	HS3ST4	8	54	46	1	0
16	26054565	X>Y	HS3ST4	53	0	1	30	49
16	26519321	X>Y	ENSG00000221481	9	51	22	0	0
16	31462404	X>Y	C16orf58	4	0	32	0	0
16	34450096	X>Y	-	43	0	0	0	0
18	1101401	X>Y	-	10	43	39	0	0
18	2114715	X>Y	-	9	103	240	1	0
18	3602475	X>Y	DLGAP1	0	76	0	2	0
18	4110314	X>Y	-	50	0	0	21	2
18	5862587	X>Y	TTMA	10	63	47	1	0
18	7066925	X>Y	LAMA1	10	0	48	2	0
18	7340525	X>Y	ENSG00000212626	4	0	50	0	0
18	8554742	X>Y	RAB12	2	38	23	0	0
18	10177961	X>Y	FLJ34223	0	0	0	2	79
18	11582759	X>Y	AMAC1L1	28	0	0	16	0
18	12905622	X>Y	SEH1L	19	0	0	25	18
18	13079146	X>Y	CEP192	3	35	55	3	1
18	14740390	X>Y	ANKRD30B	0	0	0	0	41
18	14844752	X>Y	ENSG00000206323	8	72	36	1	0
18	15045444	X>Y	LOC100131500	25	0	0	10	15
18	52907898	X>Y	-	6	0	37	0	0
18	54062878	X>Y	NEDD4L	10	0	57	0	0
18	54242870	X>Y	MIRN122	0	64	0	0	0
19	34750995	X>Y	POP4	4	120	38	5	0
19	35400145	X>Y	-	15	105	47	2	0
19	35552353	X>Y	ZNF536	55	0	1	22	32
19	35618611	X>Y	ZNF536	5	52	45	0	0
19	35635072	X>Y	ZNF536	13	103	45	1	0
19	36351696	X>Y	-	40	0	0	18	20
19	36621094	X>Y	-	0	0	0	0	29
19	36821124	X>Y	-	4	45	18	0	0
19	39059284	X>Y	-	0	0	1	0	38
19	40094764	X>Y	ZNF30	7	83	92	0	2
19	42129322	X>Y	ZNF568	1	0	0	0	26
19	42312834	X>Y	ZNF420	9	46	37	0	0
19	44578501	X>Y	MED29	0	0	0	0	27
19	44652253	X>Y	SUPT5H	45	0	1	27	38
19	44778597	X>Y	LGALS13	79	104	105	33	30
19	44991316	X>Y	DYRK1B	4	40	40	0	0
19	46786035	X>Y	ENSG00000210066	7	46	39	0	1
19	57034973	X>Y	ZNF649	36	0	0	13	2
19	57610720	X>Y	ZNF528	0	0	0	0	32
19	57897877	X>Y	ZNF83	43	0	1	24	64
19	58326020	X>Y	ZNF415	11	113	165	0	0
19	58483172	X>Y	ZNF677	8	49	37	0	0
19	58850716	X>Y	MIRN520F	0	45	0	0	0
19	59464954	X>Y	LILRB3	1	0	0	0	63
19	59741948	X>Y	KIR3DX1	7	0	63	0	0
19	61142880	X>Y	NLRP8	7	31	36	0	0
20	14276029	X>Y	MACROD2	0	0	0	1	45
20	14463421	X>Y	MACROD2	2	68	98	2	1
20	14753799	X>Y	MACROD2	4	0	14	0	0
20	14809183	X>Y	MACROD2	0	0	0	0	42
20	14833014	X>Y	MACROD2	3	15	16	0	0
20	25429155	X>Y	NLP	0	0	0	0	28
20	25706058	X>Y	FAM182B	20	0	0	1	0
20	26062570	X>Y	C20orf191	8	68	46	2	0
