Chromosome	Position	Change	Gene	breast_0	adrenal_0	liver_0	lung_0	spinal_0
1	110359957	X>Y	AHCYL1	154	160	124	151	142
6	48902663	X>Y	ENSG00000221175	189	177	97	148	178
6	49276467	X>Y	-	118	91	144	85	80
6	50173697	X>Y	DEFB112	179	117	92	126	145
6	50179508	X>Y	-	141	139	98	113	128
6	50519104	X>Y	-	193	201	174	177	197
6	50534952	X>Y	-	140	88	128	85	106
6	50568504	X>Y	-	162	138	197	161	183
6	50909762	X>Y	TFAP2B	176	172	232	123	174
6	51288265	X>Y	-	180	175	198	176	168
6	53035144	X>Y	ICK	166	208	116	156	168
6	55918529	X>Y	ENSG00000214604	214	89	314	227	231
6	57180847	X>Y	RAB23	146	142	169	117	145
6	58602457	X>Y	LOC727842	126	98	109	100	98
6	96859305	X>Y	ENSG00000223167	178	166	205	125	153
6	97417052	X>Y	GPR63	187	215	184	115	148
6	97473303	X>Y	KLHL32	162	130	132	112	113
6	97912586	X>Y	-	141	99	91	127	116
6	98144517	X>Y	-	119	78	126	89	119
6	99123934	X>Y	-	158	167	184	153	160
6	99144022	X>Y	-	174	200	227	190	185
6	100130338	X>Y	ENSG00000219755	164	170	123	120	128
6	101334520	X>Y	ASCC3	131	76	106	82	87
6	102992907	X>Y	LOC100132919	157	100	112	157	135
6	103034674	X>Y	LOC100132919	126	78	160	127	113
6	103399899	X>Y	-	117	84	83	112	106
6	103477515	X>Y	-	212	176	175	197	212
6	103604780	X>Y	ENSG00000217120	116	79	114	89	120
6	103810336	X>Y	-	163	112	148	122	136
6	104027186	X>Y	-	148	107	179	193	165
6	117127430	X>Y	KPNA5	255	167	188	217	242
6	117752227	X>Y	ROS1	170	110	118	151	155
6	118310721	X>Y	SLC35F1	184	237	214	226	235
6	119480716	X>Y	FAM184A	237	266	276	146	179
6	119610996	X>Y	MAN1A1	105	93	98	104	95
6	119817960	X>Y	-	160	172	248	128	185
6	120890851	X>Y	ENSG00000206857	147	100	144	103	131
6	121308670	X>Y	-	199	157	520	238	253
6	122215854	X>Y	ENSG00000220184	167	164	159	149	137
6	123538582	X>Y	TRDN	219	164	375	243	248
6	124021182	X>Y	TRDN	212	225	323	200	223
6	129508904	X>Y	LAMA2	210	177	171	205	200
6	130021483	X>Y	ARHGAP18	151	174	150	123	173
6	130937388	X>Y	ENSG00000202438	154	148	183	126	133
6	131730938	X>Y	-	97	106	75	86	83
6	132075413	X>Y	ENPP3	148	153	75	107	133
6	132319804	X>Y	LOC100131774	176	181	153	134	180
6	141812628	X>Y	LOC729076	258	127	412	233	235
6	142312187	X>Y	-	184	85	186	127	134
6	144496653	X>Y	STX11	154	116	144	122	142
6	144924303	X>Y	UTRN	160	174	164	170	174
6	145323291	X>Y	-	199	180	178	144	188
6	145591500	X>Y	-	203	193	318	126	147
6	145717562	X>Y	ENSG00000221796	221	252	168	210	215
7	2798617	X>Y	GNA12	141	124	76	98	134
7	3768336	X>Y	SDK1	243	289	265	223	314
7	3882114	X>Y	SDK1	234	192	162	154	218
7	7439179	X>Y	COL28A1	249	235	203	205	224
7	8478845	X>Y	NXPH1	293	277	280	234	284
7	8765760	X>Y	NXPH1	167	135	107	152	177
7	9237639	X>Y	-	256	147	133	229	219
7	9812796	X>Y	LOC340268	210	125	130	136	151
9	72590416	X>Y	TRPM3	254	186	325	213	259
9	76957621	X>Y	ENSG00000212316	185	124	196	137	169
9	77620839	X>Y	-	242	189	415	232	232
9	78648387	X>Y	PRUNE2	150	126	247	129	133
9	78768991	X>Y	ENSG00000220243	181	195	244	152	214
9	79055566	X>Y	VPS13A	210	145	195	156	168
9	79451567	X>Y	GNA14	191	178	167	165	223
9	79928379	X>Y	ENSG00000222452	100	84	173	93	95
9	82200493	X>Y	ENSG00000218777	126	86	150	139	123
9	83267462	X>Y	ENSG00000217894	168	156	148	135	136
9	83417270	X>Y	TLE1	179	148	89	111	149
9	87569416	X>Y	LOC100129901	208	203	159	166	215
9	88816952	X>Y	ENSG00000186882	198	220	160	167	188
9	90860126	X>Y	SHC3	132	173	100	92	124
9	93339819	X>Y	ROR2	177	141	275	133	159
9	97892203	X>Y	ENSG00000201938	116	171	180	103	158
9	99878405	X>Y	TRIM14	200	160	189	136	167
9	100276456	X>Y	GABBR2	142	137	186	81	110
9	101815469	X>Y	ERP44	236	192	170	234	213
9	101950362	X>Y	INVS	147	124	208	133	148
9	102564991	X>Y	ENSG00000219293	126	116	261	141	124
9	103356303	X>Y	RNF20	185	105	156	150	152
9	105709515	X>Y	-	212	126	153	175	212
9	105790749	X>Y	-	178	127	327	145	154
9	105825009	X>Y	-	167	115	235	147	196
9	107431799	X>Y	FKTN	203	166	311	263	274
9	108142026	X>Y	-	132	97	137	100	118
9	110136656	X>Y	ENSG00000222512	131	101	133	106	111
9	110925162	X>Y	C9orf5	224	229	121	186	219
9	111851665	X>Y	PALM2-AKAP2	119	137	183	132	153
9	116561273	X>Y	LOC100129633	180	168	583	155	202
9	116716911	X>Y	TNFSF8	182	198	145	162	164
9	117468997	X>Y	-	230	213	377	179	228
9	118381668	X>Y	ASTN2	143	130	215	111	142
9	118892426	X>Y	ASTN2	230	228	292	200	254
9	119906713	X>Y	LOC389787	155	142	85	140	169
9	119966859	X>Y	-	138	117	165	107	125
9	121221226	X>Y	DBC1	169	141	147	130	130
10	29461916	X>Y	-	174	156	82	124	169
10	29919312	X>Y	SVIL	124	136	103	101	137
10	30169005	X>Y	-	230	277	198	202	272
10	32654300	X>Y	EPC1	242	162	147	185	183
10	33920504	X>Y	-	181	180	182	135	191
10	33978032	X>Y	-	149	159	149	117	138
10	34419015	X>Y	PARD3	247	244	265	176	267
10	34419041	X>Y	PARD3	229	226	229	156	255
10	34647328	X>Y	PARD3	246	197	215	216	220
10	36464896	X>Y	-	252	135	174	205	222
10	37680767	X>Y	LOC646360	215	106	177	166	213
10	43989381	X>Y	-	221	247	298	150	186
10	52157626	X>Y	LOC653895	99	122	77	78	101
10	52263467	X>Y	A1CF	264	305	221	194	230
10	54329123	X>Y	ENSG00000201196	207	253	299	224	229
10	55990127	X>Y	PCDH15	209	95	124	140	165
10	56286085	X>Y	PCDH15	164	135	179	158	138
10	56493989	X>Y	PCDH15	191	92	193	180	184
10	56698159	X>Y	PCDH15	130	87	179	96	98
10	56960415	X>Y	PCDH15	168	98	123	148	123
10	57030481	X>Y	PCDH15	173	143	111	106	131
10	57689541	X>Y	-	211	149	298	217	203
10	57944469	X>Y	-	136	90	131	106	129
10	57955358	X>Y	-	166	161	197	126	154
10	58187546	X>Y	-	124	105	107	147	119
10	58639860	X>Y	-	166	96	178	125	92
10	58963125	X>Y	ENSG00000218583	215	159	206	239	206
10	59261669	X>Y	-	187	181	261	176	192
10	60728325	X>Y	FAM13C	194	288	161	240	206
10	62934765	X>Y	-	114	123	105	108	112
10	66289693	X>Y	ANXA2P3	139	98	102	109	107
10	66289971	X>Y	ANXA2P3	132	100	82	114	146
10	66422894	X>Y	-	175	160	123	140	196
10	66554900	X>Y	ENSG00000219154	155	98	175	136	115
10	67259978	X>Y	-	220	173	204	200	217
10	67522524	X>Y	CTNNA3	203	155	189	171	224
10	70445764	X>Y	KIAA1279	174	212	226	154	190
10	71255829	X>Y	COL13A1	154	246	275	140	155
10	71632452	X>Y	SAR1A	108	97	123	99	94
10	73230224	X>Y	CDH23	159	224	157	130	130
10	75747164	X>Y	ADK	186	181	205	166	190
10	84237719	X>Y	NRG3	131	121	155	105	104
10	84904764	X>Y	-	156	139	134	113	119
10	84909021	X>Y	-	226	233	243	220	232
10	85037579	X>Y	LOC728027	167	140	244	150	141
10	85385165	X>Y	LOC728050	199	157	144	160	164
10	86683874	X>Y	-	189	234	337	149	175
10	87497692	X>Y	GRID1	205	194	353	153	181
10	87785576	X>Y	GRID1	173	199	216	123	125
10	89525467	X>Y	ATAD1	177	172	113	154	172
10	91253403	X>Y	SLC16A12	198	204	203	138	179
10	92437193	X>Y	ENSG00000197911	201	179	210	152	181
10	92678250	X>Y	ANKRD1	128	157	141	108	112
10	95991906	X>Y	PLCE1	181	226	135	179	205
10	96954888	X>Y	C10orf129	132	144	152	126	114
10	97714894	X>Y	LOC100130696	206	177	240	179	173
10	98841741	X>Y	SLIT1	231	298	240	192	212
10	98963266	X>Y	SLIT1	203	208	171	158	152
10	101107797	X>Y	CNNM1	113	112	185	91	111
10	102226253	X>Y	WNT8B	225	203	204	182	201
10	103185549	X>Y	BTRC	201	160	141	175	209
10	103851083	X>Y	PPRC1	230	269	149	199	233
10	105029604	X>Y	INA	231	252	98	182	214
10	108403050	X>Y	SORCS1	226	231	278	221	240
10	109260503	X>Y	ENSG00000200079	125	193	271	117	151
10	109684059	X>Y	LOC100128304	118	106	179	115	111
10	110011608	X>Y	ENSG00000217870	169	175	150	143	148
10	110054257	X>Y	ENSG00000217870	163	140	145	130	155
10	110299526	X>Y	-	204	144	117	155	200
10	110441149	X>Y	-	189	145	138	115	129
10	110505831	X>Y	-	146	152	114	117	125
10	110512707	X>Y	-	194	203	179	174	194
10	110710074	X>Y	ENSG00000222436	196	184	191	163	165
10	111440844	X>Y	LOC100132843	175	219	185	159	143
10	117497577	X>Y	ATRNL1	284	174	240	238	304
10	117941181	X>Y	GFRA1	169	118	132	91	131
10	118904382	X>Y	KCNK18	158	156	106	101	112
10	119809535	X>Y	CASC2	269	203	299	214	267
10	120345140	X>Y	PRLHR	122	163	97	106	131
10	120608275	X>Y	LOC729340	152	137	114	108	125
10	121672136	X>Y	SEC23IP	246	214	184	216	225
10	123142748	X>Y	ENSG00000222979	256	214	159	203	211
10	123176990	X>Y	ENSG00000222979	228	221	229	162	209
10	124594542	X>Y	CUZD1	160	164	102	121	130
10	128306852	X>Y	-	187	195	103	110	121
10	129930864	X>Y	-	123	151	153	94	114
10	129995611	X>Y	-	217	196	88	115	183
10	130217114	X>Y	-	282	271	135	193	251
10	130230535	X>Y	-	221	197	100	152	136
10	130355724	X>Y	-	204	83	176	170	162
10	131089946	X>Y	-	234	180	80	163	187
10	132896117	X>Y	TCERG1L	106	230	117	108	145
10	134354633	X>Y	INPP5A	144	266	101	138	179
11	21127304	X>Y	NELL1	146	161	133	130	143
11	21612687	X>Y	-	170	115	134	155	162
11	21728969	X>Y	-	137	85	95	89	129
11	23115916	X>Y	-	184	108	166	166	188
11	23740966	X>Y	ENSG00000213742	192	189	223	184	257
11	40229086	X>Y	LRRC4C	129	127	88	124	113
11	40432908	X>Y	-	165	85	155	140	125
11	40628227	X>Y	-	173	126	146	158	166
11	40993183	X>Y	-	140	106	122	133	154
11	41006427	X>Y	-	147	81	103	124	124
11	41306602	X>Y	LOC729901	280	281	314	281	354
11	41595795	X>Y	-	144	103	102	107	112
11	57818048	X>Y	OR10W1	137	101	228	109	132
11	59495943	X>Y	ENSG00000214788	143	104	99	80	92
11	61666104	X>Y	INCENP	141	262	78	125	171
11	81008903	X>Y	-	164	112	119	148	143
11	81013414	X>Y	-	195	147	188	171	190
11	81013867	X>Y	-	202	171	197	191	228
11	82237372	X>Y	PRCP	107	117	167	104	114
11	83285209	X>Y	DLG2	180	114	127	140	122
11	83652317	X>Y	DLG2	173	178	173	162	155
11	83658548	X>Y	DLG2	205	201	196	195	233
11	83660465	X>Y	DLG2	172	189	215	166	158
12	126641560	X>Y	LOC644489	174	205	100	136	173
12	126730170	X>Y	LOC644489	128	159	135	134	108
12	126845541	X>Y	-	161	154	243	159	173
12	126853896	X>Y	-	97	122	102	84	84
12	126933980	X>Y	-	227	259	114	167	243
12	127279792	X>Y	-	149	197	282	113	145
12	127478127	X>Y	-	117	163	135	115	146
12	127553074	X>Y	-	105	168	88	90	124
12	127741648	X>Y	TMEM132C	253	269	369	174	222
12	128113143	X>Y	TMEM132D	177	189	146	125	147
12	128268516	X>Y	TMEM132D	108	127	120	78	98
12	128320409	X>Y	TMEM132D	182	206	219	122	121
12	128358480	X>Y	TMEM132D	137	164	151	116	176
12	128550411	X>Y	TMEM132D	215	242	343	122	166
12	128642204	X>Y	TMEM132D	206	215	182	189	167
12	128680715	X>Y	TMEM132D	188	270	189	187	178
12	128845242	X>Y	TMEM132D	157	149	151	135	107
12	129034081	X>Y	-	172	255	290	150	195
12	129547396	X>Y	RIMBP2	150	219	96	116	167
12	130583256	X>Y	-	206	232	137	146	196
15	22871365	X>Y	SNORD116-19	278	290	149	145	192
15	23664750	X>Y	ATP10A	175	148	108	106	124
15	24014359	X>Y	-	144	152	91	125	146
15	24276991	X>Y	-	176	143	187	119	160
15	25783910	X>Y	OCA2	178	183	76	96	142
15	27129009	X>Y	APBA2	196	188	85	120	138
15	27411102	X>Y	-	186	202	151	151	176
15	27787091	X>Y	TJP1	210	239	88	156	172
16	5214155	X>Y	ENSG00000221809	224	234	132	157	210
16	5818404	X>Y	-	258	325	159	243	345
16	5851742	X>Y	-	186	178	126	142	166
16	5881592	X>Y	-	215	248	166	148	235
16	5903125	X>Y	-	273	264	232	187	244
16	5973467	X>Y	A2BP1	198	205	157	123	174
16	6329002	X>Y	A2BP1	235	249	240	187	195
16	6748701	X>Y	A2BP1	158	137	198	137	161
16	6836550	X>Y	A2BP1	185	221	208	153	174
16	7318796	X>Y	A2BP1	302	325	477	235	281
16	7330884	X>Y	A2BP1	157	113	94	97	90
16	7733510	X>Y	ENSG00000209555	293	267	183	226	226
16	8001212	X>Y	-	316	276	241	237	299
16	8206373	X>Y	-	232	183	267	118	156
16	8384449	X>Y	-	231	183	283	186	184
16	8956415	X>Y	USP7	188	182	131	156	190
16	9643678	X>Y	LOC100134139	209	131	191	159	169
16	11075432	X>Y	CLEC16A	300	289	290	227	243
16	13038906	X>Y	-	188	231	336	173	197
16	17118848	X>Y	XYLT1	281	262	324	164	208
16	17168566	X>Y	XYLT1	207	203	89	147	160
16	17454144	X>Y	XYLT1	261	202	164	193	212
16	17828151	X>Y	-	239	261	151	206	248
16	17888791	X>Y	-	124	111	100	110	125
16	18760365	X>Y	SMG1	160	188	113	148	181
16	20150769	X>Y	LOC100129329	332	275	482	252	298
16	22560185	X>Y	-	446	440	432	317	377
16	24089332	X>Y	PRKCB	219	198	173	137	172
16	25573603	X>Y	HS3ST4	238	247	191	161	207
16	26054565	X>Y	HS3ST4	266	313	265	272	305
16	26519321	X>Y	ENSG00000221481	249	260	97	157	208
16	31462404	X>Y	C16orf58	229	284	162	178	221
16	34450096	X>Y	-	223	118	226	181	158
18	1101401	X>Y	-	273	186	193	242	299
18	2114715	X>Y	-	226	205	523	213	227
18	3602475	X>Y	DLGAP1	247	320	134	244	258
18	4110314	X>Y	-	259	198	207	169	240
18	5862587	X>Y	TTMA	199	167	112	134	177
18	7066925	X>Y	LAMA1	312	232	258	254	274
18	7340525	X>Y	ENSG00000212626	162	173	216	117	156
18	8554742	X>Y	RAB12	157	174	98	138	151
18	10177961	X>Y	FLJ34223	344	357	323	303	392
18	11582759	X>Y	AMAC1L1	207	212	104	129	189
18	12905622	X>Y	SEH1L	146	148	112	144	137
18	13079146	X>Y	CEP192	255	196	208	207	262
18	14740390	X>Y	ANKRD30B	243	98	80	165	220
18	14844752	X>Y	ENSG00000206323	249	186	89	162	235
18	15045444	X>Y	LOC100131500	121	85	109	81	75
18	52907898	X>Y	-	174	182	177	111	104
18	54062878	X>Y	NEDD4L	336	329	245	285	293
18	54242870	X>Y	MIRN122	283	337	248	213	239
19	34750995	X>Y	POP4	219	277	91	191	212
19	35400145	X>Y	-	211	241	123	137	169
19	35552353	X>Y	ZNF536	218	230	103	173	178
19	35618611	X>Y	ZNF536	179	220	177	87	152
19	35635072	X>Y	ZNF536	179	217	102	129	156
19	36351696	X>Y	-	141	155	103	85	106
19	36621094	X>Y	-	158	177	91	105	134
19	36821124	X>Y	-	189	238	98	139	188
19	39059284	X>Y	-	199	222	125	153	191
19	40094764	X>Y	ZNF30	148	197	193	112	145
19	42129322	X>Y	ZNF568	167	166	246	159	155
19	42312834	X>Y	ZNF420	208	226	175	164	198
19	44578501	X>Y	MED29	128	210	189	96	137
19	44652253	X>Y	SUPT5H	130	234	184	138	176
19	44778597	X>Y	LGALS13	225	233	229	159	208
19	44991316	X>Y	DYRK1B	150	201	171	110	143
19	46786035	X>Y	ENSG00000210066	168	271	141	127	225
19	57034973	X>Y	ZNF649	161	169	143	126	145
19	57610720	X>Y	ZNF528	219	234	124	114	181
19	57897877	X>Y	ZNF83	227	288	384	201	251
19	58326020	X>Y	ZNF415	178	239	348	167	211
19	58483172	X>Y	ZNF677	196	218	186	186	178
19	58850716	X>Y	MIRN520F	155	222	145	191	210
19	59464954	X>Y	LILRB3	306	319	211	264	273
19	59741948	X>Y	KIR3DX1	205	274	244	144	233
19	61142880	X>Y	NLRP8	131	137	157	76	126
20	14276029	X>Y	MACROD2	225	133	118	188	216
20	14463421	X>Y	MACROD2	296	215	405	318	314
20	14753799	X>Y	MACROD2	127	127	107	93	117
20	14809183	X>Y	MACROD2	195	181	253	201	209
20	14833014	X>Y	MACROD2	119	90	78	84	111
20	25429155	X>Y	NLP	114	207	75	101	138
20	25706058	X>Y	FAM182B	185	213	110	144	188
20	26062570	X>Y	C20orf191	117	150	105	112	121
