Chromosome	Position	Change	Gene	breast_0	brain_0	kidney_0	liver_0	lung_0	rib_0
1	2866642	X>Y	ENSG00000177133	167	173	246	189	171	187
1	2984058	X>Y	PRDM16	205	211	282	222	177	212
1	3814510	X>Y	C1orf174	170	189	243	185	153	140
1	4293949	X>Y	-	145	130	176	134	96	96
1	4367117	X>Y	-	187	206	227	195	173	179
1	5200289	X>Y	-	171	127	217	172	156	143
1	5307845	X>Y	LOC645466	121	120	164	128	113	106
1	5461427	X>Y	-	116	140	187	148	131	147
1	6078316	X>Y	KCNAB2	91	62	124	75	91	81
1	10176897	X>Y	KIF1B	177	231	289	167	193	209
1	11799962	X>Y	CLCN6	158	203	262	186	134	184
1	12659643	X>Y	AADACL3	171	254	282	221	177	189
1	13969946	X>Y	PRDM2	157	141	236	192	178	192
1	14012851	X>Y	PRDM2	105	122	135	91	110	98
1	14978938	X>Y	KIAA1026	149	208	279	194	152	185
1	15161769	X>Y	KIAA1026	76	113	148	112	103	82
1	15514080	X>Y	FHAD1	182	191	228	162	165	148
1	15589662	X>Y	FHAD1	147	155	183	141	127	112
1	17802653	X>Y	ARHGEF10L	104	124	190	116	122	111
1	18536630	X>Y	IGSF21	121	119	169	128	98	102
1	18928257	X>Y	PAX7	151	174	273	185	161	158
1	20764200	X>Y	CDA	127	173	198	121	145	132
1	22697642	X>Y	ZBTB40	113	129	188	114	115	95
1	23629267	X>Y	ASAP3	136	177	290	149	142	181
1	23657742	X>Y	ASAP3	268	278	503	313	235	316
1	24267368	X>Y	MYOM3	108	137	160	145	97	123
1	24281964	X>Y	MYOM3	200	270	303	216	183	224
1	25329446	X>Y	ENSG00000172823	162	266	367	219	219	224
1	25335187	X>Y	ENSG00000172823	130	133	208	135	130	134
1	25927527	X>Y	MAN1C1	186	192	261	243	196	192
1	26747401	X>Y	RPS6KA1	143	191	258	145	172	158
1	28295035	X>Y	ENSG00000189015	159	205	243	200	143	185
1	29727073	X>Y	ENSG00000219178	146	136	169	155	96	119
1	30270899	X>Y	-	233	325	383	264	239	262
1	30752765	X>Y	-	185	237	218	203	161	156
1	31256719	X>Y	PUM1	192	236	308	227	184	200
1	31936651	X>Y	COL16A1	151	196	228	153	186	146
1	31969094	X>Y	BAI2	100	115	143	106	94	82
1	33685697	X>Y	ZSCAN20	198	279	353	237	223	229
1	34147858	X>Y	CSMD2	206	206	270	197	170	217
1	34262945	X>Y	CSMD2	133	173	187	136	112	146
1	34410048	X>Y	C1orf94	171	155	295	188	174	163
1	34418559	X>Y	C1orf94	92	132	150	98	129	98
1	34845686	X>Y	-	183	211	271	182	172	167
1	35125075	X>Y	DLGAP3	252	381	500	277	325	384
1	37143587	X>Y	GRIK3	191	258	411	210	194	227
1	37146830	X>Y	GRIK3	119	105	185	124	87	106
1	39593016	X>Y	MACF1	146	187	202	156	126	139
1	40603735	X>Y	COL9A2	93	129	157	141	106	127
1	42406647	X>Y	GUCA2A	123	153	160	107	104	106
1	44507311	X>Y	ERI3	211	208	253	215	163	167
1	45855628	X>Y	NASP	147	231	275	193	153	197
1	47795503	X>Y	ENSG00000216700	147	153	232	163	136	164
1	48261724	X>Y	LOC388630	209	234	254	192	177	166
1	49111131	X>Y	AGBL4	179	197	274	199	158	164
1	49210849	X>Y	AGBL4	182	189	284	191	145	174
1	49633137	X>Y	AGBL4	226	326	343	232	212	214
1	50820201	X>Y	FAF1	98	133	189	140	103	140
1	50946188	X>Y	FAF1	94	162	213	126	127	130
1	50948218	X>Y	FAF1	183	260	274	195	154	187
1	51486990	X>Y	RNF11	139	227	219	165	142	151
1	52065812	X>Y	NRD1	167	217	265	169	128	180
1	55614612	X>Y	ENSG00000218685	174	199	280	150	136	178
1	55895291	X>Y	-	196	348	364	266	263	268
1	56623876	X>Y	-	131	174	259	161	154	165
1	58312966	X>Y	DAB1	184	255	286	219	204	195
1	58771777	X>Y	OMA1	138	178	207	130	109	129
1	58812365	X>Y	OMA1	273	276	395	319	248	255
1	59173150	X>Y	LOC645757	180	214	280	240	208	217
1	59281345	X>Y	LOC391044	152	190	246	155	183	165
1	59395273	X>Y	-	99	136	153	115	113	113
1	59606236	X>Y	FGGY	297	415	519	359	304	354
1	60186271	X>Y	CYP2J2	159	212	263	203	142	173
1	61295653	X>Y	NFIA	114	205	213	156	110	134
1	61374740	X>Y	NFIA	150	199	219	172	167	156
1	61454579	X>Y	NFIA	159	231	247	210	169	150
1	62947849	X>Y	DOCK7	158	234	254	158	156	163
1	63860983	X>Y	PGM1	192	272	256	200	173	183
1	64441504	X>Y	UBE2U	205	265	314	231	230	214
1	65668049	X>Y	LEPR	149	199	195	154	150	145
1	66675643	X>Y	-	89	125	141	110	91	88
1	66684006	X>Y	-	156	197	221	161	146	131
1	67009131	X>Y	TCTEX1D1	287	376	445	292	246	296
1	69288072	X>Y	-	180	255	264	172	160	170
1	69771032	X>Y	LRRC7	233	333	345	261	220	252
1	70014881	X>Y	LRRC7	171	183	264	214	144	169
1	71240949	X>Y	PTGER3	139	230	274	172	182	184
1	71881803	X>Y	NEGR1	153	197	271	161	120	162
1	72348627	X>Y	NEGR1	121	147	205	144	115	113
1	72405199	X>Y	NEGR1	225	317	489	286	283	301
1	72822982	X>Y	-	113	128	140	102	114	101
1	73952156	X>Y	ENSG00000200601	211	347	351	284	216	234
1	74240020	X>Y	LRRIQ3	228	225	282	218	187	210
1	75016452	X>Y	CRYZ	175	274	306	234	181	180
1	75383214	X>Y	LHX8	183	200	260	189	161	188
1	75465843	X>Y	SLC44A5	187	233	314	178	188	207
1	76492623	X>Y	ST6GALNAC3	299	375	470	372	319	331
1	76627049	X>Y	ST6GALNAC3	210	275	296	241	201	188
1	76645903	X>Y	ST6GALNAC3	170	210	284	217	154	164
1	77000685	X>Y	LOC100133118	201	205	250	214	170	200
1	77613234	X>Y	AK5	130	165	202	153	122	107
1	79175800	X>Y	ELTD1	220	260	301	229	176	213
1	79782783	X>Y	ADH5P2	175	251	300	186	171	188
1	80531792	X>Y	ENSG00000218484	208	264	286	224	182	195
1	81737245	X>Y	LPHN2	153	182	257	191	147	171
1	81746027	X>Y	LPHN2	192	224	254	161	165	160
1	81903009	X>Y	LPHN2	95	159	176	111	115	111
1	82206699	X>Y	LPHN2	158	241	272	187	150	170
1	82352086	X>Y	-	204	252	339	201	237	235
1	83148267	X>Y	-	164	216	274	169	136	193
1	86142745	X>Y	COL24A1	162	232	246	219	148	181
1	86233044	X>Y	COL24A1	122	113	189	126	89	120
1	87222665	X>Y	HS2ST1	169	201	249	189	157	197
1	88012472	X>Y	-	182	141	262	220	159	174
1	88704682	X>Y	ENSG00000222435	195	262	323	238	197	229
1	90973618	X>Y	BARHL2	243	294	398	272	275	251
1	91070565	X>Y	LOC149351	221	196	353	256	198	251
1	93820691	X>Y	BCAR3	113	131	165	114	105	104
1	93854947	X>Y	BCAR3	115	78	178	110	99	94
1	94229729	X>Y	ABCA4	249	302	370	300	255	242
1	94515716	X>Y	ARHGAP29	128	145	219	149	129	168
1	95654758	X>Y	-	135	185	227	195	144	114
1	97051849	X>Y	PTBP2	225	234	363	235	179	230
1	98075740	X>Y	DPYD	141	225	268	179	138	164
1	98616638	X>Y	ENSG00000221777	171	195	304	246	201	181
1	100350285	X>Y	SASS6	181	243	340	187	189	216
1	100596975	X>Y	CDC14A	194	300	398	268	216	275
1	102357816	X>Y	-	228	245	340	258	218	244
1	104919770	X>Y	-	133	147	192	123	115	145
1	105239364	X>Y	-	111	160	197	142	114	125
1	105379245	X>Y	-	137	260	317	178	176	157
1	105479711	X>Y	-	148	188	260	148	102	175
1	105751148	X>Y	ENSG00000220792	126	130	216	167	114	152
1	105779592	X>Y	ENSG00000220792	145	210	244	153	128	162
1	105976500	X>Y	-	160	183	242	184	132	154
1	105993905	X>Y	ENSG00000218199	281	345	379	267	236	233
1	106429293	X>Y	LOC126987	184	250	325	248	159	204
1	106490664	X>Y	-	209	305	336	259	189	233
1	107451172	X>Y	NTNG1	113	120	185	118	96	109
1	108455372	X>Y	SLC25A24	163	182	233	199	157	153
1	109262628	X>Y	GPSM2	163	204	302	197	165	190
1	109742485	X>Y	SORT1	142	161	182	143	112	127
1	110640188	X>Y	RBM15	175	216	234	193	132	180
1	111238905	X>Y	CD53	231	234	327	222	187	187
1	111243855	X>Y	CD53	156	195	287	176	177	196
1	111729230	X>Y	ENSG00000218053	210	244	300	205	192	230
1	114141754	X>Y	RSBN1	188	202	303	208	188	196
1	114219566	X>Y	HIPK1	135	193	260	162	165	165
1	114435427	X>Y	SYT6	143	207	218	187	162	177
1	116184351	X>Y	NHLH2	120	173	210	154	99	153
2	112081674	X>Y	-	217	285	344	167	213	223
2	112148096	X>Y	-	141	196	238	163	157	171
3	141540851	X>Y	CLSTN2	405	505	622	477	403	472
3	141541946	X>Y	CLSTN2	163	184	235	171	141	186
3	178790327	X>Y	ENSG00000200288	200	188	245	198	159	180
3	179010668	X>Y	-	176	165	300	218	154	195
3	179526416	X>Y	-	154	140	184	153	106	130
3	181190420	X>Y	PEX5L	160	200	252	175	132	150
3	183270834	X>Y	-	122	125	225	167	126	141
3	183672363	X>Y	LOC100132918	211	240	272	245	178	199
3	183939925	X>Y	-	196	168	295	213	169	196
3	184422096	X>Y	MCF2L2	195	223	282	223	176	182
3	185485452	X>Y	ECE2	110	122	141	137	90	87
3	185957865	X>Y	MAGEF1	100	112	134	120	94	122
3	186689735	X>Y	MAP3K13	201	214	290	213	182	200
3	187486758	X>Y	DGKG	134	155	193	141	107	134
3	187702250	X>Y	CRYGS	133	129	146	160	101	114
3	188480934	X>Y	MASP1	238	292	458	271	258	308
3	190153999	X>Y	-	128	108	152	96	78	96
3	190602791	X>Y	-	168	180	225	180	136	151
3	191029472	X>Y	TP63	167	154	293	234	197	219
3	191483297	X>Y	CLDN1	198	258	323	218	217	197
3	191648442	X>Y	TMEM207	158	205	224	176	138	118
3	193844821	X>Y	FGF12	177	210	276	222	160	172
3	196174967	X>Y	-	153	167	234	159	150	129
3	197642331	X>Y	UBXN7	97	153	156	138	109	104
3	198534921	X>Y	DLG1	204	262	322	233	172	221
4	8990687	X>Y	LOC100133128	221	410	475	335	278	309
4	9053068	X>Y	DEFB131	304	440	544	330	319	354
5	51897782	X>Y	-	120	108	203	144	129	101
5	51939810	X>Y	-	134	166	181	160	113	136
5	52005691	X>Y	-	238	321	384	304	212	236
5	52646559	X>Y	-	122	129	234	172	117	136
5	77741526	X>Y	SCAMP1	158	159	223	178	122	167
5	81305602	X>Y	ATG10	206	258	274	240	174	190
5	84621724	X>Y	-	131	135	178	155	92	112
5	84856901	X>Y	LOC645181	184	171	244	204	132	175
5	88152359	X>Y	MEF2C	171	157	294	215	181	233
5	88441860	X>Y	-	156	237	313	179	197	227
5	88564993	X>Y	-	135	182	214	151	140	153
5	88576328	X>Y	-	116	134	189	126	98	114
5	88981104	X>Y	-	142	187	253	165	157	172
5	91103592	X>Y	-	235	284	412	245	230	253
5	91219445	X>Y	-	199	239	331	200	178	217
5	91299931	X>Y	-	204	217	366	197	203	242
5	91357738	X>Y	-	189	233	280	200	172	195
5	91448176	X>Y	-	158	187	254	184	124	143
5	91737547	X>Y	-	178	217	277	172	146	180
5	91758970	X>Y	-	182	225	277	164	171	225
5	92685911	X>Y	-	151	188	238	152	137	158
5	93048746	X>Y	FAM172A	144	183	283	164	139	180
5	93108774	X>Y	FAM172A	162	205	320	194	165	212
5	93269376	X>Y	FAM172A	131	164	259	123	150	115
5	93725443	X>Y	uc003kkn.1	93	134	144	100	104	87
5	94798178	X>Y	FAM81B	192	299	366	196	211	207
5	95751619	X>Y	PCSK1	193	218	331	177	170	231
5	96862610	X>Y	-	165	194	275	169	147	175
5	96986124	X>Y	-	189	232	272	204	160	169
5	98919500	X>Y	LOC728093	109	124	182	111	99	138
5	99983739	X>Y	FAM174A	167	212	262	180	160	169
5	100487032	X>Y	-	103	97	171	113	109	122
5	100875880	X>Y	-	201	217	375	190	220	216
5	100934674	X>Y	ENSG00000222929	149	221	303	191	230	212
5	100982495	X>Y	ENSG00000222929	151	212	266	146	163	149
6	126988664	X>Y	LOC728666	83	135	118	91	78	97
6	127585527	X>Y	RNF146	149	102	169	146	118	108
6	128208030	X>Y	C6orf190	145	166	180	98	145	150
6	128364136	X>Y	PTPRK	191	205	302	150	153	197
6	128840172	X>Y	PTPRK	222	295	363	220	199	221
6	128888781	X>Y	PTPRK	166	191	306	146	189	200
6	130205896	X>Y	C6orf191	90	111	160	95	105	96
6	130671400	X>Y	SAMD3	181	232	273	194	179	203
6	131099587	X>Y	-	126	171	185	147	125	122
6	131268132	X>Y	EPB41L2	195	227	317	171	171	206
6	131972080	X>Y	MED23	118	137	191	105	115	99
6	132396420	X>Y	LOC100131774	133	157	217	129	140	128
6	132498090	X>Y	-	264	318	407	242	230	273
6	132877609	X>Y	STX7	181	184	325	199	188	211
6	133239118	X>Y	HMGB1L13	109	159	222	89	140	131
6	133449351	X>Y	-	245	337	380	241	262	274
6	133809460	X>Y	EYA4	116	127	191	124	120	152
6	134204985	X>Y	TCF21	224	317	348	190	241	225
6	134818453	X>Y	-	237	236	312	188	186	224
6	134973299	X>Y	ENSG00000218772	258	294	452	229	241	300
6	136421335	X>Y	PDE7B	162	213	274	176	164	176
6	136618559	X>Y	FAM54A	142	179	273	134	179	186
6	136668368	X>Y	BCLAF1	164	172	276	127	162	148
6	136865483	X>Y	MAP7	205	188	371	219	224	220
6	137001899	X>Y	MAP3K5	149	225	260	147	151	174
6	137290849	X>Y	ENSG00000207247	130	138	156	120	96	124
6	138631562	X>Y	KIAA1244	179	145	294	161	187	192
6	139334982	X>Y	REPS1	115	133	250	169	138	172
6	139970758	X>Y	ENSG00000219806	224	269	323	210	204	246
6	140049282	X>Y	ENSG00000205695	165	218	299	159	198	202
6	140428469	X>Y	LOC729070	270	308	411	264	236	218
6	140762083	X>Y	-	136	180	204	144	117	130
6	140884297	X>Y	-	99	95	178	114	91	92
6	142699775	X>Y	GPR126	205	286	310	210	161	195
6	143071684	X>Y	HIVEP2	148	164	237	148	149	160
6	143749402	X>Y	ENSG00000218896	201	253	249	163	185	175
6	144414900	X>Y	PLAGL1	248	338	425	286	249	262
6	146172510	X>Y	FBXO30	161	196	266	193	157	178
6	146186567	X>Y	FBXO30	150	162	231	121	124	143
6	146310991	X>Y	SHPRH	138	136	232	148	129	167
6	146410871	X>Y	GRM1	131	137	215	117	111	130
6	146542099	X>Y	GRM1	136	157	215	159	123	137
6	146625698	X>Y	GRM1	190	239	382	213	232	301
6	146625699	X>Y	GRM1	190	238	385	214	234	303
6	146941806	X>Y	C6orf103	149	250	278	172	188	154
6	148074549	X>Y	-	233	320	374	236	196	241
6	148147186	X>Y	-	165	263	273	183	156	194
6	158141272	X>Y	SNX9	145	144	263	153	133	160
6	158545732	X>Y	SERAC1	130	154	172	114	107	125
6	158572652	X>Y	GTF2H5	207	237	292	205	229	227
6	159113832	X>Y	EZR	172	202	255	167	164	169
6	162159061	X>Y	PARK2	130	188	203	166	148	149
6	162346313	X>Y	PARK2	160	185	270	142	131	188
6	162682987	X>Y	PARK2	235	358	391	230	285	261
6	164009292	X>Y	-	161	107	246	148	141	181
6	165086154	X>Y	-	126	127	173	113	109	127
6	165127699	X>Y	-	165	141	241	160	114	154
6	165264097	X>Y	-	95	149	171	106	111	95
6	166841984	X>Y	RPS6KA2	99	131	134	86	90	101
6	167353536	X>Y	FGFR1OP	86	113	127	76	80	85
6	167492553	X>Y	GPR31	247	344	451	263	316	270
6	167498834	X>Y	GPR31	91	116	122	82	81	93
6	167553070	X>Y	ENSG00000216966	108	134	156	109	95	103
6	168173437	X>Y	KIF25	124	148	178	141	104	114
6	169212522	X>Y	-	223	251	296	202	167	188
6	170755923	X>Y	PDCD2	183	248	281	175	175	204
7	166598	X>Y	LOC554248	155	183	187	134	129	122
7	1743704	X>Y	LOC401296	147	119	215	153	149	138
7	2362179	X>Y	EIF3B	153	182	234	166	142	159
7	6665240	X>Y	LOC100133111	149	183	250	193	147	166
7	7185556	X>Y	LOC100134731	138	176	239	169	161	147
7	7426061	X>Y	COL28A1	111	99	133	103	76	101
7	7540276	X>Y	COL28A1	250	269	327	263	222	219
7	7631972	X>Y	LOC729852	201	192	265	224	174	195
7	8601313	X>Y	NXPH1	158	202	264	169	198	167
7	8838677	X>Y	LOC100134670	106	144	221	146	118	124
7	9420732	X>Y	-	150	184	250	155	110	155
7	10477769	X>Y	ENSG00000216737	108	138	208	174	96	147
7	10939342	X>Y	NDUFA4	143	175	212	191	120	146
7	11321150	X>Y	LOC100134516	247	224	363	264	204	252
7	11500805	X>Y	THSD7A	149	230	242	176	136	180
7	12163423	X>Y	-	161	218	245	206	132	161
7	13981990	X>Y	ETV1	191	299	380	272	200	223
7	15592530	X>Y	TMEM195	176	225	267	238	146	175
7	15885801	X>Y	-	120	176	212	146	109	140
7	15953918	X>Y	-	131	156	201	181	116	121
7	16156793	X>Y	LOC729920	209	343	338	247	214	239
7	16530977	X>Y	SOSTDC1	189	211	234	191	155	189
7	17180429	X>Y	ENSG00000209101	142	188	235	198	131	151
7	17294379	X>Y	LOC100131512	150	165	251	206	167	178
7	17798775	X>Y	SNX13	205	294	348	270	186	261
7	18630770	X>Y	HDAC9	165	218	266	196	151	144
7	18977783	X>Y	HDAC9	142	140	227	151	119	133
7	19684407	X>Y	TWISTNB	209	242	305	242	195	207
7	20539353	X>Y	ENSG00000216897	169	162	195	152	107	144
7	20541601	X>Y	ENSG00000216897	217	292	404	280	228	265
7	20956773	X>Y	-	180	254	319	228	154	207
7	21031229	X>Y	LOC100134750	164	216	257	209	171	164
7	21191092	X>Y	ENSG00000222573	254	309	495	356	279	342
7	21893479	X>Y	DNAH11	160	213	247	194	140	175
7	21988837	X>Y	CDCA7L	94	126	220	146	115	125
7	22397215	X>Y	RAPGEF5	160	170	240	214	141	146
7	22404575	X>Y	RAPGEF5	207	182	342	248	211	206
7	24059182	X>Y	-	154	229	228	186	117	173
7	25240044	X>Y	NPVF	169	247	318	220	193	208
7	25400320	X>Y	LOC100134549	257	339	427	294	252	263
7	25518368	X>Y	LOC100134662	181	187	293	216	155	201
7	25535588	X>Y	ENSG00000222101	114	131	170	126	102	115
7	26273927	X>Y	SNX10	130	187	239	153	137	152
7	26663040	X>Y	SKAP2	145	191	261	185	136	166
7	26990797	X>Y	ENSG00000184579	190	141	277	224	139	217
7	26995271	X>Y	ENSG00000184579	142	154	216	211	149	159
7	27709540	X>Y	LOC100134513	103	126	215	140	108	114
7	28201971	X>Y	LOC100128081	174	188	263	185	147	157
7	28805042	X>Y	CREB5	173	160	243	217	135	163
7	29479373	X>Y	CHN2	234	275	342	302	226	225
7	31635730	X>Y	CCDC129	141	169	230	177	134	147
7	32019297	X>Y	PDE1C	153	252	304	231	140	186
7	32671620	X>Y	AVL9	134	154	201	175	155	171
7	34693256	X>Y	NPSR1	294	431	497	373	327	306
7	34854167	X>Y	NPSR1	251	297	369	328	242	271
7	36805174	X>Y	ENSG00000214807	202	234	285	247	172	227
7	37249595	X>Y	ELMO1	147	260	273	199	171	175
7	38316335	X>Y	TARP	156	225	274	240	145	184
7	38537806	X>Y	AMPH	137	179	268	191	150	186
7	38635352	X>Y	AMPH	100	120	156	115	106	104
7	39028384	X>Y	POU6F2	148	181	225	178	129	143
7	46287907	X>Y	-	86	85	138	108	84	95
7	46668790	X>Y	LOC730338	110	93	165	129	100	105
7	47131612	X>Y	-	124	133	210	159	138	128
7	48016189	X>Y	SUNC1	241	267	348	257	229	230
7	48231052	X>Y	ABCA13	196	235	342	206	198	246
7	48361048	X>Y	LOC100134742	143	200	247	204	164	183
7	48407719	X>Y	ABCA13	144	233	294	208	150	223
7	48636162	X>Y	ABCA13	120	178	211	178	108	148
7	49282561	X>Y	LOC100134791	114	171	186	127	105	116
7	49622553	X>Y	-	138	170	189	149	120	133
7	50292215	X>Y	LOC100132224	148	190	210	206	142	150
7	50743611	X>Y	GRB10	178	259	304	226	149	196
7	50762938	X>Y	GRB10	132	191	278	174	136	157
7	51779387	X>Y	ENSG00000210736	162	194	222	183	142	138
7	52781875	X>Y	LOC100134778	136	197	247	187	129	181
7	52977271	X>Y	-	244	360	370	289	241	261
7	53041859	X>Y	DKFZp564N2472	186	178	263	197	165	174
7	55582402	X>Y	ECOP	150	137	187	165	117	135
7	55736464	X>Y	FKBP9L	102	134	158	123	78	98
7	55987397	X>Y	MRPS17	80	108	124	92	93	91
7	56612832	X>Y	ENSG00000213650	155	203	220	192	146	181
7	57562948	X>Y	ZNF716	197	287	373	253	235	227
7	66651915	X>Y	-	128	220	209	136	139	153
7	67421751	X>Y	-	187	175	358	223	209	232
7	69094162	X>Y	AUTS2	172	187	261	253	162	179
7	69204907	X>Y	AUTS2	185	307	304	204	208	260
7	69315563	X>Y	AUTS2	241	293	392	281	222	263
7	69482807	X>Y	AUTS2	194	223	286	210	160	184
7	69765464	X>Y	AUTS2	221	271	337	244	208	234
7	69780337	X>Y	AUTS2	136	174	217	161	124	123
7	70884677	X>Y	CALN1	125	160	232	177	134	165
7	86849072	X>Y	CROT	187	229	310	200	189	199
7	87153287	X>Y	ABCB1	218	281	308	232	209	223
7	88539094	X>Y	ZNF804B	191	269	348	274	242	265
7	89920941	X>Y	LOC100129289	139	197	262	184	125	153
7	90726410	X>Y	FZD1	95	116	136	120	90	120
7	92037109	X>Y	FAM133B	158	148	237	139	133	166
7	92466088	X>Y	ENSG00000222576	191	214	313	237	167	196
7	93033408	X>Y	CALCR	101	146	190	154	122	133
7	94374627	X>Y	PPP1R9A	186	213	256	189	151	181
7	94747583	X>Y	PPP1R9A	134	112	184	173	115	144
7	94920150	X>Y	ASB4	175	276	329	255	210	222
7	96061728	X>Y	LOC100128444	223	322	393	267	189	227
7	96066687	X>Y	LOC100128444	168	272	353	259	171	170
7	98132047	X>Y	NPTX2	158	163	239	186	152	167
7	99297850	X>Y	CYP3A43	159	176	255	199	162	165
7	100050644	X>Y	MOSPD3	140	164	239	147	155	125
7	101047598	X>Y	MYL10	98	139	201	162	126	155
7	102599349	X>Y	uc010lit.1	163	160	209	180	143	142
7	103095628	X>Y	RELN	115	185	206	134	128	127
7	103149549	X>Y	RELN	139	205	256	190	161	155
7	103221094	X>Y	RELN	200	248	300	224	191	196
7	103484511	X>Y	-	217	253	316	273	196	183
7	103863521	X>Y	LHFPL3	216	285	346	287	211	222
7	104589345	X>Y	SRPK2	108	117	185	180	125	128
7	105043200	X>Y	ATXN7L1	152	235	253	203	154	159
7	105706428	X>Y	NAMPT	222	284	325	241	190	238
7	106055114	X>Y	FLJ36031	156	213	232	209	156	164
7	106111173	X>Y	FLJ36031	134	160	248	191	156	170
7	106336549	X>Y	PIK3CG	108	169	166	170	123	126
7	107333266	X>Y	DLD	180	271	337	237	182	207
7	107452067	X>Y	LAMB4	118	166	187	137	91	141
7	109110120	X>Y	-	135	156	229	160	122	136
7	111460900	X>Y	DOCK4	215	285	339	256	174	200
7	111615971	X>Y	DOCK4	189	210	295	231	153	180
7	111989127	X>Y	ENSG00000182965	156	204	249	198	156	191
7	112003332	X>Y	-	208	241	335	247	177	191
7	112057194	X>Y	-	171	156	372	246	186	228
7	112487100	X>Y	GPR85	236	328	391	316	232	278
7	113907477	X>Y	FOXP2	147	234	299	194	136	187
7	116191247	X>Y	MET	167	140	236	226	152	182
7	116723056	X>Y	WNT2	154	149	235	197	167	165
7	118709984	X>Y	-	105	143	205	151	104	118
7	119939380	X>Y	KCND2	185	137	242	200	137	159
7	120300316	X>Y	TSPAN12	270	400	490	339	264	341
7	121389154	X>Y	PTPRZ1	184	160	337	250	155	192
7	121619930	X>Y	AASS	117	182	174	149	114	159
7	122574089	X>Y	SLC13A1	187	288	345	266	192	209
7	124677955	X>Y	RPL31P39	141	153	219	140	120	137
7	126817485	X>Y	ZNF800	203	201	345	276	226	264
7	127390523	X>Y	SND1	259	318	489	350	300	317
7	128576668	X>Y	TSPAN33	222	287	370	275	239	249
7	128793132	X>Y	AHCYL2	115	129	212	149	112	124
7	129004987	X>Y	NRF1	164	218	221	176	145	161
7	129709116	X>Y	CPA2	192	165	305	248	178	192
7	129897913	X>Y	MEST	146	143	248	196	157	180
7	129914387	X>Y	MEST	242	295	340	255	220	271
7	130423905	X>Y	ENSG00000199627	111	145	198	155	121	150
7	130802135	X>Y	MKLN1	144	202	303	218	160	179
7	131131116	X>Y	ENSG00000172400	248	294	422	291	240	271
7	131202501	X>Y	-	197	268	303	258	185	197
7	132868898	X>Y	EXOC4	233	303	389	283	240	243
7	133443482	X>Y	LRGUK	253	278	428	321	250	285
7	135254114	X>Y	LOC100130332	213	249	302	243	211	201
7	135702941	X>Y	-	154	185	296	209	167	185
7	136758689	X>Y	DGKI	153	158	253	219	178	163
7	136950737	X>Y	DGKI	130	190	212	150	139	146
7	137171774	X>Y	DGKI	129	196	230	182	141	149
7	138787055	X>Y	LOC100129148	197	234	247	236	173	215
7	139096025	X>Y	LOC653052	108	96	133	107	78	102
7	139572873	X>Y	JHDM1D	150	182	264	174	158	163
7	140684659	X>Y	-	130	152	209	172	134	147
7	140726554	X>Y	ENSG00000204990	144	142	244	165	123	174
7	140733376	X>Y	LOC100131199	166	180	243	204	132	159
7	140921165	X>Y	AGK	247	425	478	321	329	291
7	141970436	X>Y	uc003vzn.2	141	151	209	204	158	163
7	144547471	X>Y	-	214	296	350	291	185	202
7	144553427	X>Y	-	141	133	241	157	131	140
7	144631667	X>Y	-	113	166	153	109	114	121
7	144648965	X>Y	-	261	288	428	314	208	283
7	145047692	X>Y	-	145	228	276	199	136	161
7	145499555	X>Y	CNTNAP2	132	186	203	131	124	150
7	145761123	X>Y	CNTNAP2	218	355	353	260	219	198
7	146622310	X>Y	CNTNAP2	100	110	200	122	124	133
7	146911774	X>Y	CNTNAP2	114	142	187	158	94	127
7	147495911	X>Y	CNTNAP2	122	180	237	178	141	127
7	147977700	X>Y	CUL1	200	263	316	234	219	197
7	148554467	X>Y	ZNF212	141	183	221	157	163	161
7	149289180	X>Y	-	139	176	194	147	157	154
7	149996770	X>Y	GIMAP2	222	192	359	255	212	266
7	150645364	X>Y	SMARCD3	241	245	385	270	223	243
7	152796034	X>Y	FLJ42291	153	197	256	196	126	135
7	155526899	X>Y	-	132	170	194	150	133	139
7	155536914	X>Y	-	108	94	177	138	102	106
7	155721074	X>Y	LOC393076	123	156	248	186	135	133
7	156841870	X>Y	DNAJB6	174	275	310	231	192	228
7	157323232	X>Y	PTPRN2	107	108	162	139	83	81
7	157532394	X>Y	PTPRN2	127	178	236	175	150	111
7	157777596	X>Y	PTPRN2	158	126	266	212	178	158
7	157841987	X>Y	PTPRN2	120	113	222	141	113	135
7	158120776	X>Y	NCAPG2	127	213	268	150	150	169
7	158145739	X>Y	NCAPG2	104	181	221	207	122	149
19	2659768	X>Y	GNG7	102	143	179	114	101	143
19	3892001	X>Y	ITGB1BP3	117	139	188	102	93	129
19	5285005	X>Y	PTPRS	114	151	192	120	138	135
19	6482745	X>Y	TNFSF9	103	124	157	98	100	96
19	13229344	X>Y	CACNA1A	121	139	179	131	131	136
