Chromosome	Position	Change	Gene	breast_0	brain_0	kidney_0	liver_0	lung_0	rib_0
1	2866642	X>Y	ENSG00000177133	42	96	77	79	57	85
1	2984058	X>Y	PRDM16	0	1	43	87	1	0
1	3814510	X>Y	C1orf174	0	0	1	0	3	58
1	4293949	X>Y	-	45	43	38	64	27	45
1	4367117	X>Y	-	0	0	0	25	0	0
1	5200289	X>Y	-	0	84	1	0	61	0
1	5307845	X>Y	LOC645466	23	54	33	50	37	42
1	5461427	X>Y	-	0	0	1	1	6	61
1	6078316	X>Y	KCNAB2	0	30	0	0	35	0
1	10176897	X>Y	KIF1B	39	74	59	67	74	75
1	11799962	X>Y	CLCN6	0	0	0	33	0	0
1	12659643	X>Y	AADACL3	0	0	54	0	0	0
1	13969946	X>Y	PRDM2	0	47	0	0	62	0
1	14012851	X>Y	PRDM2	0	0	29	50	1	0
1	14978938	X>Y	KIAA1026	0	0	0	0	0	30
1	15161769	X>Y	KIAA1026	0	0	34	0	1	0
1	15514080	X>Y	FHAD1	0	1	49	75	0	0
1	15589662	X>Y	FHAD1	0	0	0	0	2	34
1	17802653	X>Y	ARHGEF10L	29	50	47	59	52	47
1	18536630	X>Y	IGSF21	0	0	0	0	0	37
1	18928257	X>Y	PAX7	0	0	0	29	1	0
1	20764200	X>Y	CDA	0	1	41	48	0	0
1	22697642	X>Y	ZBTB40	0	0	0	0	4	27
1	23629267	X>Y	ASAP3	35	55	53	69	57	59
1	23657742	X>Y	ASAP3	0	104	0	1	76	0
1	24267368	X>Y	MYOM3	1	0	0	0	0	44
1	24281964	X>Y	MYOM3	0	1	74	95	0	1
1	25329446	X>Y	ENSG00000172823	0	0	0	32	0	0
1	25335187	X>Y	ENSG00000172823	31	52	52	62	52	61
1	25927527	X>Y	MAN1C1	0	1	0	0	0	23
1	26747401	X>Y	RPS6KA1	0	0	0	32	0	0
1	28295035	X>Y	ENSG00000189015	0	5	42	73	5	70
1	29727073	X>Y	ENSG00000219178	0	0	0	0	31	1
1	30270899	X>Y	-	0	0	0	0	5	104
1	30752765	X>Y	-	0	2	0	50	0	0
1	31256719	X>Y	PUM1	44	80	56	83	63	65
1	31936651	X>Y	COL16A1	0	0	0	36	0	0
1	31969094	X>Y	BAI2	28	44	32	30	31	33
1	33685697	X>Y	ZSCAN20	0	0	70	108	0	0
1	34147858	X>Y	CSMD2	0	0	0	25	0	0
1	34262945	X>Y	CSMD2	0	0	0	37	0	0
1	34410048	X>Y	C1orf94	34	74	66	84	65	61
1	34418559	X>Y	C1orf94	0	1	31	45	0	0
1	34845686	X>Y	-	0	0	0	1	3	69
1	35125075	X>Y	DLGAP3	82	175	117	121	118	149
1	37143587	X>Y	GRIK3	45	96	96	84	70	89
1	37146830	X>Y	GRIK3	20	41	44	50	39	39
1	39593016	X>Y	MACF1	0	1	0	0	3	34
1	40603735	X>Y	COL9A2	0	0	1	0	2	44
1	42406647	X>Y	GUCA2A	0	0	31	40	0	0
1	44507311	X>Y	ERI3	56	80	43	81	53	55
1	45855628	X>Y	NASP	0	0	0	37	0	0
1	47795503	X>Y	ENSG00000216700	37	61	48	72	58	55
1	48261724	X>Y	LOC388630	0	0	0	0	4	69
1	49111131	X>Y	AGBL4	0	40	1	0	0	0
1	49210849	X>Y	AGBL4	0	39	0	0	0	0
1	49633137	X>Y	AGBL4	0	0	72	97	0	0
1	50820201	X>Y	FAF1	31	58	44	61	37	49
1	50946188	X>Y	FAF1	2	0	55	0	0	0
1	50948218	X>Y	FAF1	0	0	1	35	0	1
1	51486990	X>Y	RNF11	0	0	0	0	1	59
1	52065812	X>Y	NRD1	0	1	0	0	0	63
1	55614612	X>Y	ENSG00000218685	45	71	44	60	41	67
1	55895291	X>Y	-	0	0	0	0	0	31
1	56623876	X>Y	-	0	1	64	76	4	61
1	58312966	X>Y	DAB1	0	0	61	0	0	0
1	58771777	X>Y	OMA1	0	2	46	73	1	0
1	58812365	X>Y	OMA1	65	102	75	132	90	98
1	59173150	X>Y	LOC645757	59	102	54	109	81	94
1	59281345	X>Y	LOC391044	0	1	49	51	0	0
1	59395273	X>Y	-	30	49	25	65	39	34
1	59606236	X>Y	FGGY	68	126	104	166	98	141
1	60186271	X>Y	CYP2J2	47	92	54	87	52	56
1	61295653	X>Y	NFIA	0	0	0	45	0	0
1	61374740	X>Y	NFIA	42	67	50	70	56	63
1	61454579	X>Y	NFIA	0	0	0	0	5	49
1	62947849	X>Y	DOCK7	0	2	60	70	0	0
1	63860983	X>Y	PGM1	3	0	57	73	6	66
1	64441504	X>Y	UBE2U	0	4	72	104	1	75
1	65668049	X>Y	LEPR	0	0	29	54	5	53
1	66675643	X>Y	-	18	41	19	41	30	25
1	66684006	X>Y	-	0	0	1	0	3	38
1	67009131	X>Y	TCTEX1D1	1	0	3	32	2	0
1	69288072	X>Y	-	0	0	0	26	0	0
1	69771032	X>Y	LRRC7	0	0	0	35	0	0
1	70014881	X>Y	LRRC7	0	0	54	0	0	0
1	71240949	X>Y	PTGER3	0	0	0	1	2	55
1	71881803	X>Y	NEGR1	0	0	0	24	0	0
1	72348627	X>Y	NEGR1	29	49	40	56	41	41
1	72405199	X>Y	NEGR1	55	128	114	132	87	105
1	72822982	X>Y	-	0	37	0	0	0	0
1	73952156	X>Y	ENSG00000200601	0	0	0	41	0	0
1	74240020	X>Y	LRRIQ3	0	1	57	106	0	0
1	75016452	X>Y	CRYZ	0	0	3	0	2	58
1	75383214	X>Y	LHX8	55	67	56	100	58	77
1	75465843	X>Y	SLC44A5	1	2	51	72	1	0
1	76492623	X>Y	ST6GALNAC3	0	83	0	0	0	0
1	76627049	X>Y	ST6GALNAC3	1	2	55	105	1	62
1	76645903	X>Y	ST6GALNAC3	1	0	0	0	1	61
1	77000685	X>Y	LOC100133118	49	86	49	83	54	72
1	77613234	X>Y	AK5	36	55	40	60	43	34
1	79175800	X>Y	ELTD1	0	0	0	0	3	58
1	79782783	X>Y	ADH5P2	1	0	0	0	0	76
1	80531792	X>Y	ENSG00000218484	0	0	0	0	56	0
1	81737245	X>Y	LPHN2	0	1	0	40	0	0
1	81746027	X>Y	LPHN2	0	2	67	63	0	0
1	81903009	X>Y	LPHN2	0	0	35	0	0	0
1	82206699	X>Y	LPHN2	0	0	60	74	0	0
1	82352086	X>Y	-	54	110	65	102	83	73
1	83148267	X>Y	-	0	1	64	68	1	66
1	86142745	X>Y	COL24A1	0	0	0	27	0	0
1	86233044	X>Y	COL24A1	27	62	35	47	30	54
1	87222665	X>Y	HS2ST1	0	0	0	0	0	63
1	88012472	X>Y	-	0	64	0	0	46	0
1	88704682	X>Y	ENSG00000222435	74	89	83	105	59	81
1	90973618	X>Y	BARHL2	0	0	0	33	0	0
1	91070565	X>Y	LOC149351	0	79	0	0	68	0
1	93820691	X>Y	BCAR3	0	0	0	0	0	39
1	93854947	X>Y	BCAR3	0	41	0	0	36	0
1	94229729	X>Y	ABCA4	0	1	0	74	0	0
1	94515716	X>Y	ARHGAP29	0	2	0	25	0	0
1	95654758	X>Y	-	34	60	52	87	57	47
1	97051849	X>Y	PTBP2	55	84	68	108	68	91
1	98075740	X>Y	DPYD	0	2	0	54	0	0
1	98616638	X>Y	ENSG00000221777	44	70	70	106	67	78
1	100350285	X>Y	SASS6	0	0	0	27	0	0
1	100596975	X>Y	CDC14A	66	117	64	124	66	115
1	102357816	X>Y	-	61	110	69	105	74	66
1	104919770	X>Y	-	38	68	44	58	45	52
1	105239364	X>Y	-	0	0	0	0	2	42
1	105379245	X>Y	-	0	3	80	87	0	0
1	105479711	X>Y	-	41	69	69	63	33	58
1	105751148	X>Y	ENSG00000220792	22	51	51	82	38	54
1	105779592	X>Y	ENSG00000220792	0	0	1	27	0	0
1	105976500	X>Y	-	26	74	47	85	44	58
1	105993905	X>Y	ENSG00000218199	1	0	0	0	0	68
1	106429293	X>Y	LOC126987	56	92	84	130	45	81
1	106490664	X>Y	-	0	0	0	44	0	0
1	107451172	X>Y	NTNG1	0	0	35	47	4	30
1	108455372	X>Y	SLC25A24	1	0	0	0	3	46
1	109262628	X>Y	GPSM2	35	76	53	65	51	78
1	109742485	X>Y	SORT1	45	49	44	58	53	43
1	110640188	X>Y	RBM15	0	0	0	0	2	71
1	111238905	X>Y	CD53	0	0	0	0	2	67
1	111243855	X>Y	CD53	47	82	64	71	52	72
1	111729230	X>Y	ENSG00000218053	0	0	2	0	0	60
1	114141754	X>Y	RSBN1	66	93	63	81	64	71
1	114219566	X>Y	HIPK1	0	3	65	80	0	0
1	114435427	X>Y	SYT6	0	0	0	1	1	50
1	116184351	X>Y	NHLH2	0	0	0	22	0	0
2	112081674	X>Y	-	0	3	79	91	4	81
2	112148096	X>Y	-	0	2	0	20	0	0
3	141540851	X>Y	CLSTN2	107	158	111	177	111	120
3	141541946	X>Y	CLSTN2	35	43	45	56	40	48
3	178790327	X>Y	ENSG00000200288	0	2	53	92	4	55
3	179010668	X>Y	-	50	75	62	94	48	73
3	179526416	X>Y	-	0	0	43	0	1	0
3	181190420	X>Y	PEX5L	0	0	0	32	0	0
3	183270834	X>Y	-	39	57	52	80	31	57
3	183672363	X>Y	LOC100132918	0	2	48	103	0	0
3	183939925	X>Y	-	0	78	0	0	53	0
3	184422096	X>Y	MCF2L2	57	77	66	105	67	84
3	185485452	X>Y	ECE2	0	0	34	0	0	0
3	185957865	X>Y	MAGEF1	1	0	0	0	2	55
3	186689735	X>Y	MAP3K13	50	69	54	86	64	71
3	187486758	X>Y	DGKG	0	0	0	21	0	0
3	187702250	X>Y	CRYGS	0	0	0	0	0	39
3	188480934	X>Y	MASP1	1	1	2	45	0	0
3	190153999	X>Y	-	0	0	28	38	0	0
3	190602791	X>Y	-	41	57	47	84	43	62
3	191029472	X>Y	TP63	0	83	0	0	64	0
3	191483297	X>Y	CLDN1	56	77	62	95	76	75
3	191648442	X>Y	TMEM207	0	0	0	0	0	40
3	193844821	X>Y	FGF12	0	0	69	0	0	0
3	196174967	X>Y	-	0	0	1	32	0	0
3	197642331	X>Y	UBXN7	0	0	0	0	0	38
3	198534921	X>Y	DLG1	69	86	51	104	59	73
4	8990687	X>Y	LOC100133128	0	1	0	0	3	78
4	9053068	X>Y	DEFB131	0	1	1	110	0	0
5	51897782	X>Y	-	0	45	0	0	42	1
5	51939810	X>Y	-	0	0	0	21	0	0
5	52005691	X>Y	-	0	0	0	1	1	74
5	52646559	X>Y	-	0	60	0	0	38	0
5	77741526	X>Y	SCAMP1	30	74	51	75	29	71
5	81305602	X>Y	ATG10	0	1	51	113	0	0
5	84621724	X>Y	-	36	48	37	68	25	45
5	84856901	X>Y	LOC645181	39	53	44	90	63	57
5	88152359	X>Y	MEF2C	0	75	1	0	58	0
5	88441860	X>Y	-	37	105	72	74	69	81
5	88564993	X>Y	-	0	0	0	0	0	38
5	88576328	X>Y	-	0	0	0	29	0	0
5	88981104	X>Y	-	34	68	58	56	49	60
5	91103592	X>Y	-	70	105	92	94	83	116
5	91219445	X>Y	-	54	74	67	101	66	70
5	91299931	X>Y	-	43	72	81	66	74	78
5	91357738	X>Y	-	53	69	57	52	57	67
5	91448176	X>Y	-	0	2	64	108	3	56
5	91737547	X>Y	-	50	67	49	95	41	65
5	91758970	X>Y	-	47	84	65	54	49	78
5	92685911	X>Y	-	49	63	41	79	51	42
5	93048746	X>Y	FAM172A	32	55	60	52	45	59
5	93108774	X>Y	FAM172A	37	90	74	65	63	78
5	93269376	X>Y	FAM172A	0	1	51	68	2	0
5	93725443	X>Y	uc003kkn.1	0	0	0	0	0	17
5	94798178	X>Y	FAM81B	74	82	79	78	63	74
5	95751619	X>Y	PCSK1	0	0	0	28	0	0
5	96862610	X>Y	-	0	4	45	81	0	0
5	96986124	X>Y	-	0	1	0	56	0	1
5	98919500	X>Y	LOC728093	25	48	35	61	27	54
5	99983739	X>Y	FAM174A	0	5	49	82	4	76
5	100487032	X>Y	-	0	47	0	0	38	0
5	100875880	X>Y	-	34	77	83	86	76	72
5	100934674	X>Y	ENSG00000222929	32	45	69	57	74	75
5	100982495	X>Y	ENSG00000222929	0	1	47	66	0	0
6	126988664	X>Y	LOC728666	0	0	0	0	2	40
6	127585527	X>Y	RNF146	1	40	1	0	47	0
6	128208030	X>Y	C6orf190	1	0	27	0	0	0
6	128364136	X>Y	PTPRK	0	0	1	33	0	0
6	128840172	X>Y	PTPRK	0	0	1	0	6	85
6	128888781	X>Y	PTPRK	41	59	69	47	72	65
6	130205896	X>Y	C6orf191	0	0	0	0	34	0
6	130671400	X>Y	SAMD3	0	0	62	0	0	0
6	131099587	X>Y	-	0	0	0	0	3	51
6	131268132	X>Y	EPB41L2	43	80	62	98	51	79
6	131972080	X>Y	MED23	25	51	47	21	31	39
6	132396420	X>Y	LOC100131774	46	64	47	28	43	48
6	132498090	X>Y	-	0	0	0	0	9	98
6	132877609	X>Y	STX7	0	95	2	0	54	0
6	133239118	X>Y	HMGB1L13	25	46	48	54	36	43
6	133449351	X>Y	-	0	0	0	40	0	0
6	133809460	X>Y	EYA4	20	50	35	75	37	49
6	134204985	X>Y	TCF21	0	3	73	98	0	0
6	134818453	X>Y	-	61	90	83	53	72	89
6	134973299	X>Y	ENSG00000218772	75	137	86	124	91	115
6	136421335	X>Y	PDE7B	0	0	0	30	0	0
6	136618559	X>Y	FAM54A	35	75	57	35	55	66
6	136668368	X>Y	BCLAF1	46	63	47	27	56	55
6	136865483	X>Y	MAP7	0	115	0	1	62	0
6	137001899	X>Y	MAP3K5	0	0	0	45	0	0
6	137290849	X>Y	ENSG00000207247	0	0	0	36	0	0
6	138631562	X>Y	KIAA1244	0	76	2	0	54	0
6	139334982	X>Y	REPS1	0	64	0	0	38	1
6	139970758	X>Y	ENSG00000219806	0	0	76	61	0	0
6	140049282	X>Y	ENSG00000205695	50	82	77	45	76	78
6	140428469	X>Y	LOC729070	0	0	0	0	10	81
6	140762083	X>Y	-	0	0	0	0	0	43
6	140884297	X>Y	-	24	35	30	26	23	29
6	142699775	X>Y	GPR126	0	0	0	0	8	88
6	143071684	X>Y	HIVEP2	0	1	41	81	0	0
6	143749402	X>Y	ENSG00000218896	0	0	0	32	0	0
6	144414900	X>Y	PLAGL1	0	0	0	0	0	98
6	146172510	X>Y	FBXO30	35	72	50	50	52	56
6	146186567	X>Y	FBXO30	0	1	0	22	0	0
6	146310991	X>Y	SHPRH	0	59	0	0	44	0
6	146410871	X>Y	GRM1	32	63	56	61	54	44
6	146542099	X>Y	GRM1	40	64	54	79	55	57
6	146625698	X>Y	GRM1	60	94	87	54	83	117
6	146625699	X>Y	GRM1	60	96	88	54	83	119
6	146941806	X>Y	C6orf103	0	0	0	0	8	67
6	148074549	X>Y	-	0	0	0	38	0	0
6	148147186	X>Y	-	0	0	0	0	0	73
6	158141272	X>Y	SNX9	28	65	59	91	41	57
6	158545732	X>Y	SERAC1	0	1	0	27	0	0
6	158572652	X>Y	GTF2H5	71	124	71	63	87	83
6	159113832	X>Y	EZR	48	53	58	96	62	71
6	162159061	X>Y	PARK2	1	0	0	26	0	0
6	162346313	X>Y	PARK2	44	55	61	29	34	65
6	162682987	X>Y	PARK2	0	0	0	55	1	0
6	164009292	X>Y	-	0	55	0	0	41	0
6	165086154	X>Y	-	0	49	0	0	36	0
6	165127699	X>Y	-	44	59	41	37	47	49
6	165264097	X>Y	-	0	0	0	30	0	0
6	166841984	X>Y	RPS6KA2	0	0	0	14	0	0
6	167353536	X>Y	FGFR1OP	0	0	27	24	0	0
6	167492553	X>Y	GPR31	0	0	0	0	3	109
6	167498834	X>Y	GPR31	0	0	30	0	0	0
6	167553070	X>Y	ENSG00000216966	0	0	0	19	0	0
6	168173437	X>Y	KIF25	0	0	0	35	0	0
6	169212522	X>Y	-	0	0	0	0	1	69
6	170755923	X>Y	PDCD2	0	1	0	0	7	61
7	166598	X>Y	LOC554248	0	0	0	24	0	0
7	1743704	X>Y	LOC401296	0	55	0	0	55	0
7	2362179	X>Y	EIF3B	32	63	54	72	50	62
7	6665240	X>Y	LOC100133111	0	0	0	29	0	0
7	7185556	X>Y	LOC100134731	32	72	47	80	65	49
7	7426061	X>Y	COL28A1	43	39	28	40	27	31
7	7540276	X>Y	COL28A1	59	125	62	104	76	73
7	7631972	X>Y	LOC729852	42	71	42	108	60	63
7	8601313	X>Y	NXPH1	45	60	50	64	67	50
7	8838677	X>Y	LOC100134670	0	0	0	0	35	0
7	9420732	X>Y	-	0	0	0	27	0	0
7	10477769	X>Y	ENSG00000216737	29	63	48	77	38	42
7	10939342	X>Y	NDUFA4	0	0	0	0	1	33
7	11321150	X>Y	LOC100134516	62	72	62	116	55	100
7	11500805	X>Y	THSD7A	0	3	50	78	0	0
7	12163423	X>Y	-	0	6	60	104	0	47
7	13981990	X>Y	ETV1	0	0	0	1	3	94
7	15592530	X>Y	TMEM195	0	0	0	0	0	61
7	15885801	X>Y	-	0	0	0	26	0	0
7	15953918	X>Y	-	0	0	1	1	5	42
7	16156793	X>Y	LOC729920	0	2	66	110	0	0
7	16530977	X>Y	SOSTDC1	0	0	0	0	5	73
7	17180429	X>Y	ENSG00000209101	0	0	0	0	2	40
7	17294379	X>Y	LOC100131512	36	71	69	90	54	70
7	17798775	X>Y	SNX13	0	1	81	107	0	0
7	18630770	X>Y	HDAC9	52	66	48	86	47	57
7	18977783	X>Y	HDAC9	0	28	0	0	0	0
7	19684407	X>Y	TWISTNB	59	89	70	106	67	77
7	20539353	X>Y	ENSG00000216897	42	46	35	75	46	47
7	20541601	X>Y	ENSG00000216897	57	127	84	117	77	98
7	20956773	X>Y	-	0	1	0	32	0	0
7	21031229	X>Y	LOC100134750	0	0	0	0	6	65
7	21191092	X>Y	ENSG00000222573	71	135	109	151	112	137
7	21893479	X>Y	DNAH11	0	0	0	0	3	73
7	21988837	X>Y	CDCA7L	21	55	41	59	46	45
7	22397215	X>Y	RAPGEF5	46	67	47	97	47	55
7	22404575	X>Y	RAPGEF5	0	89	1	0	79	0
7	24059182	X>Y	-	0	1	58	72	0	0
7	25240044	X>Y	NPVF	0	1	0	43	0	0
7	25400320	X>Y	LOC100134549	0	0	0	35	0	0
7	25518368	X>Y	LOC100134662	46	65	43	79	60	82
7	25535588	X>Y	ENSG00000222101	29	45	36	56	42	36
7	26273927	X>Y	SNX10	0	0	0	0	1	57
7	26663040	X>Y	SKAP2	1	0	0	30	0	0
7	26990797	X>Y	ENSG00000184579	2	77	1	0	41	0
7	26995271	X>Y	ENSG00000184579	31	69	43	88	57	62
7	27709540	X>Y	LOC100134513	0	39	0	0	27	0
7	28201971	X>Y	LOC100128081	0	0	0	44	0	1
7	28805042	X>Y	CREB5	43	83	50	90	43	71
7	29479373	X>Y	CHN2	79	93	77	124	83	68
7	31635730	X>Y	CCDC129	0	0	0	0	2	45
7	32019297	X>Y	PDE1C	0	1	1	1	46	0
7	32671620	X>Y	AVL9	19	61	33	70	61	61
7	34693256	X>Y	NPSR1	0	0	0	59	0	0
7	34854167	X>Y	NPSR1	0	0	0	0	0	93
7	36805174	X>Y	ENSG00000214807	0	0	0	0	4	74
7	37249595	X>Y	ELMO1	0	1	0	32	0	0
7	38316335	X>Y	TARP	0	0	60	0	0	0
7	38537806	X>Y	AMPH	42	68	65	94	62	66
7	38635352	X>Y	AMPH	31	55	34	54	37	43
7	39028384	X>Y	POU6F2	0	0	48	82	3	51
7	46287907	X>Y	-	0	56	0	0	30	0
7	46668790	X>Y	LOC730338	0	39	0	0	29	0
7	47131612	X>Y	-	35	50	37	50	32	58
7	48016189	X>Y	SUNC1	63	102	89	137	92	87
7	48231052	X>Y	ABCA13	1	3	61	94	0	0
7	48361048	X>Y	LOC100134742	0	0	0	30	0	0
7	48407719	X>Y	ABCA13	1	0	0	33	0	0
7	48636162	X>Y	ABCA13	0	0	0	0	0	41
7	49282561	X>Y	LOC100134791	0	1	37	56	0	0
7	49622553	X>Y	-	0	0	39	0	0	0
7	50292215	X>Y	LOC100132224	0	6	45	96	0	0
7	50743611	X>Y	GRB10	0	0	0	0	2	68
7	50762938	X>Y	GRB10	0	0	0	0	7	48
7	51779387	X>Y	ENSG00000210736	48	42	44	82	52	48
7	52781875	X>Y	LOC100134778	0	2	46	71	0	0
7	52977271	X>Y	-	1	2	80	116	0	0
7	53041859	X>Y	DKFZp564N2472	42	82	48	84	51	63
7	55582402	X>Y	ECOP	35	57	50	75	41	49
7	55736464	X>Y	FKBP9L	29	36	37	57	33	39
7	55987397	X>Y	MRPS17	23	56	35	46	34	33
7	56612832	X>Y	ENSG00000213650	43	41	39	68	37	47
7	57562948	X>Y	ZNF716	1	4	67	121	0	81
7	66651915	X>Y	-	0	0	33	0	0	0
7	67421751	X>Y	-	1	87	0	0	61	0
7	69094162	X>Y	AUTS2	41	94	42	112	68	77
7	69204907	X>Y	AUTS2	0	1	0	35	0	0
7	69315563	X>Y	AUTS2	79	91	90	109	85	93
7	69482807	X>Y	AUTS2	62	71	68	103	53	69
7	69765464	X>Y	AUTS2	0	0	0	0	0	88
7	69780337	X>Y	AUTS2	0	0	0	0	1	46
7	70884677	X>Y	CALN1	35	59	42	61	40	52
7	86849072	X>Y	CROT	53	72	52	91	74	69
7	87153287	X>Y	ABCB1	0	0	0	0	0	88
7	88539094	X>Y	ZNF804B	0	0	0	0	1	91
7	89920941	X>Y	LOC100129289	0	1	0	0	30	1
7	90726410	X>Y	FZD1	24	47	24	50	30	45
7	92037109	X>Y	FAM133B	0	53	0	1	42	1
7	92466088	X>Y	ENSG00000222576	0	0	0	0	2	77
7	93033408	X>Y	CALCR	20	47	41	56	40	56
7	94374627	X>Y	PPP1R9A	49	80	54	82	55	72
7	94747583	X>Y	PPP1R9A	0	51	0	0	38	0
7	94920150	X>Y	ASB4	0	1	0	31	0	0
7	96061728	X>Y	LOC100128444	0	0	0	0	1	80
7	96066687	X>Y	LOC100128444	0	0	0	0	49	0
7	98132047	X>Y	NPTX2	0	2	0	34	0	0
7	99297850	X>Y	CYP3A43	42	67	45	77	49	64
7	100050644	X>Y	MOSPD3	0	0	0	0	0	49
7	101047598	X>Y	MYL10	30	54	40	74	53	48
7	102599349	X>Y	uc010lit.1	0	0	44	0	0	0
7	103095628	X>Y	RELN	0	0	0	0	2	37
7	103149549	X>Y	RELN	0	0	0	0	0	57
7	103221094	X>Y	RELN	59	98	68	94	51	83
7	103484511	X>Y	-	0	0	0	0	3	77
7	103863521	X>Y	LHFPL3	1	0	77	0	0	0
7	104589345	X>Y	SRPK2	23	51	44	64	48	59
7	105043200	X>Y	ATXN7L1	0	0	2	0	4	53
7	105706428	X>Y	NAMPT	0	0	56	87	0	1
7	106055114	X>Y	FLJ36031	0	0	1	0	6	62
7	106111173	X>Y	FLJ36031	29	62	47	88	57	64
7	106336549	X>Y	PIK3CG	0	1	0	28	0	0
7	107333266	X>Y	DLD	1	0	0	0	1	67
7	107452067	X>Y	LAMB4	0	0	43	0	0	1
7	109110120	X>Y	-	31	54	37	65	44	51
7	111460900	X>Y	DOCK4	0	0	0	1	3	82
7	111615971	X>Y	DOCK4	0	0	0	0	4	70
7	111989127	X>Y	ENSG00000182965	0	0	2	22	0	0
7	112003332	X>Y	-	0	0	1	1	3	67
7	112057194	X>Y	-	0	100	0	0	78	1
7	112487100	X>Y	GPR85	0	1	0	76	0	0
7	113907477	X>Y	FOXP2	0	1	81	100	0	0
7	116191247	X>Y	MET	0	77	0	0	44	0
7	116723056	X>Y	WNT2	0	69	0	0	57	0
7	118709984	X>Y	-	0	0	0	0	21	0
7	119939380	X>Y	KCND2	0	62	0	0	47	0
7	120300316	X>Y	TSPAN12	0	0	0	0	84	0
7	121389154	X>Y	PTPRZ1	0	87	0	0	44	2
7	121619930	X>Y	AASS	0	2	0	69	0	0
7	122574089	X>Y	SLC13A1	0	0	0	2	54	0
7	124677955	X>Y	RPL31P39	30	65	44	68	35	51
7	126817485	X>Y	ZNF800	0	85	0	0	80	0
7	127390523	X>Y	SND1	74	131	115	171	119	114
7	128576668	X>Y	TSPAN33	43	122	74	110	79	83
7	128793132	X>Y	AHCYL2	26	46	41	80	48	29
7	129004987	X>Y	NRF1	0	4	54	84	0	0
7	129709116	X>Y	CPA2	0	84	0	0	60	0
7	129897913	X>Y	MEST	29	60	56	93	50	71
7	129914387	X>Y	MEST	0	0	0	32	0	0
7	130423905	X>Y	ENSG00000199627	24	57	37	66	43	54
7	130802135	X>Y	MKLN1	0	0	0	27	0	0
7	131131116	X>Y	ENSG00000172400	54	94	125	146	90	104
7	131202501	X>Y	-	0	0	60	0	0	0
7	132868898	X>Y	EXOC4	52	98	89	119	107	87
7	133443482	X>Y	LRGUK	69	146	85	137	82	127
7	135254114	X>Y	LOC100130332	1	2	66	105	0	0
7	135702941	X>Y	-	37	66	65	78	63	61
7	136758689	X>Y	DGKI	38	51	42	87	53	57
7	136950737	X>Y	DGKI	0	0	0	0	1	60
7	137171774	X>Y	DGKI	0	0	0	23	0	0
7	138787055	X>Y	LOC100129148	0	2	60	98	0	0
7	139096025	X>Y	LOC653052	28	41	31	30	24	31
7	139572873	X>Y	JHDM1D	51	52	83	73	55	59
7	140684659	X>Y	-	35	66	58	70	50	53
7	140726554	X>Y	ENSG00000204990	29	64	46	78	39	79
7	140733376	X>Y	LOC100131199	0	0	0	58	0	0
7	140921165	X>Y	AGK	0	0	1	0	4	112
7	141970436	X>Y	uc003vzn.2	1	78	2	1	57	0
7	144547471	X>Y	-	0	1	1	0	53	0
7	144553427	X>Y	-	0	57	0	0	37	0
7	144631667	X>Y	-	0	0	27	0	0	0
7	144648965	X>Y	-	69	132	113	141	77	106
7	145047692	X>Y	-	0	0	1	0	1	60
7	145499555	X>Y	CNTNAP2	0	0	37	0	0	0
7	145761123	X>Y	CNTNAP2	0	0	0	0	3	59
7	146622310	X>Y	CNTNAP2	23	38	45	58	44	56
7	146911774	X>Y	CNTNAP2	0	0	29	1	0	0
7	147495911	X>Y	CNTNAP2	0	1	52	1	0	0
7	147977700	X>Y	CUL1	0	0	0	1	5	69
7	148554467	X>Y	ZNF212	0	1	0	68	0	0
7	149289180	X>Y	-	0	0	0	0	1	58
7	149996770	X>Y	GIMAP2	0	90	0	0	72	0
7	150645364	X>Y	SMARCD3	64	97	90	126	89	82
7	152796034	X>Y	FLJ42291	0	2	49	77	3	54
7	155526899	X>Y	-	1	0	41	52	0	0
7	155536914	X>Y	-	0	33	0	0	31	1
7	155721074	X>Y	LOC393076	41	66	48	83	44	46
7	156841870	X>Y	DNAJB6	0	1	0	50	0	1
7	157323232	X>Y	PTPRN2	20	42	39	69	22	23
7	157532394	X>Y	PTPRN2	0	0	0	35	0	0
7	157777596	X>Y	PTPRN2	0	68	2	0	49	2
7	157841987	X>Y	PTPRN2	33	43	51	54	49	42
7	158120776	X>Y	NCAPG2	0	0	0	31	0	0
7	158145739	X>Y	NCAPG2	0	0	46	1	0	0
19	2659768	X>Y	GNG7	0	1	34	41	0	0
19	3892001	X>Y	ITGB1BP3	0	3	43	54	0	0
19	5285005	X>Y	PTPRS	0	2	48	52	2	52
19	6482745	X>Y	TNFSF9	0	0	0	0	1	39
19	13229344	X>Y	CACNA1A	35	63	47	43	54	51
