0	7;24;5;32;30
7;24;5;32;30	7;24;5;32;30_M4
7;24;5;32;30	7;24;5;32;30_P
7;24;5;32;30	7;24;5;32;30_M1
7;24;5;32;30	7;24;5;32;30_M3
7;24;5;32;30	7;24;5;32;30_M2
0	4;9;8;6;15;12
4;9;8;6;15;12	4;9;8;6;15;12_P
4;9;8;6;15;12	4;9;8;6;15;12_M2
0	10;31;29;42;41;38;14;20;18;16;27
10;31;29;42;41;38;14;20;18;16;27	10;31;29;42;41;38;14;20;18;16;27_M3
0	2;39
2;39	2;39_P
2;39	2;39_M4
GL	0
0	0_M4
0	0_P
0	0_M1
0	0_M3
0	0_M2
36	28;11;54;13
28;11;54;13	28;11;54;13_M4
7;24;5;32;30	36
36	36_M4
36	36_P
36	36_M1
36	36_M3
36	36_M2
7;24;5;32;30	33
33	33_M4
33	33_P
33	33_M1
33	33_M3
33	33_M2
33	35;50;45;52;40
35;50;45;52;40	35;50;45;52;40_M4
35;50;45;52;40	35;50;45;52;40_M1
4;9;8;6;15;12	22;17;26;23
22;17;26;23	22;17;26;23_M2
10;31;29;42;41;38;14;20;18;16;27	43;44
43;44	43;44_M3
