3;2;1;0;6;5;4	9;14
9;14	9;14_M2
3;2;1;0;6;5;4	23;16;21;25;30;43
23;16;21;25;30;43	23;16;21;25;30;43_M8
3;2;1;0;6;5;4	11;20;22
11;20;22	11;20;22_M3
3;2;1;0;6;5;4	13
13	13_M7
3;2;1;0;6;5;4	19;7
19;7	19;7_M4
3;2;1;0;6;5;4	18
18	18_M5
GL	3;2;1;0;6;5;4
3;2;1;0;6;5;4	3;2;1;0;6;5;4_P
3;2;1;0;6;5;4	3;2;1;0;6;5;4_M5
3;2;1;0;6;5;4	3;2;1;0;6;5;4_M4
3;2;1;0;6;5;4	3;2;1;0;6;5;4_M7
3;2;1;0;6;5;4	3;2;1;0;6;5;4_M6
3;2;1;0;6;5;4	3;2;1;0;6;5;4_M1
3;2;1;0;6;5;4	3;2;1;0;6;5;4_M3
3;2;1;0;6;5;4	3;2;1;0;6;5;4_M2
3;2;1;0;6;5;4	3;2;1;0;6;5;4_M8
9;14	17;32
17;32	17;32_M6
9;14	38;36
38;36	38;36_M2
13	39
39	39_M7
