3;2;1;0;6;5;4	9;14
9;14	9;14_P
9;14	9;14_M5
9;14	9;14_M4
9;14	9;14_M7
9;14	9;14_M6
9;14	9;14_M1
9;14	9;14_M3
9;14	9;14_M2
9;14	9;14_M8
3;2;1;0;6;5;4	23;16;21;25;30;43
23;16;21;25;30;43	23;16;21;25;30;43_M6
23;16;21;25;30;43	23;16;21;25;30;43_M8
3;2;1;0;6;5;4	11;20;22
11;20;22	11;20;22_M3
3;2;1;0;6;5;4	13
13	13_P
13	13_M5
13	13_M4
13	13_M7
13	13_M1
13	13_M2
13	13_M8
3;2;1;0;6;5;4	19;7
19;7	19;7_P
19;7	19;7_M5
19;7	19;7_M4
19;7	19;7_M1
19;7	19;7_M3
19;7	19;7_M2
3;2;1;0;6;5;4	18
18	18_M5
18	18_P
18	18_M1
18	18_M8
18	18_M2
GL	3;2;1;0;6;5;4
3;2;1;0;6;5;4	3;2;1;0;6;5;4_P
3;2;1;0;6;5;4	3;2;1;0;6;5;4_M5
3;2;1;0;6;5;4	3;2;1;0;6;5;4_M4
3;2;1;0;6;5;4	3;2;1;0;6;5;4_M7
3;2;1;0;6;5;4	3;2;1;0;6;5;4_M6
3;2;1;0;6;5;4	3;2;1;0;6;5;4_M1
3;2;1;0;6;5;4	3;2;1;0;6;5;4_M3
3;2;1;0;6;5;4	3;2;1;0;6;5;4_M2
3;2;1;0;6;5;4	3;2;1;0;6;5;4_M8
9;14	17;32
17;32	17;32_M5
17;32	17;32_M6
9;14	38;36
38;36	38;36_M6
38;36	38;36_M1
38;36	38;36_M2
13	39
39	39_M7
39	39_M6
39	39_M1
39	39_M8
39	39_M2
