id, 	 phi, 	 nChildren, 	 nGenes, 	 genes 
0,	[ 1.  1.  1.  1.  1.  1.  1.  1.  1.  1.],	1,	0,	
1,	[ 0.816  0.928  0.984  0.981  0.989  0.98   0.986  0.989  0.988  0.994],	6,	7,	s3; s2; s1; s0; s6; s5; s4
2,	[ 0.01   0.011  0.022  0.016  0.014  0.283  0.015  0.008  0.007  0.007],	0,	2,	s15; s7
3,	[ 0.071  0.076  0.095  0.411  0.06   0.065  0.084  0.496  0.08   0.053],	2,	2,	s8; s11
4,	[ 0.005  0.005  0.012  0.154  0.005  0.004  0.006  0.011  0.005  0.007],	0,	2,	s24; s23
5,	[ 0.005  0.007  0.006  0.006  0.005  0.007  0.011  0.385  0.008  0.004],	0,	2,	s13; s22
6,	[ 0.015  0.022  0.028  0.019  0.009  0.008  0.186  0.006  0.006  0.01 ],	0,	1,	s14
7,	[ 0.017  0.023  0.045  0.026  0.011  0.023  0.032  0.03   0.245  0.021],	1,	1,	s10
8,	[ 0.008  0.006  0.028  0.013  0.005  0.007  0.009  0.021  0.18   0.011],	0,	1,	s25
9,	[ 0.005  0.009  0.007  0.005  0.441  0.009  0.005  0.01   0.007  0.007],	0,	3,	s9; s16; s18
10,	[ 0.005  0.006  0.007  0.006  0.008  0.004  0.005  0.014  0.003  0.508],	0,	6,	s19; s12; s17; s20; s21; s26



      /-2
     |
     |   /-4
     |-3|
     |   \-5
     |
-0 /1|--6
     |
     |-7 /-8
     |
     |--9
     |
      \-10

Number of non-empty nodes in the tree: 10


id, 	 phi, 	 nChildren, 	 nGenes, 	 genes 
0,	[ 1.  1.  1.  1.  1.  1.  1.  1.  1.  1.],	1,	0,	
1,	[ 0.867  0.932  0.975  0.981  0.986  0.98   0.976  0.998  0.987  0.992],	6,	7,	s3; s2; s1; s0; s6; s5; s4
2,	[ 0.014  0.029  0.011  0.015  0.016  0.019  0.188  0.012  0.012  0.012],	0,	1,	s14
3,	[ 0.032  0.024  0.033  0.014  0.02   0.019  0.011  0.016  0.264  0.013],	1,	1,	s10
4,	[ 0.012  0.014  0.015  0.007  0.01   0.009  0.006  0.006  0.209  0.005],	0,	1,	s25
5,	[ 0.02   0.008  0.008  0.014  0.422  0.01   0.017  0.007  0.009  0.006],	0,	3,	s9; s16; s18
6,	[ 0.012  0.007  0.01   0.018  0.011  0.294  0.01   0.008  0.013  0.01 ],	0,	2,	s15; s7
7,	[ 0.059  0.067  0.092  0.368  0.054  0.038  0.071  0.451  0.074  0.049],	2,	2,	s8; s11
8,	[ 0.007  0.006  0.008  0.168  0.011  0.006  0.007  0.011  0.01   0.008],	0,	2,	s24; s23
9,	[ 0.009  0.005  0.012  0.016  0.007  0.003  0.008  0.359  0.006  0.01 ],	0,	2,	s13; s22
10,	[ 0.004  0.014  0.009  0.008  0.006  0.006  0.006  0.006  0.011  0.524],	0,	6,	s19; s12; s17; s20; s21; s26



      /-2
     |
     |-3 /-4
     |
     |--5
     |
-0 /1|--6
     |
     |   /-8
     |-7|
     |   \-9
     |
      \-10

Number of non-empty nodes in the tree: 10


id, 	 phi, 	 nChildren, 	 nGenes, 	 genes 
0,	[ 1.  1.  1.  1.  1.  1.  1.  1.  1.  1.],	1,	0,	
1,	[ 0.841  0.905  0.982  0.987  0.992  0.988  0.977  0.992  0.986  0.993],	6,	7,	s3; s2; s1; s0; s6; s5; s4
2,	[ 0.009  0.007  0.007  0.002  0.005  0.007  0.006  0.008  0.002  0.48 ],	0,	6,	s19; s12; s17; s20; s21; s26
3,	[ 0.015  0.014  0.004  0.007  0.007  0.285  0.012  0.012  0.006  0.009],	0,	2,	s15; s7
4,	[ 0.008  0.02   0.014  0.018  0.007  0.013  0.183  0.013  0.018  0.009],	0,	1,	s14
5,	[ 0.008  0.008  0.016  0.014  0.414  0.009  0.013  0.004  0.01   0.005],	0,	3,	s9; s16; s18
6,	[ 0.02   0.028  0.031  0.025  0.016  0.033  0.015  0.023  0.248  0.017],	1,	1,	s10
7,	[ 0.006  0.01   0.018  0.017  0.007  0.012  0.008  0.014  0.218  0.008],	0,	1,	s25
8,	[ 0.061  0.078  0.075  0.379  0.069  0.056  0.093  0.482  0.078  0.07 ],	2,	2,	s8; s11
9,	[ 0.006  0.009  0.009  0.015  0.011  0.007  0.007  0.404  0.007  0.01 ],	0,	2,	s13; s22
10,	[ 0.007  0.015  0.01   0.125  0.005  0.005  0.01   0.004  0.012  0.009],	0,	2,	s24; s23



      /-2
     |
     |--3
     |
     |--4
-0 /1|
     |--5
     |
     |-6 /-7
     |
     |   /-9
      \8|
         \-10

Number of non-empty nodes in the tree: 10


id, 	 phi, 	 nChildren, 	 nGenes, 	 genes 
0,	[ 1.  1.  1.  1.  1.  1.  1.  1.  1.  1.],	1,	0,	
1,	[ 0.875  0.899  0.986  0.992  0.996  0.995  0.995  0.988  0.986  0.995],	6,	7,	s3; s2; s1; s0; s6; s5; s4
2,	[ 0.008  0.003  0.005  0.005  0.005  0.005  0.004  0.003  0.008  0.463],	0,	6,	s19; s12; s17; s20; s21; s26
3,	[ 0.017  0.012  0.01   0.02   0.004  0.019  0.143  0.008  0.007  0.009],	0,	1,	s14
4,	[ 0.005  0.01   0.009  0.005  0.406  0.015  0.013  0.004  0.009  0.004],	0,	3,	s9; s16; s18
5,	[ 0.028  0.029  0.036  0.029  0.025  0.015  0.02   0.011  0.237  0.023],	1,	1,	s10
6,	[ 0.01   0.013  0.019  0.019  0.014  0.006  0.008  0.006  0.192  0.007],	0,	1,	s25
7,	[ 0.082  0.091  0.109  0.371  0.063  0.065  0.093  0.484  0.09   0.054],	2,	2,	s8; s11
8,	[ 0.003  0.007  0.007  0.126  0.007  0.005  0.004  0.006  0.009  0.009],	0,	2,	s24; s23
9,	[ 0.007  0.015  0.008  0.012  0.006  0.009  0.012  0.394  0.003  0.004],	0,	2,	s13; s22
10,	[ 0.009  0.015  0.011  0.011  0.009  0.317  0.013  0.009  0.011  0.005],	0,	2,	s15; s7



      /-2
     |
     |--3
     |
     |--4
     |
-0 /1|-5 /-6
     |
     |   /-8
     |-7|
     |   \-9
     |
      \-10

Number of non-empty nodes in the tree: 10


id, 	 phi, 	 nChildren, 	 nGenes, 	 genes 
0,	[ 1.  1.  1.  1.  1.  1.  1.  1.  1.  1.],	1,	0,	
1,	[ 0.864  0.922  0.993  0.992  0.992  0.985  0.978  0.985  0.986  0.992],	6,	7,	s3; s2; s1; s0; s6; s5; s4
2,	[ 0.027  0.011  0.032  0.008  0.012  0.007  0.191  0.004  0.013  0.009],	0,	1,	s14
3,	[ 0.023  0.024  0.044  0.018  0.025  0.019  0.015  0.01   0.281  0.009],	1,	1,	s10
4,	[ 0.009  0.016  0.025  0.006  0.013  0.008  0.01   0.006  0.222  0.004],	0,	1,	s25
5,	[ 0.011  0.009  0.008  0.009  0.407  0.014  0.01   0.009  0.014  0.008],	0,	3,	s9; s16; s18
6,	[ 0.074  0.074  0.094  0.403  0.054  0.077  0.083  0.473  0.096  0.058],	2,	2,	s8; s11
7,	[ 0.016  0.012  0.029  0.16   0.011  0.025  0.013  0.018  0.026  0.01 ],	1,	1,	s23
8,	[ 0.01   0.006  0.014  0.104  0.004  0.01   0.004  0.007  0.012  0.004],	0,	1,	s24
9,	[ 0.004  0.005  0.009  0.026  0.006  0.004  0.004  0.391  0.006  0.005],	0,	2,	s13; s22
10,	[ 0.012  0.003  0.014  0.011  0.008  0.277  0.012  0.005  0.011  0.008],	0,	2,	s15; s7
11,	[ 0.008  0.006  0.007  0.01   0.003  0.004  0.005  0.007  0.006  0.461],	0,	6,	s19; s12; s17; s20; s21; s26



      /-2
     |
     |-3 /-4
     |
     |--5
     |
-0 /1|   /7 /-8
     |-6|
     |   \-9
     |
     |--10
     |
      \-11

Number of non-empty nodes in the tree: 11


