0;1;2
3;5
6;9;11;13;16;25;28;31;41;50;57;58;61;66;70;76;79;83;88;91;93;97;99;101;104;106;111;112;115;127;134;139;140;155
161
169
183;187;191
201
206;219;232
244;274;279;290;309;334;345;386;394;397;416;417
434;451
439;450
123
129;137;146;166;174;180
132;143;158;164;172;177;186
189;195;199;203;209
194;198
293
261;271;282;287;311;348;375
270;277;281;286;292;303;310;317;338
306;320;328
352
360;376
297;305
455
463;492;526;537;549
491;500;511;525;536
472;524
468;486;503
475;513
601;621;637;644;662;675;696
615;620;632;659;670;695
647
656;703
683
655;666
298;329;341;361;377;400;419;424;429;435;442;454;480;508;519;534;568;582
125;131;142;150;163;185;193;208;212;221;227;238;241;248;256;266;285;291;302;315;325;335;356;399;408;411;414;418;423;431;437;445
459;469;507;517;545;554;560;571;572;579;581;593;598;618;624;630;636;642;649;658;699
428;441;453;470;488;518;546;567;584;594;599;607;613;625
254;259;264;268;300;314;333;344;355;364;372;379;383;391;402;405;412;420;433;438;449;478;506;516;533;544;553;559;566;570;577;589;612;617;634;639
215;218;226;228;236;243;250;258;263;267;273;278;295;301;365;373;380;387;392;403;407;422;426;432;447;476;504;514;531;557;574;578;587;591;596
176;184;188;192;197;202;216;220;224;229;237;252;260;265;269;308;324;332;343;354;363;371;382;390;430;443
239;251;275;280;283
4;7;14;17;19;22;26;29;32;33;36;42;46;47;51;53;55;67;73;77;80;84;86;89;92;94;96;98;103;109;121;124;126;130;133;138;147;153;168;181;200;204;213;222;231;234;242
8;10;12;20;23;27;34;39;43;45;48;52;54;56;62;64;68;71;74;81;108;110;114;117;119
