0;1;2;3;4;5;6;7
8
9;14;19;23;27;31;37;42
11
15;17;21;25
28;35;40;45;48;51
34;39
50;56
10;12;32;43;47;49;55
120;126;134
157;161;171
122
125;133;140;146;166;170;178;180;182;185
128;132;135;165;177;179
392;410;417;431
409
425;447;458
597;600;605;609;614;624;625;630
637;653;672
644;661
604;628;642;660
638;656;677;685
655;663
738;743;749
754
762;771
747;753;760;769;775;787;793;801
732;734;741;746;751;766;772;789;806;811;813
744;757;765;784;796;805
438;446;457;465;471;488;493;515;520;525;527;534;537;539;547;550;561;569;571;573;577;580;585;587;591;598;602;616;621;634;649;668;687;706;716;725;726;730;731;733;735
369;373;377;380;385;393;397;437;443;449;454;460;468;477;496;502;507;511;518;521;523;526;528;536;542;546;548;551;557;558;559;563;566;567;583;592;596
147;152;158;162;174;188;191;196;205;214;218;231;233;238;243;250;255;263;268;270;276;284;289;297;300;305;309;318;322;332;341;345;351;354;359;361;365;371;382;402;419
193;199;201;207;217;220;224;227;229;235;237;241;253;261;265;274;280;283;292;295;301;308;313;317;321;325;335;339;348;357;360;376;387;395;399;411;418;424;432;445;455;462;484;491;508;512
187;190;204;211;222;225;230;254;262;264;269;287;296;304;314;326;340;344;350;356;358
13;18;22;26;29;41;46;52;57;59;62;64;66;69;72;80;82;85;87;91;93;96;98;101;102;106;108;109;112;115;117;121;124;127;131;144;160;173;176;181;184;192;195;198;203;210;216;226;232;236;240;242;248;252;258;272;279;282;291;294;312;320;324;329;331;334;338;343;347;355;364;367;370;375;381;398;405;420;427;476;482;495;501;517;530;532;535;540;545;554;556;565;575;579;582;589;594;606;611;615;619;626;648;658;667;686;695;705;710;715;721;722;723;724;727;728;729
44;61;63;65;71;75;77;79;84;86;89;90;94;100;103;105;107;111;113;118;143;150;156;169;172;183;202;206;209;213;215;228;234;245;247;249;257;260;271;273;278;281;286;299;303;307;310;311;316;327;337;342;349;353;363;366;374;386;394;413;434;453;467;475;481;490;500;510;522;529;544;553;555;562;570;574;578;581;588;601;610;620;632
60;67;68;70;73;74;76;78;81;83;88;92;95;97;99;104;110;114;119
