0;1
2;8;10;19;24;28;30;35;43;47
54;58;59;63;66;74;82;87;90;95;98;105;118;123;124;127;136;141;148;153;159;162;172;178;181;186;190;195;200;211;214;215;224;227;231;237;238;242;250;258;276;282;286;296;303;306;314;318;329;336;340;343;345;356;383;391;423;431;432;444
461;468;472;476;481
488;502;511;519;526
495
510
475;480;487;501;509;517;533;540;548;568;571;581;586;605;612;619;638;652;667;668;676
685;690
689;694;698
4
241;245;249
453;464;474;479;485;493;514;532;537
463;470;491;497;505;528
351;355;360;364;367;375
382;388;408;419;439;457
397
363;371
441;459;467
458;471
576;580;590;596;603;610;616;624;629
650;655
579;584;602;634;649
792;800;821;827;837
806;819;835;844;849
785;791;797;804;811
843
848
786;795;810;817
252;256;264;268;297;309;323;325;334;338;341;348;350;353;357;378;393;424;433;469;477;496;503;512;535;542;559
518;534;541;549;569;606;614;626;631;639;645;666;669;696;701;710;719;727;734;754;765
550;557;573;582;632;646;658;670;674;677;684;688;692;702;711;737;742;755;772
50;55;60;67;71;78;84;88;91;96;99;101;103;109;131;137;142;146;156;165;169;173;187;191;196;205;208;222;225;232;243;246;251;253;259;266;271;275;281;290;295;299;308;316;320;328;331;337;346;349;352;362;369;390;401;412;435;446
6;16;38;41;45;48;52;57;69;72;76;80;89;97;111;115;120;132;134;144;150;158;163;167;170;176;183;184;193;198;201;207;210;213;217;219;228;233;239;244;247;254;260;263;272;301;312;322;333;361;376;398;410;421;428
3;5;7;9;13;17;20;23;26;33;36;39;46;53;61;65;70;73;93;100;102;107;112;116;119;122;125;129;133;135;139;147;151;154;175;177;185;189;194;199;202;204;220;223;229;234;235;262;265;270;277;283;291;300;304;307;315;319;327;330;344
11;12;15;22;25;32;37;40;44;51;64;68;75;79;83;85;92;104;106;110;114;121;128;138;140;143;149;157;160;166;174;179;182;188;192;197;206;209;212;216
