0;1
4;7;11
15;17;19
18;23;26;27;31
32;38;46;56;59;62;66;67;69;71;75;83;105;114;130;137;153;155;160;168;172;181;206;209;215;235;239;244;266;269;279;289;294;304;315;321;332;339;346;362;368;386;391;395;413;419;428;429;433;441;454;458;463;482;488;508;516;522;532;551;569;574;584;589;597;601;614;628;634;639;647;656;666;671;677;686;693;701;714;721;725;728;733;738;750;755;761;767;770;774;784;789;793;796;804;815;823;844;845;853
860
867;897;901;912;931
874
896
866;894;899;909;919;928
961
77
79;82;90
96;104;113
81;87
89;101;110;117;136;143
85;88
126;138;147;154
681;692;704
685;691;703;707;711;720;724;743;759;769;783;802;812;819;831;835;840;849;864;876;887;904;954;963;976;990;998;999;1014;1022;1028;1036;1057;1066;1084
1091;1104;1108
1103
95;100;116;128;135;142;162;175
945;965;978;986;994;1039
955;964;977;985;1001;1006
979;1071;1082;1106
988;995
1003;1019;1027;1044;1051;1070;1081;1086
1018;1032;1042;1049;1078
1144;1148;1151;1158;1160;1171;1190;1205
1147;1149;1153;1156;1157;1159;1162;1165;1176;1188
1175;1181;1197;1204;1211;1218;1222;1226;1227
1194;1200;1208;1214
1199;1207
183;189;194;204;212;219;224;228;237;242;251;259;272;277;288;292;300;312;323;328;335;349;355;361;366;393;399;402;410;436;443;451;474;478;486;490;498;514;517;525;533;538;541;547;554;560;576;585;598;604;609;615;617;621;630;636;653;667;673;699;705;717;727;732;737;742;749;754;758;766;773;779;788;795;798;801;818;830;839;863;886;903;922;962;975;982;1013;1046;1055;1111;1115;1118;1127;1133;1137;1142
103;112;129;144;151;163;166;170;176;179;184;199;205;213;229;233;238;243;247;252;260;273;278;297;301;313;319;324;329;336;342;344;350;375;379;385;394;403;411;415;420;424;430;449;468;476;483;491;496;502;523;528;540;545;552;559;580;590;602;620;625;635;643;658;674;678;680;683;689;695;700;702;709;719;736;740;746;748;757;778;782;787;792;794;800;806;811;817;829;834;848;869;885;902;913;932;944;953;968
193;208;211;223;227;232;246;258;264;267;271;276;282;287;291;296;311;318;327;341;348;354;365;384;389;392;398;409;417;437;444;452;460;466;470;479;499;504;518;531;539;542;548;565;578;586;595;599;606;611;619;623;631;637;655;659;663;668;684;690;698;713;731;747;753;756;762;765;777;781;810;816;826;847;862;868;875;905;923;933
121;132;139;148;178;188;198;203;218;222;226;241;257;275;281;299;306;310;326;334;357;360;370;374;383;388;397;408;431;434;447;459;464;469;477;484;489;492;497;524;529;535;543;549;556;566;579;583;600;612;616;632;638;642;650;661;665;670;676
942;951;969;974;980;989;996;1004;1011;1020;1034;1045;1053;1063;1101;1107;1113;1128;1134;1146;1155
884;900;911;921;930;943;952;970;981;997;1012;1021;1035;1054;1064;1096;1109;1112;1120;1123;1126
35;37;42;45;50;53;55;58;65;72;91;97;106;120;124;146;157;182;187;191;197;221;225;230;236;245;249;254;270;285;293;303;307;314;320;331;338;351;356;358;372;376;381;400;412;422;426;439;456;462;471;481;494;506;511;515;520;527;536;557;567;587;596;624;633;651;657;682;688;697;708;712;715;726;729;734;739;744;751;763;771;775;785;790;799;803;821;832;837;841;857;870;889;916;925
3;5;10;14;25;30;34;36;40;41;43;48;49;52;54;61;64;68;70;74
