12;6;4	10;9
10;9	10;9_M4
10;9	10;9_P
10;9	10;9_M1
10;9	10;9_M3
10;9	10;9_M2
0	13;3;1;8;7
13;3;1;8;7	13;3;1;8;7_M4
13;3;1;8;7	13;3;1;8;7_P
13;3;1;8;7	13;3;1;8;7_M1
13;3;1;8;7	13;3;1;8;7_M3
13;3;1;8;7	13;3;1;8;7_M2
0	12;6;4
12;6;4	12;6;4_M4
12;6;4	12;6;4_P
12;6;4	12;6;4_M1
12;6;4	12;6;4_M3
12;6;4	12;6;4_M2
GL	0
0	0_M4
0	0_P
0	0_M1
0	0_M3
0	0_M2
16	24;22;21;30
24;22;21;30	24;22;21;30_M4
24;22;21;30	24;22;21;30_P
24;22;21;30	24;22;21;30_M1
24;22;21;30	24;22;21;30_M3
24;22;21;30	24;22;21;30_M2
13;3;1;8;7	16
16	16_M4
16	16_P
16	16_M1
16	16_M3
16	16_M2
13;3;1;8;7	19;14
19;14	19;14_M4
19;14	19;14_P
19;14	19;14_M1
19;14	19;14_M3
19;14	19;14_M2
13;3;1;8;7	28;32;5;11;20;18;25;23;27
28;32;5;11;20;18;25;23;27	28;32;5;11;20;18;25;23;27_M4
28;32;5;11;20;18;25;23;27	28;32;5;11;20;18;25;23;27_P
28;32;5;11;20;18;25;23;27	28;32;5;11;20;18;25;23;27_M1
28;32;5;11;20;18;25;23;27	28;32;5;11;20;18;25;23;27_M3
28;32;5;11;20;18;25;23;27	28;32;5;11;20;18;25;23;27_M2
13;3;1;8;7	26;29
26;29	26;29_M4
26;29	26;29_P
26;29	26;29_M1
26;29	26;29_M3
26;29	26;29_M2
24;22;21;30	41;38
41;38	41;38_M4
41;38	41;38_P
41;38	41;38_M1
41;38	41;38_M3
41;38	41;38_M2
19;14	34
34	34_M4
34	34_P
34	34_M1
34	34_M3
34	34_M2
28;32;5;11;20;18;25;23;27	35;36;37
35;36;37	35;36;37_M4
35;36;37	35;36;37_P
35;36;37	35;36;37_M1
35;36;37	35;36;37_M3
35;36;37	35;36;37_M2
