6;0	11;10;12
11;10;12	11;10;12_M4
11;10;12	11;10;12_P
11;10;12	11;10;12_M1
11;10;12	11;10;12_M3
11;10;12	11;10;12_M2
6;0	1
1	1_M4
1	1_P
1	1_M1
1	1_M3
1	1_M2
6;0	9;8;27;25;24;23;21;30
9;8;27;25;24;23;21;30	9;8;27;25;24;23;21;30_M4
9;8;27;25;24;23;21;30	9;8;27;25;24;23;21;30_P
9;8;27;25;24;23;21;30	9;8;27;25;24;23;21;30_M1
9;8;27;25;24;23;21;30	9;8;27;25;24;23;21;30_M3
9;8;27;25;24;23;21;30	9;8;27;25;24;23;21;30_M2
6;0	7
7	7_M4
7	7_P
7	7_M1
7	7_M3
7	7_M2
GL	6;0
6;0	6;0_M4
6;0	6;0_P
6;0	6;0_M1
6;0	6;0_M3
6;0	6;0_M2
11;10;12	26;16
26;16	26;16_M4
26;16	26;16_P
26;16	26;16_M1
26;16	26;16_M3
26;16	26;16_M2
11;10;12	14;13
14;13	14;13_M4
14;13	14;13_P
14;13	14;13_M1
14;13	14;13_M3
14;13	14;13_M2
1	5
5	5_M4
5	5_P
5	5_M1
5	5_M3
5	5_M2
1	4
4	4_M4
4	4_P
4	4_M1
4	4_M3
4	4_M2
9;8;27;25;24;23;21;30	31
31	31_M4
31	31_P
31	31_M1
31	31_M3
31	31_M2
