id, 	 phi, 	 nChildren, 	 nGenes, 	 genes 
0,	[ 1.  1.  1.  1.  1.  1.],	1,	0,	
1,	[ 0.856  0.917  0.982  0.978  0.989  0.993],	4,	2,	s4; s0
2,	[ 0.028  0.024  0.355  0.013  0.01   0.01 ],	0,	1,	s5
3,	[ 0.114  0.091  0.079  0.733  0.77   0.061],	2,	3,	s9; s8; s10
4,	[ 0.01   0.011  0.015  0.012  0.602  0.005],	0,	2,	s18; s13
5,	[ 0.011  0.009  0.005  0.245  0.012  0.008],	0,	2,	s12; s11
6,	[ 0.479  0.565  0.126  0.085  0.063  0.048],	2,	1,	s1
7,	[ 0.023  0.302  0.008  0.009  0.008  0.01 ],	0,	1,	s3
8,	[ 0.162  0.023  0.012  0.007  0.013  0.002],	0,	1,	s2
9,	[ 0.025  0.015  0.153  0.016  0.013  0.798],	1,	8,	s7; s6; s19; s17; s16; s15; s14; s20
10,	[ 0.006  0.004  0.023  0.006  0.006  0.464],	0,	1,	s21



      /-2
     |
     |   /-4
     |-3|
     |   \-5
-0 /1|
     |   /-7
     |-6|
     |   \-8
     |
      \9 /-10

Number of non-empty nodes in the tree: 10


id, 	 phi, 	 nChildren, 	 nGenes, 	 genes 
0,	[ 1.  1.  1.  1.  1.  1.],	1,	0,	
1,	[ 0.847  0.911  0.984  0.981  0.987  0.989],	4,	2,	s4; s0
2,	[ 0.148  0.115  0.098  0.751  0.815  0.085],	2,	3,	s9; s8; s10
3,	[ 0.006  0.006  0.005  0.018  0.524  0.008],	0,	2,	s18; s13
4,	[ 0.004  0.007  0.007  0.227  0.02   0.007],	0,	2,	s12; s11
5,	[ 0.02   0.033  0.357  0.024  0.022  0.014],	0,	1,	s5
6,	[ 0.516  0.561  0.096  0.055  0.037  0.03 ],	2,	1,	s1
7,	[ 0.026  0.343  0.019  0.009  0.011  0.008],	0,	1,	s3
8,	[ 0.139  0.043  0.021  0.01   0.012  0.006],	0,	1,	s2
9,	[ 0.006  0.009  0.133  0.011  0.012  0.792],	1,	8,	s7; s6; s19; s17; s16; s15; s14; s20
10,	[ 0.003  0.005  0.023  0.006  0.008  0.479],	0,	1,	s21



         /-3
      /2|
     |   \-4
     |
     |--5
-0 /1|
     |   /-7
     |-6|
     |   \-8
     |
      \9 /-10

Number of non-empty nodes in the tree: 10


id, 	 phi, 	 nChildren, 	 nGenes, 	 genes 
0,	[ 1.  1.  1.  1.  1.  1.],	1,	0,	
1,	[ 0.825  0.931  0.965  0.968  0.979  0.987],	4,	2,	s4; s0
2,	[ 0.115  0.083  0.065  0.724  0.744  0.053],	2,	3,	s9; s8; s10
3,	[ 0.007  0.004  0.005  0.294  0.014  0.007],	0,	2,	s12; s11
4,	[ 0.009  0.009  0.007  0.023  0.547  0.005],	0,	2,	s18; s13
5,	[ 0.014  0.012  0.336  0.006  0.012  0.01 ],	0,	1,	s5
6,	[ 0.397  0.525  0.106  0.078  0.071  0.06 ],	2,	1,	s1
7,	[ 0.036  0.27   0.006  0.009  0.005  0.006],	0,	1,	s3
8,	[ 0.129  0.015  0.016  0.009  0.005  0.005],	0,	1,	s2
9,	[ 0.011  0.012  0.13   0.006  0.006  0.766],	1,	8,	s7; s6; s19; s17; s16; s15; s14; s20
10,	[ 0.006  0.004  0.037  0.003  0.002  0.509],	0,	1,	s21



         /-3
      /2|
     |   \-4
     |
     |--5
-0 /1|
     |   /-7
     |-6|
     |   \-8
     |
      \9 /-10

Number of non-empty nodes in the tree: 10


id, 	 phi, 	 nChildren, 	 nGenes, 	 genes 
0,	[ 1.  1.  1.  1.  1.  1.],	1,	0,	
1,	[ 0.762  0.897  0.939  0.991  0.986  0.994],	4,	2,	s4; s0
2,	[ 0.099  0.095  0.132  0.736  0.787  0.078],	2,	3,	s9; s8; s10
3,	[ 0.009  0.011  0.005  0.019  0.547  0.014],	0,	2,	s18; s13
4,	[ 0.033  0.026  0.029  0.374  0.061  0.02 ],	1,	1,	s11
5,	[ 0.008  0.007  0.004  0.191  0.009  0.006],	0,	1,	s12
6,	[ 0.019  0.019  0.312  0.021  0.012  0.01 ],	0,	1,	s5
7,	[ 0.394  0.501  0.091  0.057  0.041  0.036],	2,	1,	s1
8,	[ 0.046  0.372  0.021  0.011  0.007  0.003],	0,	1,	s3
9,	[ 0.163  0.013  0.022  0.014  0.004  0.008],	0,	1,	s2
10,	[ 0.013  0.013  0.135  0.009  0.009  0.763],	1,	8,	s7; s6; s19; s17; s16; s15; s14; s20
11,	[ 0.007  0.008  0.055  0.003  0.006  0.53 ],	0,	1,	s21



         /-3
      /2|
     |   \4 /-5
     |
     |--6
-0 /1|
     |   /-8
     |-7|
     |   \-9
     |
      \10/-11

Number of non-empty nodes in the tree: 11


id, 	 phi, 	 nChildren, 	 nGenes, 	 genes 
0,	[ 1.  1.  1.  1.  1.  1.],	1,	0,	
1,	[ 0.788  0.977  0.962  0.988  0.985  0.994],	4,	2,	s4; s0
2,	[ 0.086  0.081  0.085  0.741  0.774  0.054],	2,	3,	s9; s8; s10
3,	[ 0.007  0.006  0.007  0.008  0.583  0.005],	0,	2,	s18; s13
4,	[ 0.016  0.018  0.013  0.33   0.039  0.014],	1,	1,	s11
5,	[ 0.008  0.01   0.003  0.166  0.024  0.008],	0,	1,	s12
6,	[ 0.023  0.022  0.322  0.013  0.016  0.003],	0,	1,	s5
7,	[ 0.473  0.578  0.176  0.09   0.086  0.089],	2,	1,	s1
8,	[ 0.012  0.283  0.022  0.011  0.006  0.005],	0,	1,	s3
9,	[ 0.113  0.014  0.02   0.005  0.013  0.007],	0,	1,	s2
10,	[ 0.018  0.014  0.173  0.025  0.014  0.778],	1,	8,	s7; s6; s19; s17; s16; s15; s14; s20
11,	[ 0.007  0.004  0.027  0.01   0.003  0.343],	0,	1,	s21



         /-3
      /2|
     |   \4 /-5
     |
     |--6
-0 /1|
     |   /-8
     |-7|
     |   \-9
     |
      \10/-11

Number of non-empty nodes in the tree: 11


