39;49	54
54	54_M5
54	54_M3
9;25;30;31;28;32;21;10;19	39;49
39;49	39;49_M5
39;49	39;49_M3
0	4;6;27;14;17
4;6;27;14;17	4;6;27;14;17_P
4;6;27;14;17	4;6;27;14;17_M5
4;6;27;14;17	4;6;27;14;17_M4
4;6;27;14;17	4;6;27;14;17_M1
4;6;27;14;17	4;6;27;14;17_M3
4;6;27;14;17	4;6;27;14;17_M2
0	1
1	1_P
1	1_M5
1	1_M4
1	1_M1
1	1_M3
1	1_M2
0	9;25;30;31;28;32;21;10;19
9;25;30;31;28;32;21;10;19	9;25;30;31;28;32;21;10;19_M5
9;25;30;31;28;32;21;10;19	9;25;30;31;28;32;21;10;19_P
9;25;30;31;28;32;21;10;19	9;25;30;31;28;32;21;10;19_M1
9;25;30;31;28;32;21;10;19	9;25;30;31;28;32;21;10;19_M3
GL	0
0	0_P
0	0_M5
0	0_M4
0	0_M1
0	0_M3
0	0_M2
55;47;33;46;45;51;50;52;43	48;53;56
48;53;56	48;53;56_M4
4;6;27;14;17	55;47;33;46;45;51;50;52;43
55;47;33;46;45;51;50;52;43	55;47;33;46;45;51;50;52;43_M4
55;47;33;46;45;51;50;52;43	55;47;33;46;45;51;50;52;43_M2
4;6;27;14;17	34
34	34_M4
34	34_P
34	34_M5
34	34_M3
34	34_M2
4;6;27;14;17	35
35	35_M4
35	35_P
35	35_M5
35	35_M3
35	35_M2
1	8;22;24;7;5;20;12;11;18;16
8;22;24;7;5;20;12;11;18;16	8;22;24;7;5;20;12;11;18;16_M1
1	2
2	2_M4
2	2_P
2	2_M1
2	2_M2
1	3
3	3_P
3	3_M1
3	3_M3
8;22;24;7;5;20;12;11;18;16	29
29	29_M1
