39;49	54
54	54_P
54	54_M5
54	54_M4
54	54_M1
54	54_M3
54	54_M2
9;25;30;31;28;32;21;10;19	39;49
39;49	39;49_P
39;49	39;49_M5
39;49	39;49_M4
39;49	39;49_M1
39;49	39;49_M3
39;49	39;49_M2
0	4;6;27;14;17
4;6;27;14;17	4;6;27;14;17_P
4;6;27;14;17	4;6;27;14;17_M5
4;6;27;14;17	4;6;27;14;17_M4
4;6;27;14;17	4;6;27;14;17_M1
4;6;27;14;17	4;6;27;14;17_M3
4;6;27;14;17	4;6;27;14;17_M2
0	1
1	1_P
1	1_M5
1	1_M4
1	1_M1
1	1_M3
1	1_M2
0	9;25;30;31;28;32;21;10;19
9;25;30;31;28;32;21;10;19	9;25;30;31;28;32;21;10;19_P
9;25;30;31;28;32;21;10;19	9;25;30;31;28;32;21;10;19_M5
9;25;30;31;28;32;21;10;19	9;25;30;31;28;32;21;10;19_M4
9;25;30;31;28;32;21;10;19	9;25;30;31;28;32;21;10;19_M1
9;25;30;31;28;32;21;10;19	9;25;30;31;28;32;21;10;19_M3
9;25;30;31;28;32;21;10;19	9;25;30;31;28;32;21;10;19_M2
GL	0
0	0_P
0	0_M5
0	0_M4
0	0_M1
0	0_M3
0	0_M2
55;47;33;46;45;51;50;52;43	48;53;56
48;53;56	48;53;56_P
48;53;56	48;53;56_M5
48;53;56	48;53;56_M4
48;53;56	48;53;56_M1
48;53;56	48;53;56_M3
48;53;56	48;53;56_M2
4;6;27;14;17	55;47;33;46;45;51;50;52;43
55;47;33;46;45;51;50;52;43	55;47;33;46;45;51;50;52;43_P
55;47;33;46;45;51;50;52;43	55;47;33;46;45;51;50;52;43_M5
55;47;33;46;45;51;50;52;43	55;47;33;46;45;51;50;52;43_M4
55;47;33;46;45;51;50;52;43	55;47;33;46;45;51;50;52;43_M1
55;47;33;46;45;51;50;52;43	55;47;33;46;45;51;50;52;43_M3
55;47;33;46;45;51;50;52;43	55;47;33;46;45;51;50;52;43_M2
4;6;27;14;17	34
34	34_P
34	34_M5
34	34_M4
34	34_M1
34	34_M3
34	34_M2
4;6;27;14;17	35
35	35_P
35	35_M5
35	35_M4
35	35_M1
35	35_M3
35	35_M2
1	8;22;24;7;5;20;12;11;18;16
8;22;24;7;5;20;12;11;18;16	8;22;24;7;5;20;12;11;18;16_P
8;22;24;7;5;20;12;11;18;16	8;22;24;7;5;20;12;11;18;16_M5
8;22;24;7;5;20;12;11;18;16	8;22;24;7;5;20;12;11;18;16_M4
8;22;24;7;5;20;12;11;18;16	8;22;24;7;5;20;12;11;18;16_M1
8;22;24;7;5;20;12;11;18;16	8;22;24;7;5;20;12;11;18;16_M3
8;22;24;7;5;20;12;11;18;16	8;22;24;7;5;20;12;11;18;16_M2
1	2
2	2_P
2	2_M5
2	2_M4
2	2_M1
2	2_M3
2	2_M2
1	3
3	3_P
3	3_M5
3	3_M4
3	3_M1
3	3_M3
3	3_M2
8;22;24;7;5;20;12;11;18;16	29
29	29_P
29	29_M5
29	29_M4
29	29_M1
29	29_M3
29	29_M2
