0	6;12
6;12	6;12_M4
6;12	6;12_P
6;12	6;12_M1
6;12	6;12_M3
6;12	6;12_M2
0	10;9;7;47;42;24;32;20;60;46;44
10;9;7;47;42;24;32;20;60;46;44	10;9;7;47;42;24;32;20;60;46;44_M4
10;9;7;47;42;24;32;20;60;46;44	10;9;7;47;42;24;32;20;60;46;44_P
10;9;7;47;42;24;32;20;60;46;44	10;9;7;47;42;24;32;20;60;46;44_M1
10;9;7;47;42;24;32;20;60;46;44	10;9;7;47;42;24;32;20;60;46;44_M3
10;9;7;47;42;24;32;20;60;46;44	10;9;7;47;42;24;32;20;60;46;44_M2
0	29;4;1;34;8;5;48;50;25;49;26;16;11;31;36
29;4;1;34;8;5;48;50;25;49;26;16;11;31;36	29;4;1;34;8;5;48;50;25;49;26;16;11;31;36_M4
29;4;1;34;8;5;48;50;25;49;26;16;11;31;36	29;4;1;34;8;5;48;50;25;49;26;16;11;31;36_P
29;4;1;34;8;5;48;50;25;49;26;16;11;31;36	29;4;1;34;8;5;48;50;25;49;26;16;11;31;36_M1
29;4;1;34;8;5;48;50;25;49;26;16;11;31;36	29;4;1;34;8;5;48;50;25;49;26;16;11;31;36_M3
29;4;1;34;8;5;48;50;25;49;26;16;11;31;36	29;4;1;34;8;5;48;50;25;49;26;16;11;31;36_M2
0	3
3	3_M4
3	3_P
3	3_M1
3	3_M3
3	3_M2
GL	0
0	0_M4
0	0_P
0	0_M1
0	0_M3
0	0_M2
30;18;28;19	37
37	37_M4
37	37_P
37	37_M1
37	37_M3
37	37_M2
6;12	30;18;28;19
30;18;28;19	30;18;28;19_M4
30;18;28;19	30;18;28;19_P
30;18;28;19	30;18;28;19_M1
30;18;28;19	30;18;28;19_M3
30;18;28;19	30;18;28;19_M2
37	35
35	35_M4
35	35_P
35	35_M1
35	35_M3
35	35_M2
29;4;1;34;8;5;48;50;25;49;26;16;11;31;36	61
61	61_M4
61	61_P
61	61_M1
61	61_M3
61	61_M2
61	62;33;53;52;51;14;22
62;33;53;52;51;14;22	62;33;53;52;51;14;22_M4
62;33;53;52;51;14;22	62;33;53;52;51;14;22_P
62;33;53;52;51;14;22	62;33;53;52;51;14;22_M1
62;33;53;52;51;14;22	62;33;53;52;51;14;22_M3
62;33;53;52;51;14;22	62;33;53;52;51;14;22_M2
