12	16
16	16_P
16	16_M1
0	3
3	3_M4
3	3_P
3	3_M1
3	3_M3
3	3_M2
0	11;18;17;2;14
11;18;17;2;14	11;18;17;2;14_M3
0	19;10;4;24
19;10;4;24	19;10;4;24_M4
19;10;4;24	19;10;4;24_P
19;10;4;24	19;10;4;24_M1
19;10;4;24	19;10;4;24_M3
19;10;4;24	19;10;4;24_M2
0	12
12	12_M4
12	12_P
12	12_M1
12	12_M2
GL	0
0	0_M4
0	0_P
0	0_M1
0	0_M3
0	0_M2
9;8;5;22;15;13;27;28;36;37;35;38	40;39
40;39	40;39_M4
3	9;8;5;22;15;13;27;28;36;37;35;38
9;8;5;22;15;13;27;28;36;37;35;38	9;8;5;22;15;13;27;28;36;37;35;38_M4
3	7
7	7_M4
7	7_P
7	7_M3
7	7_M2
11;18;17;2;14	26;30
26;30	26;30_M3
19;10;4;24	23
23	23_M2
