1	4
4	4_M4
4	4_P
4	4_M7
4	4_M1
4	4_M2
3;39;40;13;6;42;56;63;60;47;62;18;16;23;20;59	76
76	76_M6
0;9	15;14;31;34;37;36;41
15;14;31;34;37;36;41	15;14;31;34;37;36;41_P
15;14;31;34;37;36;41	15;14;31;34;37;36;41_M5
15;14;31;34;37;36;41	15;14;31;34;37;36;41_M4
15;14;31;34;37;36;41	15;14;31;34;37;36;41_M7
15;14;31;34;37;36;41	15;14;31;34;37;36;41_M6
15;14;31;34;37;36;41	15;14;31;34;37;36;41_M1
15;14;31;34;37;36;41	15;14;31;34;37;36;41_M3
15;14;31;34;37;36;41	15;14;31;34;37;36;41_M2
0;9	21;19;17
21;19;17	21;19;17_P
21;19;17	21;19;17_M5
21;19;17	21;19;17_M4
21;19;17	21;19;17_M7
21;19;17	21;19;17_M6
21;19;17	21;19;17_M1
21;19;17	21;19;17_M3
21;19;17	21;19;17_M2
0;9	1
1	1_P
1	1_M5
1	1_M4
1	1_M7
1	1_M6
1	1_M1
1	1_M3
1	1_M2
0;9	3;39;40;13;6;42;56;63;60;47;62;18;16;23;20;59
3;39;40;13;6;42;56;63;60;47;62;18;16;23;20;59	3;39;40;13;6;42;56;63;60;47;62;18;16;23;20;59_P
3;39;40;13;6;42;56;63;60;47;62;18;16;23;20;59	3;39;40;13;6;42;56;63;60;47;62;18;16;23;20;59_M7
3;39;40;13;6;42;56;63;60;47;62;18;16;23;20;59	3;39;40;13;6;42;56;63;60;47;62;18;16;23;20;59_M6
3;39;40;13;6;42;56;63;60;47;62;18;16;23;20;59	3;39;40;13;6;42;56;63;60;47;62;18;16;23;20;59_M1
0;9	66;48
66;48	66;48_M5
66;48	66;48_P
66;48	66;48_M7
66;48	66;48_M3
GL	0;9
0;9	0;9_P
0;9	0;9_M5
0;9	0;9_M4
0;9	0;9_M7
0;9	0;9_M6
0;9	0;9_M1
0;9	0;9_M3
0;9	0;9_M2
15;14;31;34;37;36;41	52
52	52_M5
52	52_P
52	52_M7
52	52_M1
52	52_M4
15;14;31;34;37;36;41	61;49
61;49	61;49_M5
61;49	61;49_M4
61;49	61;49_M7
61;49	61;49_M1
21;19;17	26;38
26;38	26;38_P
26;38	26;38_M5
26;38	26;38_M4
26;38	26;38_M6
26;38	26;38_M1
26;38	26;38_M3
26;38	26;38_M2
21;19;17	24;22;25
24;22;25	24;22;25_M3
24;22;25	24;22;25_M2
21;19;17	5
5	5_M4
5	5_P
5	5_M1
5	5_M3
5	5_M2
26;38	45
45	45_P
45	45_M1
45	45_M3
45	45_M2
