1	4
4	4_P
4	4_M5
4	4_M4
4	4_M7
4	4_M6
4	4_M1
4	4_M3
4	4_M2
3;39;40;13;6;42;56;63;60;47;62;18;16;23;20;59	76
76	76_P
76	76_M5
76	76_M4
76	76_M7
76	76_M6
76	76_M1
76	76_M3
76	76_M2
0;9	15;14;31;34;37;36;41
15;14;31;34;37;36;41	15;14;31;34;37;36;41_P
15;14;31;34;37;36;41	15;14;31;34;37;36;41_M5
15;14;31;34;37;36;41	15;14;31;34;37;36;41_M4
15;14;31;34;37;36;41	15;14;31;34;37;36;41_M7
15;14;31;34;37;36;41	15;14;31;34;37;36;41_M6
15;14;31;34;37;36;41	15;14;31;34;37;36;41_M1
15;14;31;34;37;36;41	15;14;31;34;37;36;41_M3
15;14;31;34;37;36;41	15;14;31;34;37;36;41_M2
0;9	21;19;17
21;19;17	21;19;17_P
21;19;17	21;19;17_M5
21;19;17	21;19;17_M4
21;19;17	21;19;17_M7
21;19;17	21;19;17_M6
21;19;17	21;19;17_M1
21;19;17	21;19;17_M3
21;19;17	21;19;17_M2
0;9	1
1	1_P
1	1_M5
1	1_M4
1	1_M7
1	1_M6
1	1_M1
1	1_M3
1	1_M2
0;9	3;39;40;13;6;42;56;63;60;47;62;18;16;23;20;59
3;39;40;13;6;42;56;63;60;47;62;18;16;23;20;59	3;39;40;13;6;42;56;63;60;47;62;18;16;23;20;59_P
3;39;40;13;6;42;56;63;60;47;62;18;16;23;20;59	3;39;40;13;6;42;56;63;60;47;62;18;16;23;20;59_M5
3;39;40;13;6;42;56;63;60;47;62;18;16;23;20;59	3;39;40;13;6;42;56;63;60;47;62;18;16;23;20;59_M4
3;39;40;13;6;42;56;63;60;47;62;18;16;23;20;59	3;39;40;13;6;42;56;63;60;47;62;18;16;23;20;59_M7
3;39;40;13;6;42;56;63;60;47;62;18;16;23;20;59	3;39;40;13;6;42;56;63;60;47;62;18;16;23;20;59_M6
3;39;40;13;6;42;56;63;60;47;62;18;16;23;20;59	3;39;40;13;6;42;56;63;60;47;62;18;16;23;20;59_M1
3;39;40;13;6;42;56;63;60;47;62;18;16;23;20;59	3;39;40;13;6;42;56;63;60;47;62;18;16;23;20;59_M3
3;39;40;13;6;42;56;63;60;47;62;18;16;23;20;59	3;39;40;13;6;42;56;63;60;47;62;18;16;23;20;59_M2
0;9	66;48
66;48	66;48_P
66;48	66;48_M5
66;48	66;48_M4
66;48	66;48_M7
66;48	66;48_M6
66;48	66;48_M1
66;48	66;48_M3
66;48	66;48_M2
GL	0;9
0;9	0;9_P
0;9	0;9_M5
0;9	0;9_M4
0;9	0;9_M7
0;9	0;9_M6
0;9	0;9_M1
0;9	0;9_M3
0;9	0;9_M2
15;14;31;34;37;36;41	52
52	52_P
52	52_M5
52	52_M4
52	52_M7
52	52_M6
52	52_M1
52	52_M3
52	52_M2
15;14;31;34;37;36;41	61;49
61;49	61;49_P
61;49	61;49_M5
61;49	61;49_M4
61;49	61;49_M7
61;49	61;49_M6
61;49	61;49_M1
61;49	61;49_M3
61;49	61;49_M2
21;19;17	26;38
26;38	26;38_P
26;38	26;38_M5
26;38	26;38_M4
26;38	26;38_M7
26;38	26;38_M6
26;38	26;38_M1
26;38	26;38_M3
26;38	26;38_M2
21;19;17	24;22;25
24;22;25	24;22;25_P
24;22;25	24;22;25_M5
24;22;25	24;22;25_M4
24;22;25	24;22;25_M7
24;22;25	24;22;25_M6
24;22;25	24;22;25_M1
24;22;25	24;22;25_M3
24;22;25	24;22;25_M2
21;19;17	5
5	5_P
5	5_M5
5	5_M4
5	5_M7
5	5_M6
5	5_M1
5	5_M3
5	5_M2
26;38	45
45	45_P
45	45_M5
45	45_M4
45	45_M7
45	45_M6
45	45_M1
45	45_M3
45	45_M2
