id, 	 phi, 	 nChildren, 	 nGenes, 	 genes 
0,	[ 1.  1.  1.  1.  1.  1.  1.  1.  1.],	1,	0,	
1,	[ 0.92   0.926  0.98   0.987  0.993  0.985  0.985  0.988  0.985],	5,	2,	s0; s6
2,	[ 0.149  0.12   0.599  0.116  0.107  0.686  0.705  0.091  0.57 ],	2,	7,	s9; s8; s21; s22; s24; s23; s28
3,	[ 0.018  0.008  0.05   0.009  0.003  0.299  0.022  0.004  0.015],	0,	1,	s34
4,	[ 0.007  0.007  0.023  0.006  0.005  0.02   0.297  0.003  0.024],	0,	2,	s38; s33
5,	[ 0.354  0.307  0.066  0.075  0.059  0.055  0.051  0.046  0.047],	1,	1,	s1
6,	[ 0.046  0.098  0.016  0.011  0.008  0.011  0.006  0.009  0.011],	0,	1,	s3
7,	[ 0.015  0.02   0.013  0.014  0.011  0.012  0.011  0.707  0.013],	1,	16,	s2; s26; s27; s7; s5; s29; s35; s40; s37; s31; s39; s12; s10; s17; s14; s36
8,	[ 0.003  0.003  0.001  0.005  0.005  0.005  0.005  0.203  0.002],	0,	1,	s42
9,	[ 0.017  0.015  0.007  0.01   0.014  0.006  0.017  0.005  0.17 ],	0,	2,	s41; s32
10,	[ 0.181  0.174  0.133  0.578  0.66   0.098  0.089  0.071  0.076],	3,	3,	s15; s13; s11
11,	[ 0.02   0.017  0.013  0.03   0.012  0.014  0.008  0.01   0.006],	0,	1,	s4
12,	[ 0.009  0.008  0.006  0.233  0.017  0.009  0.007  0.006  0.003],	0,	3,	s18; s16; s19
13,	[ 0.033  0.028  0.039  0.06   0.469  0.022  0.023  0.017  0.012],	1,	2,	s20; s25
14,	[ 0.008  0.012  0.013  0.03   0.232  0.005  0.006  0.005  0.006],	0,	1,	s30



         /-3
      /2|
     |   \-4
     |
     |-5 /-6
     |
-0 /1|-7 /-8
     |
     |--9
     |
     |   /-11
     |  |
      \10--12
        |
         \13/-14

Number of non-empty nodes in the tree: 14


id, 	 phi, 	 nChildren, 	 nGenes, 	 genes 
0,	[ 1.  1.  1.  1.  1.  1.  1.  1.  1.],	1,	0,	
1,	[ 0.919  0.948  0.979  0.986  0.995  0.99   0.989  0.99   0.989],	6,	2,	s0; s6
2,	[ 0.145  0.122  0.587  0.109  0.101  0.698  0.706  0.08   0.572],	2,	7,	s9; s8; s21; s22; s24; s23; s28
3,	[ 0.014  0.006  0.049  0.008  0.006  0.303  0.022  0.006  0.013],	0,	1,	s34
4,	[ 0.008  0.012  0.027  0.007  0.007  0.027  0.298  0.002  0.026],	0,	2,	s38; s33
5,	[ 0.349  0.302  0.053  0.063  0.063  0.052  0.058  0.047  0.05 ],	1,	1,	s1
6,	[ 0.038  0.097  0.015  0.009  0.011  0.013  0.007  0.008  0.009],	0,	1,	s3
7,	[ 0.016  0.012  0.012  0.012  0.014  0.006  0.012  0.005  0.161],	0,	2,	s41; s32
8,	[ 0.011  0.007  0.004  0.007  0.003  0.005  0.004  0.003  0.008],	0,	1,	s4
9,	[ 0.172  0.192  0.143  0.573  0.661  0.087  0.09   0.07   0.074],	2,	3,	s15; s13; s11
10,	[ 0.031  0.043  0.051  0.065  0.486  0.026  0.03   0.021  0.016],	1,	2,	s20; s25
11,	[ 0.003  0.007  0.005  0.011  0.083  0.003  0.004  0.003  0.002],	0,	1,	s30
12,	[ 0.01   0.012  0.005  0.226  0.02   0.007  0.007  0.007  0.002],	0,	3,	s18; s16; s19
13,	[ 0.017  0.023  0.013  0.012  0.015  0.014  0.012  0.712  0.013],	1,	16,	s2; s26; s27; s7; s5; s29; s35; s40; s37; s31; s39; s12; s10; s17; s14; s36
14,	[ 0.005  0.004  0.001  0.002  0.006  0.004  0.004  0.189  0.003],	0,	1,	s42



         /-3
      /2|
     |   \-4
     |
     |-5 /-6
     |
     |--7
-0 /1|
     |--8
     |
     |   /10/-11
     |-9|
     |   \-12
     |
      \13/-14

Number of non-empty nodes in the tree: 14


id, 	 phi, 	 nChildren, 	 nGenes, 	 genes 
0,	[ 1.  1.  1.  1.  1.  1.  1.  1.  1.],	1,	0,	
1,	[ 0.945  0.951  0.981  0.983  0.988  0.981  0.981  0.99   0.989],	5,	2,	s0; s6
2,	[ 0.145  0.117  0.534  0.107  0.091  0.661  0.633  0.064  0.54 ],	2,	7,	s9; s8; s21; s22; s24; s23; s28
3,	[ 0.008  0.008  0.038  0.012  0.01   0.276  0.045  0.005  0.026],	0,	1,	s34
4,	[ 0.011  0.004  0.029  0.004  0.006  0.029  0.283  0.004  0.031],	0,	2,	s38; s33
5,	[ 0.363  0.337  0.12   0.142  0.134  0.11   0.131  0.089  0.101],	2,	1,	s1
6,	[ 0.038  0.029  0.014  0.02   0.01   0.011  0.013  0.007  0.011],	0,	1,	s4
7,	[ 0.018  0.063  0.017  0.018  0.011  0.009  0.025  0.006  0.008],	0,	1,	s3
8,	[ 0.009  0.005  0.01   0.009  0.006  0.005  0.007  0.678  0.004],	1,	16,	s2; s26; s27; s7; s5; s29; s35; s40; s37; s31; s39; s12; s10; s17; s14; s36
9,	[ 0.002  0.002  0.006  0.002  0.003  0.001  0.004  0.139  0.002],	0,	1,	s42
10,	[ 0.017  0.024  0.018  0.006  0.01   0.007  0.013  0.008  0.182],	0,	2,	s41; s32
11,	[ 0.099  0.124  0.075  0.489  0.553  0.061  0.05   0.044  0.049],	2,	3,	s15; s13; s11
12,	[ 0.027  0.028  0.017  0.092  0.425  0.011  0.02   0.016  0.008],	1,	2,	s20; s25
13,	[ 0.005  0.013  0.004  0.014  0.158  0.005  0.012  0.005  0.006],	0,	1,	s30
14,	[ 0.028  0.048  0.028  0.283  0.044  0.021  0.015  0.013  0.016],	1,	2,	s16; s19
15,	[ 0.012  0.02   0.009  0.094  0.013  0.014  0.008  0.001  0.006],	0,	1,	s18



         /-3
      /2|
     |   \-4
     |
     |   /-6
     |-5|
     |   \-7
-0 /1|
     |-8 /-9
     |
     |--10
     |
     |   /12/-13
      \11
         \14/-15

Number of non-empty nodes in the tree: 15


id, 	 phi, 	 nChildren, 	 nGenes, 	 genes 
0,	[ 1.  1.  1.  1.  1.  1.  1.  1.  1.],	1,	0,	
1,	[ 0.959  0.936  0.989  0.959  0.992  0.988  0.983  0.988  0.991],	5,	2,	s0; s6
2,	[ 0.126  0.114  0.576  0.094  0.101  0.658  0.695  0.087  0.527],	2,	7,	s9; s8; s21; s22; s24; s23; s28
3,	[ 0.012  0.009  0.053  0.009  0.007  0.276  0.043  0.007  0.026],	0,	1,	s34
4,	[ 0.016  0.006  0.023  0.006  0.004  0.027  0.288  0.003  0.021],	0,	2,	s38; s33
5,	[ 0.362  0.274  0.075  0.107  0.087  0.077  0.053  0.044  0.067],	1,	1,	s1
6,	[ 0.087  0.096  0.027  0.031  0.026  0.017  0.012  0.014  0.019],	1,	1,	s4
7,	[ 0.029  0.068  0.011  0.019  0.01   0.006  0.006  0.006  0.007],	0,	1,	s3
8,	[ 0.01   0.024  0.009  0.014  0.007  0.005  0.007  0.695  0.012],	1,	16,	s2; s26; s27; s7; s5; s29; s35; s40; s37; s31; s39; s12; s10; s17; s14; s36
9,	[ 0.007  0.011  0.005  0.008  0.003  0.003  0.005  0.14   0.006],	0,	1,	s42
10,	[ 0.017  0.007  0.015  0.015  0.01   0.014  0.003  0.006  0.199],	0,	2,	s41; s32
11,	[ 0.146  0.162  0.071  0.492  0.629  0.082  0.079  0.079  0.073],	2,	3,	s15; s13; s11
12,	[ 0.06   0.061  0.022  0.121  0.469  0.022  0.025  0.027  0.02 ],	1,	2,	s20; s25
13,	[ 0.007  0.014  0.007  0.026  0.16   0.007  0.009  0.013  0.011],	0,	1,	s30
14,	[ 0.016  0.019  0.017  0.243  0.046  0.013  0.016  0.019  0.015],	1,	2,	s16; s19
15,	[ 0.009  0.005  0.013  0.096  0.012  0.01   0.006  0.009  0.007],	0,	1,	s18



         /-3
      /2|
     |   \-4
     |
     |-5 /6 /-7
     |
-0 /1|-8 /-9
     |
     |--10
     |
     |   /12/-13
      \11
         \14/-15

Number of non-empty nodes in the tree: 15


id, 	 phi, 	 nChildren, 	 nGenes, 	 genes 
0,	[ 1.  1.  1.  1.  1.  1.  1.  1.  1.],	1,	0,	
1,	[ 0.948  0.965  0.977  0.99   0.984  0.981  0.987  0.985  0.992],	5,	2,	s0; s6
2,	[ 0.147  0.122  0.498  0.096  0.087  0.661  0.673  0.08   0.573],	2,	7,	s9; s8; s21; s22; s24; s23; s28
3,	[ 0.003  0.004  0.04   0.006  0.005  0.312  0.032  0.006  0.035],	0,	1,	s34
4,	[ 0.014  0.009  0.022  0.005  0.005  0.03   0.267  0.005  0.018],	0,	2,	s38; s33
5,	[ 0.357  0.35   0.146  0.155  0.145  0.107  0.113  0.081  0.086],	2,	1,	s1
6,	[ 0.039  0.029  0.014  0.018  0.008  0.01   0.019  0.008  0.004],	0,	1,	s4
7,	[ 0.012  0.08   0.028  0.017  0.011  0.013  0.017  0.009  0.011],	0,	1,	s3
8,	[ 0.012  0.007  0.004  0.007  0.006  0.01   0.008  0.656  0.006],	1,	16,	s2; s26; s27; s7; s5; s29; s35; s40; s37; s31; s39; s12; s10; s17; s14; s36
9,	[ 0.009  0.002  0.003  0.002  0.002  0.004  0.004  0.156  0.002],	0,	1,	s42
10,	[ 0.01   0.016  0.008  0.013  0.008  0.003  0.007  0.007  0.171],	0,	2,	s41; s32
11,	[ 0.132  0.125  0.069  0.55   0.58   0.07   0.065  0.06   0.053],	2,	3,	s15; s13; s11
12,	[ 0.032  0.025  0.013  0.079  0.432  0.007  0.013  0.011  0.006],	1,	2,	s20; s25
13,	[ 0.014  0.02   0.004  0.032  0.133  0.004  0.005  0.006  0.005],	0,	1,	s30
14,	[ 0.037  0.049  0.029  0.334  0.067  0.036  0.024  0.032  0.024],	1,	2,	s16; s19
15,	[ 0.012  0.019  0.005  0.076  0.01   0.013  0.005  0.007  0.004],	0,	1,	s18



         /-3
      /2|
     |   \-4
     |
     |   /-6
     |-5|
     |   \-7
-0 /1|
     |-8 /-9
     |
     |--10
     |
     |   /12/-13
      \11
         \14/-15

Number of non-empty nodes in the tree: 15


