41;6;23;63;58;28;29;36;21	77
77	77_P
77	77_M5
77	77_M4
77	77_M7
77	77_M6
77	77_M1
77	77_M3
77	77_M2
41;6;23;63;58;28;29;36;21	67
67	67_P
67	67_M5
67	67_M4
67	67_M7
67	67_M6
67	67_M1
67	67_M3
67	67_M2
0	4;3;8;7;43;49
4;3;8;7;43;49	4;3;8;7;43;49_P
4;3;8;7;43;49	4;3;8;7;43;49_M5
4;3;8;7;43;49	4;3;8;7;43;49_M4
4;3;8;7;43;49	4;3;8;7;43;49_M7
4;3;8;7;43;49	4;3;8;7;43;49_M6
4;3;8;7;43;49	4;3;8;7;43;49_M1
4;3;8;7;43;49	4;3;8;7;43;49_M3
4;3;8;7;43;49	4;3;8;7;43;49_M2
0	2;74;12;71;34
2;74;12;71;34	2;74;12;71;34_P
2;74;12;71;34	2;74;12;71;34_M5
2;74;12;71;34	2;74;12;71;34_M4
2;74;12;71;34	2;74;12;71;34_M7
2;74;12;71;34	2;74;12;71;34_M6
2;74;12;71;34	2;74;12;71;34_M1
2;74;12;71;34	2;74;12;71;34_M3
2;74;12;71;34	2;74;12;71;34_M2
0	46;44;11;9;14;15;16;5;42;22
46;44;11;9;14;15;16;5;42;22	46;44;11;9;14;15;16;5;42;22_P
46;44;11;9;14;15;16;5;42;22	46;44;11;9;14;15;16;5;42;22_M5
46;44;11;9;14;15;16;5;42;22	46;44;11;9;14;15;16;5;42;22_M4
46;44;11;9;14;15;16;5;42;22	46;44;11;9;14;15;16;5;42;22_M7
46;44;11;9;14;15;16;5;42;22	46;44;11;9;14;15;16;5;42;22_M6
46;44;11;9;14;15;16;5;42;22	46;44;11;9;14;15;16;5;42;22_M1
46;44;11;9;14;15;16;5;42;22	46;44;11;9;14;15;16;5;42;22_M3
46;44;11;9;14;15;16;5;42;22	46;44;11;9;14;15;16;5;42;22_M2
0	41;6;23;63;58;28;29;36;21
41;6;23;63;58;28;29;36;21	41;6;23;63;58;28;29;36;21_P
41;6;23;63;58;28;29;36;21	41;6;23;63;58;28;29;36;21_M5
41;6;23;63;58;28;29;36;21	41;6;23;63;58;28;29;36;21_M4
41;6;23;63;58;28;29;36;21	41;6;23;63;58;28;29;36;21_M7
41;6;23;63;58;28;29;36;21	41;6;23;63;58;28;29;36;21_M6
41;6;23;63;58;28;29;36;21	41;6;23;63;58;28;29;36;21_M1
41;6;23;63;58;28;29;36;21	41;6;23;63;58;28;29;36;21_M3
41;6;23;63;58;28;29;36;21	41;6;23;63;58;28;29;36;21_M2
0	65;53;56;10;40;13;26;25;30;20
65;53;56;10;40;13;26;25;30;20	65;53;56;10;40;13;26;25;30;20_P
65;53;56;10;40;13;26;25;30;20	65;53;56;10;40;13;26;25;30;20_M5
65;53;56;10;40;13;26;25;30;20	65;53;56;10;40;13;26;25;30;20_M4
65;53;56;10;40;13;26;25;30;20	65;53;56;10;40;13;26;25;30;20_M7
65;53;56;10;40;13;26;25;30;20	65;53;56;10;40;13;26;25;30;20_M6
65;53;56;10;40;13;26;25;30;20	65;53;56;10;40;13;26;25;30;20_M1
65;53;56;10;40;13;26;25;30;20	65;53;56;10;40;13;26;25;30;20_M3
65;53;56;10;40;13;26;25;30;20	65;53;56;10;40;13;26;25;30;20_M2
0	60;54;82;59
60;54;82;59	60;54;82;59_P
60;54;82;59	60;54;82;59_M5
60;54;82;59	60;54;82;59_M4
60;54;82;59	60;54;82;59_M7
60;54;82;59	60;54;82;59_M6
60;54;82;59	60;54;82;59_M1
60;54;82;59	60;54;82;59_M3
60;54;82;59	60;54;82;59_M2
GL	0
0	0_P
0	0_M5
0	0_M4
0	0_M7
0	0_M6
0	0_M1
0	0_M3
0	0_M2
52;69	83
83	83_P
83	83_M5
83	83_M4
83	83_M7
83	83_M6
83	83_M1
83	83_M3
83	83_M2
4;3;8;7;43;49	52;69
52;69	52;69_P
52;69	52;69_M5
52;69	52;69_M4
52;69	52;69_M7
52;69	52;69_M6
52;69	52;69_M1
52;69	52;69_M3
52;69	52;69_M2
4;3;8;7;43;49	55;75
55;75	55;75_P
55;75	55;75_M5
55;75	55;75_M4
55;75	55;75_M7
55;75	55;75_M6
55;75	55;75_M1
55;75	55;75_M3
55;75	55;75_M2
2;74;12;71;34	70
70	70_P
70	70_M5
70	70_M4
70	70_M7
70	70_M6
70	70_M1
70	70_M3
70	70_M2
46;44;11;9;14;15;16;5;42;22	72;18;68;50;35;37;57;64;61;27;45;38
72;18;68;50;35;37;57;64;61;27;45;38	72;18;68;50;35;37;57;64;61;27;45;38_P
72;18;68;50;35;37;57;64;61;27;45;38	72;18;68;50;35;37;57;64;61;27;45;38_M5
72;18;68;50;35;37;57;64;61;27;45;38	72;18;68;50;35;37;57;64;61;27;45;38_M4
72;18;68;50;35;37;57;64;61;27;45;38	72;18;68;50;35;37;57;64;61;27;45;38_M7
72;18;68;50;35;37;57;64;61;27;45;38	72;18;68;50;35;37;57;64;61;27;45;38_M6
72;18;68;50;35;37;57;64;61;27;45;38	72;18;68;50;35;37;57;64;61;27;45;38_M1
72;18;68;50;35;37;57;64;61;27;45;38	72;18;68;50;35;37;57;64;61;27;45;38_M3
72;18;68;50;35;37;57;64;61;27;45;38	72;18;68;50;35;37;57;64;61;27;45;38_M2
46;44;11;9;14;15;16;5;42;22	47
47	47_P
47	47_M5
47	47_M4
47	47_M7
47	47_M6
47	47_M1
47	47_M3
47	47_M2
