Iteration	LLH	Time
-1000	-16360.9552391	0.770201921463
-999	-15063.3635344	0.869396924973
-998	-13392.9019504	0.785202980042
-997	-12946.1823921	0.896372079849
-996	-12068.8696736	0.789314985275
-995	-11569.1490107	0.79895401001
-994	-11508.0869542	0.753778934479
-993	-11139.8907814	0.748336076736
-992	-11018.1842974	0.885851144791
-991	-10734.2563825	0.886900901794
-990	-9877.0375929	0.869464874268
-989	-9068.25236831	0.954280138016
-988	-8479.9211857	0.985715866089
-987	-7893.00197864	0.896537065506
-986	-7371.25861074	0.860219955444
-985	-7047.55039937	1.05409812927
-984	-6970.90760987	1.1558599472
-983	-6913.70374734	1.21868801117
-982	-6698.80222005	1.08588290215
-981	-6729.70631469	1.29431009293
-980	-6704.52866663	1.49870991707
-979	-6513.16433237	1.59780716896
-978	-6493.70852401	1.19228887558
-977	-6296.46659746	1.08615207672
-976	-6241.80210355	1.14031600952
-975	-6047.72417426	1.16587400436
-974	-6039.55857193	1.27934598923
-973	-5783.38482823	1.08976888657
-972	-5803.25831929	1.07959699631
-971	-5777.87612259	1.31091618538
-970	-5779.70265365	1.28055000305
-969	-5303.85685244	1.24708390236
-968	-5301.22691901	1.26570701599
-967	-5300.26837017	1.42860603333
-966	-5241.55106896	1.08167004585
-965	-5234.59641601	1.14793395996
-964	-5243.50596489	1.23669695854
-963	-5289.08507164	1.25812602043
-962	-5315.66014971	1.52658295631
-961	-5026.03716619	1.31166696548
-960	-4577.10108793	1.24637699127
-959	-4491.70702043	1.31209802628
-958	-4496.13750713	1.34034395218
-957	-4503.91107359	1.26866412163
-956	-4230.39069713	1.53875899315
-955	-4193.34223509	1.14155602455
-954	-4123.94765656	1.20103001595
-953	-4037.34834012	1.30135893822
-952	-3987.16486851	1.25482392311
-951	-4069.81135208	1.46952605247
-950	-4097.03991858	1.61064505577
-949	-3962.14363585	1.56843090057
-948	-3911.56486723	1.48353099823
-947	-3724.5139754	1.51922512054
-946	-3747.57324963	1.5011639595
-945	-3254.71754917	1.2257399559
-944	-3076.93033225	1.4749519825
-943	-2743.29692107	1.39180707932
-942	-2735.69827308	1.74556493759
-941	-2389.90961777	1.58152389526
-940	-2346.2543501	1.49325299263
-939	-2360.04174745	1.78027319908
-938	-2289.80789187	1.32699990273
-937	-2302.14659422	1.45384502411
-936	-2292.32994907	1.51544499397
-935	-2334.59510437	1.97858595848
-934	-2406.04022055	1.55342411995
-933	-2365.72599355	1.46148180962
-932	-2410.80093564	1.55843400955
-931	-2334.95689801	1.55244803429
-930	-2294.96062437	1.42290711403
-929	-2302.34908834	1.46332383156
-928	-2358.26667093	1.62800812721
-927	-2411.23455189	1.70801997185
-926	-2341.55053239	1.55995392799
-925	-2345.7915775	1.4383661747
-924	-2308.89515947	1.23277688026
-923	-2437.9706915	1.95591711998
-922	-2422.65710092	1.51748585701
-921	-2303.98978857	1.46911597252
-920	-2415.71522369	1.60013103485
-919	-2446.8122407	1.75148916245
-918	-2434.82572349	1.7019238472
-917	-2374.69472084	1.39968204498
-916	-2397.3910137	1.76953196526
-915	-2427.88792031	1.76091599464
-914	-2416.27715196	2.21576809883
-913	-2334.68344171	1.63664388657
-912	-2319.58176743	2.16889405251
-911	-2411.33495852	1.93732404709
-910	-2374.80168145	1.45282888412
-909	-2368.86196136	1.86112117767
-908	-2290.5362393	1.5552418232
-907	-2243.28086864	1.42664504051
-906	-2145.04674572	1.71416711807
-905	-2163.37204474	1.43604898453
-904	-2115.96534835	1.53225684166
-903	-2212.24520012	1.63399410248
-902	-2252.20090558	1.64572405815
-901	-2212.3220374	1.67232990265
-900	-2346.33740437	2.26642107964
-899	-2417.46563849	2.11739802361
-898	-2524.32715388	2.45553302765
-897	-2571.27487192	2.14595389366
-896	-2430.63895329	1.64610004425
-895	-2401.54286001	2.16235804558
-894	-2362.01585741	1.78108501434
-893	-2368.12512139	1.56961083412
-892	-2346.67581672	1.59076213837
-891	-2301.72125694	1.65868401527
-890	-2300.76478093	1.97232294083
-889	-2380.8623338	1.66789603233
-888	-2324.8532932	1.80467581749
-887	-2426.77684785	2.01455020905
-886	-2419.14823271	1.78643393517
-885	-2423.94366931	2.21423196793
-884	-2466.85390228	1.94739294052
-883	-2478.76206812	2.30531716347
-882	-2618.51787071	2.18263196945
-881	-2647.73096076	2.23421502113
-880	-2615.08515936	1.97018194199
-879	-2473.26690933	1.91424298286
-878	-2412.29356288	1.66219902039
-877	-2377.48945917	1.41134786606
-876	-2306.22612131	1.79453802109
-875	-2318.01781887	1.75737214088
-874	-2303.49789143	1.93299293518
-873	-2444.50592399	2.13752603531
-872	-2441.78392053	2.03770184517
-871	-2480.94272333	1.98057818413
-870	-2540.87107048	2.35765480995
-869	-2598.58790069	2.45332503319
-868	-2558.44742337	2.35951805115
-867	-2499.72669705	1.87601900101
-866	-2444.76436753	2.00738310814
-865	-2462.5020432	1.73127889633
-864	-2565.32622476	2.37225794792
-863	-2634.03477033	2.49603509903
-862	-2740.99561244	3.11514902115
-861	-2803.08821363	2.78400588036
-860	-2778.11770318	2.2781021595
-859	-2786.32910523	2.08540892601
-858	-2843.05335497	2.30553603172
-857	-3002.15268459	2.30257105827
-856	-3010.39464719	2.52281498909
-855	-3021.28449839	1.94181799889
-854	-2992.30543309	2.08940196037
-853	-3064.24971681	2.0532720089
-852	-3052.44983042	1.94917297363
-851	-3020.0369269	2.08962702751
-850	-2950.91758755	2.05912899971
-849	-3124.31579031	2.51575183868
-848	-3054.56925754	2.15312814713
-847	-2831.29925146	1.89811706543
-846	-2794.47060446	2.72998690605
-845	-2748.20632833	1.86271810532
-844	-2863.43277723	2.27151989937
-843	-2742.0120153	2.26457309723
-842	-2703.11700493	1.72554993629
-841	-2713.65875716	2.04111599922
-840	-2693.95699378	2.05126190186
-839	-2692.48527132	2.55235409737
-838	-2684.24019307	2.39106202126
-837	-2756.56118408	2.27166485786
-836	-2801.9142246	2.2810959816
-835	-2883.11040596	2.55828809738
-834	-2865.33191641	2.31571507454
-833	-2850.14975533	2.58028292656
-832	-2905.30889729	2.36744904518
-831	-2900.57871177	2.20128583908
-830	-2877.94932918	2.16638016701
-829	-2833.72436836	1.83660888672
-828	-2746.21145595	1.66657495499
-827	-2524.08074947	2.21219205856
-826	-2487.71590572	1.91333293915
-825	-2443.68789067	1.58625912666
-824	-2488.8201316	2.0579419136
-823	-2568.05653954	2.04066300392
-822	-2619.04823578	1.97054600716
-821	-2593.92614474	2.23197412491
-820	-2717.48118154	2.38407588005
-819	-2691.417852	2.41324615479
-818	-2815.84999815	2.41164398193
-817	-2757.74653012	2.1586689949
-816	-2643.78096821	2.13896894455
-815	-2577.37248561	1.96036291122
-814	-2521.1132355	2.2496111393
-813	-2433.97395552	2.33341002464
-812	-2453.88251453	1.7732257843
-811	-2606.30056305	2.18508911133
-810	-2759.47763612	2.10024309158
-809	-2755.87702943	2.26971292496
-808	-2792.66589599	2.42992305756
-807	-2777.69610979	2.60088992119
-806	-2744.47483512	2.22802305222
-805	-2769.9183432	2.59146285057
-804	-2817.97185806	2.20080208778
-803	-2989.92166378	2.67652010918
-802	-3048.71930389	2.64450287819
-801	-3151.65512731	2.98672604561
-800	-3136.64721416	2.70851492882
-799	-3068.11240304	2.48462414742
-798	-3014.03706152	2.43964886665
-797	-3019.40034875	2.3456299305
-796	-3004.46955243	2.62927603722
-795	-2984.76357068	2.86060905457
-794	-3087.67145853	2.94172310829
-793	-3114.26541631	2.83180999756
-792	-2778.58841761	2.05938100815
-791	-2703.1841818	2.53119587898
-790	-2681.92916469	2.28327798843
-789	-2636.32400464	2.3739221096
-788	-2616.936884	2.11332583427
-787	-2583.67330765	2.41261100769
-786	-2620.89472855	2.89928007126
-785	-2684.69145713	2.74339199066
-784	-2708.43433844	2.54534006119
-783	-2764.24355864	2.55797195435
-782	-2775.07866424	2.55464911461
-781	-2809.97527977	2.9941380024
-780	-2754.57002782	3.18411684036
-779	-2775.04946158	2.98537707329
-778	-2689.13717624	3.26832199097
-777	-2692.94481096	2.39232707024
-776	-2742.40495196	2.97040581703
-775	-2724.28840654	3.14986109734
-774	-2822.10538829	3.14866900444
-773	-2797.05145487	2.78738808632
-772	-2870.53409929	2.57296299934
-771	-2891.00255039	2.84234189987
-770	-2975.56587077	2.72877812386
-769	-2990.70269405	3.19907879829
-768	-2987.65071239	2.39808797836
-767	-2980.66406073	3.03471302986
-766	-2994.06267666	2.42788314819
-765	-3016.65200206	2.73117685318
-764	-3065.71601121	2.32754015923
-763	-3016.12015416	2.99981689453
-762	-3043.74121199	2.70683503151
-761	-3066.41536491	2.79389595985
-760	-2981.00841699	2.65809607506
-759	-2978.75865491	2.60245084763
-758	-3011.31404001	2.80363702774
-757	-2985.18343009	2.87989497185
-756	-2957.40040625	2.67402005196
-755	-2924.15488879	3.02747297287
-754	-2925.13649307	2.67636299133
-753	-2916.90458811	2.68205904961
-752	-2921.52490574	2.46842694283
-751	-2892.43746618	2.85967516899
-750	-2836.34096338	2.6848590374
-749	-2863.39884604	2.60874390602
-748	-2852.06866884	2.84402394295
-747	-2962.08912035	3.47591495514
-746	-3004.30028047	2.88032317162
-745	-3021.49584962	2.51690888405
-744	-3107.05093761	3.07864308357
-743	-3106.84876795	2.74021601677
-742	-3116.98937634	3.05603599548
-741	-3087.00179094	3.43679785728
-740	-3123.76625311	2.68691802025
-739	-3254.08242929	3.94861102104
-738	-3313.7369567	3.80095911026
-737	-3308.4372951	2.77114486694
-736	-3175.37904166	3.14899897575
-735	-3213.31383485	3.25860905647
-734	-3103.04784639	2.95991802216
-733	-3093.95191744	3.03734707832
-732	-3113.56629139	4.08816885948
-731	-3221.56506248	3.43186616898
-730	-3215.65117926	3.05120301247
-729	-3219.28469044	3.16762495041
-728	-3238.15105836	2.26019191742
-727	-3284.56874373	3.70492291451
-726	-3013.07454846	2.58634614944
-725	-2935.14316485	2.55257987976
-724	-2969.17232744	2.25413417816
-723	-2949.51831467	2.23352098465
-722	-3050.08450888	2.38011288643
-721	-3081.51372888	2.7421400547
-720	-3138.97744965	3.55387806892
-719	-3144.05162722	3.0993578434
-718	-3138.70166158	3.43022608757
-717	-3192.17755199	3.54244709015
-716	-3175.36201111	3.45666384697
-715	-3220.11408953	2.94641900063
-714	-3240.00655416	3.35043597221
-713	-3236.30260602	2.9408261776
-712	-3298.72988593	3.07885193825
-711	-3418.43167495	4.65761804581
-710	-3474.42704952	3.41804289818
-709	-3520.87781337	3.7846031189
-708	-3622.64914493	3.96571993828
-707	-3724.53132412	3.76169300079
-706	-3843.63851607	4.75682687759
-705	-3845.21268074	4.02907109261
-704	-3853.64309113	3.3987660408
-703	-3885.69982808	3.45512485504
-702	-3906.34677857	4.58586096764
-701	-3925.06411636	5.04201102257
-700	-3949.09216002	4.78611016273
-699	-3911.61262865	4.98422288895
-698	-4003.38081687	4.95672702789
-697	-4041.15509313	5.72911810875
-696	-4160.56373211	4.45782995224
-695	-4146.66099896	4.45250296593
-694	-4124.67761343	3.36907792091
-693	-4129.77755818	4.51677417755
-692	-4165.31978662	4.63024687767
-691	-4188.84013473	4.67732095718
-690	-4123.43941205	4.86463594437
-689	-4044.11705912	4.34032201767
-688	-3970.58685785	3.08784008026
-687	-3863.96821684	3.24426603317
-686	-3817.91357179	3.70756101608
-685	-3554.27726653	3.57972598076
-684	-3467.53283083	4.25827693939
-683	-3506.72071265	5.12447094917
-682	-3492.25429545	5.24874711037
-681	-3321.3051388	5.15050387383
-680	-3448.48201597	4.47844910622
-679	-3489.06538099	5.44436788559
-678	-3606.41498048	4.78568220139
-677	-3746.79584215	4.80114293098
-676	-3800.64239784	5.01639604568
-675	-3786.71256661	5.39829087257
-674	-3959.81617253	6.40198898315
-673	-3989.988788	5.66776299477
-672	-4054.60074954	4.86975812912
-671	-4074.59372232	6.16881990433
-670	-4220.00740974	5.33579611778
-669	-4238.09466034	6.12620091438
-668	-4253.19747096	5.21119308472
-667	-4264.33190236	4.77493786812
-666	-4250.82754143	6.67039299011
-665	-4245.22719079	6.90567517281
-664	-4161.69207912	5.28010582924
-663	-3968.1746873	5.55627703667
-662	-3949.63841213	6.10398411751
-661	-4034.72598066	5.1760969162
-660	-3989.55646693	4.85714006424
-659	-3979.86547876	6.78450584412
-658	-4029.40780781	6.8364200592
-657	-3990.33348753	5.64732909203
-656	-3845.96871027	6.61525988579
-655	-3818.01889042	5.78573203087
-654	-3851.22515775	3.92364907265
-653	-3798.91985778	5.62009000778
-652	-3833.44034622	4.65640306473
-651	-3670.56883386	6.08594799042
-650	-3783.10725364	4.81959986687
-649	-3749.34374433	5.76284909248
-648	-3745.3913477	5.24457192421
-647	-3748.44528697	4.41773891449
-646	-3737.31271651	4.01287198067
-645	-3763.9944274	4.1524810791
-644	-3794.99498414	4.79570198059
-643	-3649.96934832	4.5842089653
-642	-3642.50961462	4.62884902954
-641	-3667.52771093	5.0879240036
-640	-3738.02051565	5.34540295601
-639	-3858.19703369	5.89450120926
-638	-4009.2285143	5.22348499298
-637	-4072.1711364	8.19625878334
-636	-4116.41912327	6.18580913544
-635	-4149.12809946	6.33739805222
-634	-4057.92696477	4.43082284927
-633	-4133.57740745	5.32712006569
-632	-4098.99709628	4.43043994904
-631	-4107.18161609	5.27677416801
-630	-4132.4704779	6.21922087669
-629	-4044.22916826	6.49961590767
-628	-4055.8083133	8.19864320755
-627	-4193.94495017	7.1189467907
-626	-4333.32679137	9.46813607216
-625	-4390.5502878	8.0860440731
-624	-4514.95501005	6.18715786934
-623	-4597.31933921	6.64981913567
-622	-4659.76503711	6.10005497932
-621	-4696.07431439	7.71927690506
-620	-4754.44420078	8.25620007515
-619	-4645.33761018	7.24038290977
-618	-4688.79996429	6.13574719429
-617	-4874.89868519	7.46341395378
-616	-4800.83897589	7.14326286316
-615	-4505.7442704	5.28504300117
-614	-4255.68604441	4.06339216232
-613	-4272.53017849	5.57371282578
-612	-4141.61561957	7.03798103333
-611	-4126.8689095	3.7040271759
-610	-4115.23464244	5.0387108326
-609	-4131.98881106	5.18075013161
-608	-4212.50445778	6.59947896004
-607	-4284.55856205	6.50528287888
-606	-4289.40270797	5.9523999691
-605	-4163.80476178	5.19865608215
-604	-4181.50208484	6.82173013687
-603	-4285.58358806	7.29682993889
-602	-4335.50680963	7.20236492157
-601	-4268.75920294	6.73470902443
-600	-4342.16526354	6.58910107613
-599	-4331.0299701	8.26679992676
-598	-4348.88401568	4.80949401855
-597	-4351.9604746	5.71616292
-596	-4168.03117212	5.16521716118
-595	-4160.78169273	6.91621494293
-594	-3963.84245645	4.87888288498
-593	-3984.62845964	5.11692118645
-592	-3995.34589104	6.98577094078
-591	-4116.921647	5.66548705101
-590	-4084.22270732	5.36153078079
-589	-3965.69240375	4.38249516487
-588	-3944.62425596	6.41674494743
-587	-3976.78663702	6.69875001907
-586	-3953.40137858	5.77187490463
-585	-3986.37177225	7.1678249836
-584	-3938.92592459	5.97780013084
-583	-3929.57488011	5.89727401733
-582	-3828.03239838	4.4738638401
-581	-3846.13614392	4.29269719124
-580	-3814.44740768	4.26310682297
-579	-3773.36319347	5.15099406242
-578	-3719.26374556	5.4309990406
-577	-3769.84418888	6.80699300766
-576	-3714.63326786	5.82405900955
-575	-3765.8506222	6.86306595802
-574	-3819.71758228	7.43830800056
-573	-3868.54990467	9.40826892853
-572	-3950.30339843	7.73316907883
-571	-3958.48515009	6.06421494484
-570	-3944.68505271	6.36875796318
-569	-4011.99571711	5.37712407112
-568	-4044.89305482	7.1311609745
-567	-4205.11833025	5.78812909126
-566	-4041.25435148	5.06004405022
-565	-4083.37674279	5.67833995819
-564	-4021.63184749	4.18739891052
-563	-4076.48297769	7.19983315468
-562	-4009.07768636	5.34425783157
-561	-3863.03429944	6.46168398857
-560	-3789.69625521	5.73412513733
-559	-3717.4927434	6.37973999977
-558	-3705.40090516	10.1998238564
-557	-3726.9749887	9.29950404167
-556	-3763.6978317	7.44923210144
-555	-3799.79666201	8.98781895638
-554	-3903.50122288	7.49726009369
-553	-3929.70625085	6.32344388962
-552	-4010.55949329	6.73463010788
-551	-4050.22384226	7.79919195175
-550	-4021.24400695	8.75706386566
-549	-4005.28264692	6.8871819973
-548	-4186.50778484	6.38065099716
-547	-4366.2373162	9.63548398018
-546	-4478.36775786	7.37773799896
-545	-4550.47701142	8.9321410656
-544	-4510.9913635	5.86154103279
-543	-4570.18452208	6.97989606857
-542	-4558.1272935	8.14298892021
-541	-4687.35288503	7.63124108315
-540	-4648.30653896	6.83187794685
-539	-4638.51854118	7.08373999596
-538	-4426.12952542	6.67577505112
-537	-4542.99995563	5.98186087608
-536	-4584.92634552	10.6949851513
-535	-4584.04679939	10.8618569374
-534	-4605.87094305	12.790366888
-533	-4703.08432053	10.6459891796
-532	-4724.61062515	9.61879301071
-531	-4755.25858991	11.9413068295
-530	-4712.97037179	8.20186209679
-529	-4712.58716689	7.07619190216
-528	-4765.04900209	6.09263706207
-527	-4673.0275746	7.21180510521
-526	-4640.57590685	6.92797493935
-525	-4546.39990037	6.92417287827
-524	-4514.27560256	6.48229217529
-523	-4343.51162527	8.24045991898
-522	-4172.48458561	7.34075808525
-521	-4125.09151907	13.972247839
-520	-4284.53298047	9.75308012962
-519	-4287.0015026	9.54583287239
-518	-4349.47485144	8.30615997314
-517	-4412.93404696	8.29853415489
-516	-4383.21342359	10.5148258209
-515	-4354.41068097	7.48638510704
-514	-4413.52624183	8.58862900734
-513	-4496.26320625	8.4000210762
-512	-4524.31319701	7.34651684761
-511	-4548.97425278	9.03562498093
-510	-4477.73974911	11.2692551613
-509	-4503.52324145	11.6735029221
-508	-4510.59624423	9.77990198135
-507	-4600.94044938	10.1610269547
-506	-4677.51089757	14.2740120888
-505	-4501.56487737	9.87451004982
-504	-4409.2225271	10.1660618782
-503	-4413.97397024	10.0397570133
-502	-4522.14724112	12.8767271042
-501	-4522.7191917	14.382119894
-500	-4428.20296159	10.9163551331
-499	-4314.17715861	13.7371048927
-498	-4328.64694844	11.8137919903
-497	-4466.10169557	14.1345489025
-496	-4528.50310524	13.8562071323
-495	-4539.77845977	10.8835799694
-494	-4557.88446892	10.7916409969
-493	-4361.77754669	8.62506008148
-492	-4008.61422272	5.76859283447
-491	-4019.48902213	9.5572180748
-490	-4089.04224211	7.87489008904
-489	-4201.81278888	9.12745785713
-488	-4208.52432859	11.0448131561
-487	-4289.6995851	8.37802481651
-486	-4400.08692214	8.27574515343
-485	-4351.27667026	7.60290789604
-484	-4318.80800186	10.2896800041
-483	-4325.81922802	7.53052902222
-482	-4352.48958734	7.67607212067
-481	-4349.3470533	9.43598389626
-480	-4523.7915323	10.8750219345
-479	-4549.09998918	11.0052499771
-478	-4524.10383752	12.6111080647
-477	-4623.40044255	12.2605109215
-476	-4594.29854205	9.77435016632
-475	-4649.0733114	12.1017138958
-474	-4648.02773203	8.61129212379
-473	-4699.10041833	7.16134405136
-472	-4784.41119122	12.3496198654
-471	-4791.07491833	12.6751890182
-470	-4656.30505733	9.72757792473
-469	-4440.88537656	6.95823097229
-468	-4467.88714747	7.91680717468
-467	-4436.74624871	6.81581997871
-466	-4487.01325075	7.41450595856
-465	-4412.2232514	9.50003910065
-464	-4427.13914674	9.52645087242
-463	-4370.27368659	10.4575779438
-462	-4403.41594085	13.1000630856
-461	-4382.77722015	11.1862509251
-460	-4509.62372757	9.90570306778
-459	-4569.54340031	14.2615170479
-458	-4574.59595167	17.444175005
-457	-4473.04575296	10.4317560196
-456	-4576.82625167	9.42808699608
-455	-4603.57615717	11.1926949024
-454	-4499.89286132	8.6052479744
-453	-4530.87100859	11.2860779762
-452	-4491.22470687	9.05626511574
-451	-4412.88199776	10.2698919773
-450	-4406.35540851	6.87877702713
-449	-4363.85457707	7.41461086273
-448	-4339.96280632	6.29658198357
-447	-4401.7747453	7.4035141468
-446	-4374.02518114	6.87540793419
-445	-4290.04854589	6.87558412552
-444	-4333.58068505	8.46510195732
-443	-4304.2858166	6.4483230114
-442	-4402.39357579	8.49830985069
-441	-4608.81877266	9.10892415047
-440	-4675.05929308	11.6944928169
-439	-4589.85752286	7.11752915382
-438	-4471.32948788	9.16202807426
-437	-4576.89454492	8.73903799057
-436	-4467.75271525	10.3188560009
-435	-4460.89559501	9.19240784645
-434	-4430.26696635	10.537776947
-433	-4455.14369746	8.41988706589
-432	-4407.93380803	11.6964819431
-431	-4364.69336696	7.99209117889
-430	-4305.10599942	11.2558329105
-429	-4344.31414815	8.05472397804
-428	-4477.04768238	10.0385529995
-427	-4529.10496852	11.1159820557
-426	-4631.84440623	9.72158098221
-425	-4626.28979727	12.8985469341
-424	-4611.07681156	9.51240205765
-423	-4528.32131088	10.7985200882
-422	-4612.75748111	9.81255888939
-421	-4694.86296391	9.55162811279
-420	-4715.49160318	8.23779582977
-419	-4796.87621835	6.88152098656
-418	-4796.08808403	7.7362241745
-417	-4858.53695619	7.41752886772
-416	-4774.72932635	8.24621105194
-415	-4707.98095677	6.63286709785
-414	-4588.25220671	8.51370596886
-413	-4472.01124779	11.0129919052
-412	-4457.12334065	9.12445807457
-411	-4423.90954457	8.1544418335
-410	-4370.96226167	9.77649617195
-409	-4414.13606393	12.6494569778
-408	-4432.90270005	11.526211977
-407	-4452.41569649	9.24986290932
-406	-4428.24391193	9.1561319828
-405	-4354.2048111	8.43162107468
-404	-4304.52089542	11.5680649281
-403	-4402.51939021	9.06131911278
-402	-4325.58335538	9.31844592094
-401	-4225.34835247	9.99911594391
-400	-4217.94073621	10.2189540863
-399	-4251.97617317	9.92285013199
-398	-4390.93070132	9.43527293205
-397	-4423.41941807	10.8682940006
-396	-4405.56758161	9.92398285866
-395	-4576.16092695	11.2399940491
-394	-4697.98860335	8.19288802147
-393	-4731.56115854	8.16697406769
-392	-4764.03567898	8.70948195457
-391	-4870.1008587	8.56043791771
-390	-4874.44360558	8.67328119278
-389	-4770.80890756	7.22740101814
-388	-4714.62378869	10.7633728981
-387	-4833.58859566	10.495800972
-386	-4815.33772272	7.83221697807
-385	-4802.68163058	9.99981212616
-384	-4697.16761064	8.43241095543
-383	-4738.76474271	8.4765689373
-382	-4817.07420653	9.48903799057
-381	-4793.32656467	11.0061221123
-380	-4878.11325264	13.7264637947
-379	-4775.0570138	11.7164361477
-378	-4707.8364484	8.35663604736
-377	-4603.40409661	7.47620081902
-376	-4641.99336211	8.05498719215
-375	-4513.58853077	7.66246294975
-374	-4361.31412273	10.290817976
-373	-4390.70938193	10.679502964
-372	-4382.15631595	10.1864030361
-371	-4331.86549835	11.7057220936
-370	-4158.27649177	9.6141037941
-369	-4157.06250998	9.1775431633
-368	-4139.03435861	8.03526687622
-367	-4223.36840183	8.23678612709
-366	-4346.48249269	9.66130900383
-365	-4385.36615704	8.84374690056
-364	-4400.06562113	7.45253705978
-363	-4386.16012497	9.23429608345
-362	-4369.68504104	7.81130981445
-361	-4453.91787129	7.02692699432
-360	-4561.4646937	8.22706818581
-359	-4706.72991816	9.97262096405
-358	-4787.09083039	8.78230690956
-357	-4789.12872814	9.03719496727
-356	-4834.28439049	9.72931003571
-355	-4873.15019384	8.62681794167
-354	-4936.3379529	11.589277029
-353	-5019.70171037	9.65022206306
-352	-5035.03843625	15.1794059277
-351	-5003.06043838	16.5439600945
-350	-5046.3251184	14.6006159782
-349	-5058.15059999	14.989593029
-348	-4958.07293355	8.13678693771
-347	-4890.85930297	7.67448711395
-346	-4892.42534714	10.7640399933
-345	-4822.01940412	9.73392987251
-344	-4977.25185987	7.84616112709
-343	-4763.76347169	10.0373749733
-342	-4730.22870094	10.07345891
-341	-4712.57025093	6.70936012268
-340	-4848.79461875	8.26701498032
-339	-4852.21263091	12.1066448689
-338	-4878.66489858	11.6915400028
-337	-4831.09835556	11.2104871273
-336	-4830.5327002	11.8084959984
-335	-4760.60420156	13.3197798729
-334	-4848.9802386	16.0060851574
-333	-4779.15965126	11.7852289677
-332	-4691.16026923	9.18047499657
-331	-4605.68514868	8.03697395325
-330	-4501.71671366	10.6955349445
-329	-4466.23042741	7.78499794006
-328	-4554.20661662	9.71148109436
-327	-4642.05549609	9.80147790909
-326	-4690.98329019	12.6278991699
-325	-4715.48312512	12.0191609859
-324	-4751.0402887	9.60978388786
-323	-4739.99569443	13.6014721394
-322	-4728.28258692	10.0413548946
-321	-4746.30572307	11.2101290226
-320	-4557.2224812	11.4935059547
-319	-4529.65861541	9.25559091568
-318	-4521.99810515	10.0358731747
-317	-4628.83973887	12.3530340195
-316	-4631.16794555	11.3877568245
-315	-4682.7678674	8.35872507095
-314	-4648.68256375	8.52642512321
-313	-4549.26447123	9.50632286072
-312	-4430.07588659	11.8071639538
-311	-4540.4801107	8.59625101089
-310	-4595.2310069	5.88793516159
-309	-4577.62460128	8.63242793083
-308	-4674.7229948	9.52796792984
-307	-4750.64177316	12.7166359425
-306	-4760.41835989	11.799793005
-305	-4904.13101043	14.5616760254
-304	-4959.3898669	11.6710340977
-303	-4983.3410508	15.0679888725
-302	-4952.82877791	9.36535310745
-301	-4956.98391306	14.4090061188
-300	-4935.25965507	14.2285768986
-299	-4912.4811752	8.41183900833
-298	-4924.89742572	11.4155979156
-297	-4927.42317753	13.4351561069
-296	-4959.12770591	11.616863966
-295	-5001.9459528	9.96830892563
-294	-5137.50474279	10.7065370083
-293	-5147.9388342	13.8698720932
-292	-5263.65798648	14.5840539932
-291	-5142.96755206	11.3705589771
-290	-5066.78494319	9.12159109116
-289	-5006.75948173	7.29145884514
-288	-5008.59455431	14.5179729462
-287	-5092.15251738	11.6934101582
-286	-5184.87269055	14.4681038857
-285	-5245.96815844	18.4750840664
-284	-5109.60770208	13.7089090347
-283	-4950.25917231	13.4684789181
-282	-4863.18741106	15.5860180855
-281	-4631.27311953	9.34532690048
-280	-4312.56061709	8.29317498207
-279	-4220.96302422	12.275840044
-278	-4178.97901189	9.81056499481
-277	-4090.35104961	11.3356480598
-276	-3948.52735529	6.35168290138
-275	-3911.12812626	6.98315310478
-274	-3936.13402423	10.2557790279
-273	-3940.57994275	10.7230038643
-272	-3931.58891807	12.4088270664
-271	-3997.32075036	11.8784708977
-270	-3964.4119305	9.91302704811
-269	-3904.68843873	7.75523805618
-268	-3806.00722878	7.05784893036
-267	-3884.11674981	8.2361831665
-266	-3902.1994201	9.02973985672
-265	-3897.5056768	9.58478808403
-264	-3800.35681788	8.24636292458
-263	-3810.2092349	6.48214316368
-262	-3770.87968129	6.75242686272
-261	-3790.70345153	6.66296696663
-260	-3827.65405764	6.09305500984
-259	-3844.87941333	9.99181103706
-258	-3861.75975528	5.99518299103
-257	-3870.69937017	6.64839911461
-256	-3787.08672372	6.80763292313
-255	-3777.16692451	6.83593392372
-254	-3919.2279667	7.75970697403
-253	-3910.67074399	9.27198314667
-252	-4095.60112677	9.92584490776
-251	-4161.70668325	17.4580600262
-250	-4213.81351919	14.8758239746
-249	-4217.53686491	12.2178969383
-248	-4211.53296481	13.1508700848
-247	-4289.1137146	12.7706561089
-246	-4339.58403745	17.806126833
-245	-4356.26984976	11.608946085
-244	-4392.29113524	10.1803870201
-243	-4395.81979663	9.98917889595
-242	-4388.80866146	11.1548149586
-241	-4598.52491991	11.8126270771
-240	-4729.03872923	11.3256499767
-239	-4761.85698245	12.7481570244
-238	-4825.65769531	9.74185991287
-237	-4874.25887478	10.3566801548
-236	-4828.1933385	14.9128360748
-235	-4849.84866603	9.11616396904
-234	-4876.25260073	10.5484008789
-233	-4993.15588217	10.5592241287
-232	-4931.54628672	12.4101238251
-231	-4975.29989453	10.8816380501
-230	-5011.68350125	8.48226809502
-229	-4924.99696047	11.9972708225
-228	-4934.50525194	9.59134602547
-227	-4945.57107563	10.2829630375
-226	-4897.71463376	8.26242613792
-225	-4976.72299456	7.66828584671
-224	-4991.11800079	8.40260601044
-223	-4902.94063386	7.63789010048
-222	-4912.82178321	8.23598694801
-221	-4926.78085519	9.91015696526
-220	-4881.08154168	10.5858330727
-219	-4994.6844149	10.0361669064
-218	-4691.52280023	10.690456152
-217	-4596.96496927	10.2301537991
-216	-4665.26700258	9.18861413002
-215	-4750.58103303	9.28803706169
-214	-4680.45943191	10.1989769936
-213	-4721.8709757	9.42807102203
-212	-4776.18010394	8.90114998817
-211	-4824.94797063	14.7581989765
-210	-4785.33438653	13.9253129959
-209	-5035.57348438	12.4398639202
-208	-5011.44443918	11.7498531342
-207	-5030.50578269	14.2971589565
-206	-4898.20993676	15.8528459072
-205	-4519.03889089	9.90527009964
-204	-4486.88323918	8.26765394211
-203	-4607.1702271	11.2210788727
-202	-4651.36323519	11.1985161304
-201	-4594.20338703	7.71463108063
-200	-4472.0872511	6.61821889877
-199	-4502.58395542	7.60561704636
-198	-4506.68803385	8.04077386856
-197	-4406.47652224	9.46278214455
-196	-4255.73262714	7.6932220459
-195	-4376.71803554	12.9540598392
-194	-4521.31614713	15.8459820747
-193	-4476.25906576	14.23554492
-192	-4624.866685	10.72290802
-191	-4612.05505394	9.75886106491
-190	-4621.16868021	10.4752049446
-189	-4709.80179568	13.7106771469
-188	-4866.48350744	12.9935138226
-187	-4877.6277401	9.06990599632
-186	-4861.29148664	9.23092699051
-185	-4867.39505835	7.7877600193
-184	-4531.05517607	7.98188209534
-183	-4456.70824024	10.5924749374
-182	-4468.86492781	15.1360580921
-181	-4281.26899574	14.7247378826
-180	-4254.76614578	11.2819671631
-179	-4396.09864432	12.6003818512
-178	-4363.65373515	10.8916420937
-177	-4304.13546026	12.4233920574
-176	-4208.75850624	10.2559747696
-175	-4178.47356598	13.4606702328
-174	-4313.72665364	10.98781991
-173	-4365.17207746	14.7624390125
-172	-4465.7075182	9.68661189079
-171	-4462.08784999	10.656427145
-170	-4498.72902323	13.3612389565
-169	-4474.73344721	14.1178429127
-168	-4357.67635393	10.5729091167
-167	-4315.98005372	12.8539018631
-166	-4250.12824731	10.7691261768
-165	-4336.13359728	8.97631788254
-164	-4375.35365281	14.6323549747
-163	-4611.60365961	13.1062450409
-162	-4666.28771818	12.1988990307
-161	-4674.53652029	10.1557638645
-160	-4786.94523173	9.84895300865
-159	-4736.54098002	12.627794981
-158	-4748.1534066	10.7619621754
-157	-4803.25276532	11.2862989902
-156	-4723.83020475	10.1314630508
-155	-4736.79041684	7.70698094368
-154	-4654.96939318	10.2060470581
-153	-4783.91520744	15.4125537872
-152	-4691.73729522	11.5313851833
-151	-4701.55441981	14.2216830254
-150	-4729.08839927	10.1145038605
-149	-4816.195628	12.2600791454
-148	-4883.03658013	12.0336339474
-147	-4988.52351978	9.69576001167
-146	-5050.4050013	7.72702383995
-145	-4704.23307122	6.91854810715
-144	-4485.54258747	7.91095304489
-143	-4482.77746005	7.05921387672
-142	-4539.35465455	8.63476014137
-141	-4587.60073746	8.03071498871
-140	-4472.93720385	7.0493888855
-139	-4440.26534328	6.35642910004
-138	-4495.43358857	6.27252793312
-137	-4651.26942889	7.66854190826
-136	-4558.31159275	11.0777871609
-135	-4447.17802706	9.29457187653
-134	-4425.67544438	9.03442001343
-133	-4400.41983038	10.0434989929
-132	-4500.40289746	9.62099003792
-131	-4580.39984109	11.3827319145
-130	-4586.53339828	9.82350516319
-129	-4395.90672709	9.5138258934
-128	-4428.5019691	9.09484505653
-127	-4406.38104967	9.74893689156
-126	-4384.63028845	9.93055701256
-125	-4424.25101136	11.1561970711
-124	-4500.85277614	9.65377807617
-123	-4580.05703573	11.0109109879
-122	-4554.09948104	9.96437597275
-121	-4588.44185655	12.4990189075
-120	-4613.0832515	9.51026701927
-119	-4532.41110898	13.1732201576
-118	-4588.99549138	11.2651338577
-117	-4561.36098526	13.717165947
-116	-4549.39411501	10.1361861229
-115	-4595.81771839	10.540708065
-114	-4717.21567858	13.8729798794
-113	-4617.68123867	12.7564539909
-112	-4494.37667152	8.0763759613
-111	-4543.86398185	14.1206459999
-110	-4538.85061058	11.8378970623
-109	-4553.67539828	9.82426810265
-108	-4425.6811792	8.96296000481
-107	-4316.97976686	13.302492857
-106	-4424.8972882	7.3196811676
-105	-4486.58419569	9.70052194595
-104	-4423.85369599	11.0645689964
-103	-4405.06680177	9.02312803268
-102	-4447.65601995	10.8689010143
-101	-4440.67408418	10.2135198116
-100	-4435.20513484	13.0282549858
-99	-4465.39224675	13.7716472149
-98	-4555.62550543	16.928208828
-97	-4568.19784828	15.7789449692
-96	-4609.2095442	10.9122331142
-95	-4611.67027955	11.2592909336
-94	-4581.61487292	12.13824296
-93	-4627.04460764	12.4401500225
-92	-4614.23568182	20.559967041
-91	-4621.43917981	14.1917629242
-90	-4631.51536618	11.2224531174
-89	-4674.24586959	15.2190949917
-88	-4647.04981121	12.8074390888
-87	-4631.35935501	9.26771783829
-86	-4679.92050357	10.4792730808
-85	-4670.49126142	9.31611704826
-84	-4756.30219954	10.8857879639
-83	-4855.75031634	17.5639228821
-82	-4792.28703392	9.42946314812
-81	-4766.93411896	10.8767340183
-80	-4704.43743215	9.40562081337
-79	-4785.64439703	11.3732252121
-78	-4761.08404867	13.6466469765
-77	-4749.45542176	12.0403029919
-76	-4740.80624695	11.7331898212
-75	-4713.50687337	12.5643501282
-74	-4698.96241152	13.1129329205
-73	-4827.63342209	13.4840250015
-72	-4778.74964827	13.5703420639
-71	-4823.79564792	11.5221290588
-70	-4930.06939762	15.5192699432
-69	-4949.91320515	18.62738204
-68	-4925.20541149	23.6845049858
-67	-4992.6340267	18.325674057
-66	-4950.06469216	12.9362368584
-65	-4994.37711962	10.9061391354
-64	-4831.40092578	19.2222700119
-63	-4950.87357795	13.2733049393
-62	-5065.1925939	9.36936187744
-61	-5095.92804588	11.5949370861
-60	-5116.70981293	8.48550701141
-59	-5052.80647937	9.70434808731
-58	-4975.50328191	9.70239281654
-57	-5091.26111643	10.9531271458
-56	-5027.0762992	12.8817028999
-55	-4971.92716015	9.61111998558
-54	-4971.11992392	10.9470770359
-53	-4930.27954082	12.2229630947
-52	-4857.78549522	10.0961418152
-51	-4838.48137011	9.85918521881
-50	-4848.27666432	8.87096190453
-49	-4821.73168577	9.04684305191
-48	-4785.21084098	12.5163869858
-47	-4993.86044628	12.4388170242
-46	-5075.35971944	9.74536299706
-45	-4986.71887558	10.6561088562
-44	-5160.07912771	8.1429810524
-43	-5223.59217076	9.58407211304
-42	-4910.15963825	10.8897268772
-41	-4947.64369419	6.43829107285
-40	-4865.85278273	7.27813005447
-39	-4893.15032988	12.5179657936
-38	-4874.65284767	14.6421711445
-37	-4845.18425026	9.48843193054
-36	-4862.41002909	7.49751591682
-35	-4762.85470138	12.5047771931
-34	-4726.07618731	9.86380600929
-33	-4566.2691974	10.231926918
-32	-4500.96106782	11.623347044
-31	-4751.64681693	12.5888228416
-30	-4903.45013367	10.5649662018
-29	-5005.76206612	11.4344909191
-28	-5223.41444446	10.3178958893
-27	-5195.53454087	11.6804430485
-26	-4999.14753892	8.03476500511
-25	-4950.47164141	8.65013194084
-24	-4878.18368557	7.75362014771
-23	-4869.84072391	7.90494799614
-22	-4958.65093401	10.1775820255
-21	-4766.94901741	12.1043570042
-20	-4726.56270549	8.13446497917
-19	-4751.99002112	9.39814805984
-18	-4819.94484179	9.68429994583
-17	-4737.33183814	10.8781249523
-16	-4599.73638074	8.05578303337
-15	-4542.63435406	7.70136499405
-14	-4520.33064	10.4014530182
-13	-4539.65655358	12.1314618587
-12	-4660.82989584	7.29278206825
-11	-4437.56834122	10.6855249405
-10	-4356.41545863	6.96355319023
-9	-4425.64689122	12.6249067783
-8	-4455.00151808	12.1169321537
-7	-4482.02534933	10.698474884
-6	-4508.81908112	10.7953941822
-5	-4667.59951879	12.8810908794
-4	-4652.70250077	9.94463610649
-3	-4808.43436647	11.1352558136
-2	-4907.79353517	10.3505451679
-1	-4927.89535116	13.5712809563
0	-4921.61426265	17.1041920185
1	-4989.91928619	16.1246278286
2	-5068.27087968	11.2996730804
3	-5072.9762207	12.9182100296
4	-5140.36095947	11.1835250854
5	-5098.34838303	11.529889822
6	-5160.46141502	12.0091180801
7	-5336.00880232	15.6525659561
8	-5513.48262275	14.6092510223
9	-5241.10963064	8.64825797081
10	-5164.08747564	13.1073000431
11	-4869.78915418	10.2602570057
12	-4731.59005573	10.5754890442
13	-4662.44895718	10.3557360172
14	-4734.01343781	9.94801998138
15	-4775.32741202	12.0640850067
16	-4857.49869331	12.6733589172
17	-4819.60996224	8.44380903244
18	-4800.66107214	10.9614961147
19	-4699.61026943	10.4810259342
20	-4814.68236302	18.4454648495
21	-4857.25706974	14.4538171291
22	-4840.27263665	16.6979660988
23	-4755.1351935	10.2502539158
24	-4575.02755751	8.97944688797
25	-4397.06618459	12.9152741432
26	-4263.88280371	9.13222002983
27	-4144.42086682	12.2094218731
28	-4191.28058304	10.4642789364
29	-4197.29365641	11.0418391228
30	-4328.51962607	15.7402429581
31	-4368.70715915	10.0932919979
32	-4396.04234871	10.9972980022
33	-4397.48117468	12.6704919338
34	-4412.21948063	12.5232989788
35	-4349.11097495	9.8163831234
36	-4363.2628725	15.921120882
37	-4380.59469931	7.46226716042
38	-4445.80378846	8.70964002609
39	-4427.70171343	6.70931982994
40	-4531.1874687	9.15478205681
41	-4611.67276758	15.6387979984
42	-4562.64104502	9.86231899261
43	-4739.37799462	11.6932389736
44	-4715.60876863	17.1519811153
45	-4764.26556796	10.233618021
46	-4708.03303023	11.6405830383
47	-4685.6733586	11.3636858463
48	-4661.21143041	12.9372849464
49	-4773.22678402	9.74577212334
50	-4690.55587789	11.4733130932
51	-4604.47186336	14.1104037762
52	-4601.07411815	14.0721261501
53	-4552.54381652	12.067317009
54	-4215.42872387	9.08100605011
55	-4230.54118054	7.63567996025
56	-4206.54537729	7.02611398697
57	-4089.0876086	9.52960991859
58	-4061.04046439	8.09665107727
59	-3970.0644392	7.78018283844
60	-3874.52903637	9.78048706055
61	-3956.54001265	10.8216230869
62	-3919.00723346	11.1943919659
63	-4066.8844761	10.6115379333
64	-4083.75495017	10.6544599533
65	-4237.13065034	13.7357480526
66	-4221.11090317	10.9270980358
67	-4285.88141673	10.4483311176
68	-4274.27640958	11.9548180103
69	-4238.67794323	14.6540279388
70	-4137.70553729	14.4552278519
71	-4020.42850347	9.55643701553
72	-4049.7264945	14.1566979885
73	-3973.62303468	14.6034340858
74	-4012.67575723	10.5884771347
75	-3859.37437971	12.7727937698
76	-3819.51688905	8.26353502274
77	-3935.71318611	11.6790480614
78	-3968.70594402	7.72720694542
79	-3974.1235825	9.81903409958
80	-3971.99748032	14.5348050594
81	-4050.31762085	11.8053998947
82	-4045.31319548	7.2860751152
83	-3879.05598452	6.30021882057
84	-3812.99866811	7.20007705688
85	-3815.48594814	7.49653410912
86	-3778.61015114	8.26979994774
87	-3769.09659633	8.18700909615
88	-3760.51020402	12.9407029152
89	-3802.90232181	7.13095593452
90	-3826.00167824	10.5406610966
91	-3795.77034115	10.3622648716
92	-3871.1844477	14.3258099556
93	-3891.48319443	9.94651508331
94	-3963.65782174	15.1443099976
95	-4043.93643158	11.5616769791
96	-4073.89250142	9.49945306778
97	-4076.79592605	11.9624838829
98	-4068.63286443	10.1092660427
99	-4166.12954019	11.1912209988
100	-4195.79622557	9.92176103592
101	-4182.97947167	11.1184940338
102	-4145.9311572	8.86728692055
103	-4189.08848401	13.5011291504
104	-4113.43533592	12.7908358574
105	-4113.2503607	12.6786580086
106	-4091.0902516	10.4204900265
107	-4041.21459831	7.46445202827
108	-4070.2876467	12.4793961048
109	-4149.26292557	10.4784588814
110	-4110.17345678	11.1482510567
111	-4143.18207343	10.4333100319
112	-4070.66878776	9.94148993492
113	-4065.14967862	15.5300729275
114	-4021.41419895	9.12811398506
115	-4022.16236579	8.09003806114
116	-4005.63877057	10.2750079632
117	-4111.01361358	8.23927211761
118	-4118.17379815	9.83427405357
119	-4129.87293051	12.9550569057
120	-4153.20258848	10.4879519939
121	-4173.37633989	12.370609045
122	-4126.92398075	15.4134368896
123	-4080.81969772	14.8659360409
124	-4189.40686957	15.8228869438
125	-4308.21457356	16.912156105
126	-4358.09211597	14.1181080341
127	-4390.94370324	10.5346939564
128	-4576.94046589	10.9317889214
129	-4588.95640138	14.0804100037
130	-4599.83740278	14.8771820068
131	-4647.68416621	12.4969940186
132	-4697.2199251	10.324434042
133	-4761.24914788	8.43491792679
134	-4670.89828646	12.1422450542
135	-4695.11149483	9.3538839817
136	-4790.93642532	10.6372380257
137	-4819.12795993	15.1058681011
138	-4880.41980753	12.6867158413
139	-4898.72468572	11.0131249428
140	-4855.3001685	13.480038166
141	-4858.04480192	15.4772658348
142	-4832.1067367	16.51456213
143	-4974.88639406	16.0094389915
144	-4979.71425943	15.3704650402
145	-5166.23811656	16.9203720093
146	-5212.18605321	12.9660339355
147	-5266.34695653	12.7428081036
148	-5154.92133726	11.0876657963
149	-5013.02437035	12.6362431049
150	-4888.05283859	11.3634240627
151	-4860.54375964	8.97454500198
152	-4771.41937999	11.071213007
153	-4725.71892279	12.2028098106
154	-4793.96061321	16.8708570004
155	-4889.7663426	10.912910223
156	-5103.49711637	10.538315773
157	-5022.68443329	14.9679160118
158	-5089.61717092	12.2628970146
159	-5116.60101619	12.0929851532
160	-5046.17321211	9.26120901108
161	-5043.63063767	9.86828684807
162	-5000.73184842	11.4709510803
163	-5005.52959203	12.4080340862
164	-4953.66738306	9.78672480583
165	-4919.18147893	18.0508542061
166	-4964.52599959	15.3244469166
167	-4883.9669308	15.4869818687
168	-4952.00388373	19.7838521004
169	-5036.15315517	19.0908029079
170	-5093.89418265	19.7236821651
171	-5100.38158904	16.8579409122
172	-5010.28352632	20.2240860462
173	-4986.3648525	13.6490840912
174	-4958.21031783	14.7554039955
175	-4850.94227551	15.8867058754
176	-4915.4193008	12.8848221302
177	-4861.35044943	16.1315078735
178	-4809.08183112	16.040569067
179	-4933.72350981	18.9310998917
180	-4923.61735667	20.1284029484
181	-4851.16718147	17.5514810085
182	-4920.42286955	11.9801871777
183	-4901.43713392	14.9000740051
184	-5028.25448983	12.302946806
185	-5038.44259806	12.2234711647
186	-5041.51136936	11.8559780121
187	-4872.1087037	18.4658038616
188	-4812.62151469	17.7232971191
189	-4924.36903959	14.3930749893
190	-4998.4766633	25.1812689304
191	-5193.1932166	15.749808073
192	-5204.46660184	20.7755010128
193	-5263.33488544	17.107241869
194	-5275.3229172	14.7207901478
195	-5372.05681742	18.5273249149
196	-5448.74201773	15.6703979969
197	-5635.3385822	21.5176730156
198	-5742.55145423	15.347069025
199	-5770.6575371	14.2622840405
200	-5858.5419977	12.3664548397
201	-5753.51718327	13.430783987
202	-5637.95541609	13.788544178
203	-5670.49788522	16.7692399025
204	-5705.90148732	16.909979105
205	-5570.29861361	17.4365849495
206	-5299.68678365	16.1198999882
207	-5118.28248933	13.2511210442
208	-5042.19327602	13.2151379585
209	-4982.81798957	15.5213680267
210	-4954.54410897	18.9440169334
211	-4993.40628154	20.3903620243
212	-5044.00966328	19.0028688908
213	-5133.25639475	18.0858511925
214	-5164.98873311	16.5228729248
215	-5143.23698009	21.0832750797
216	-5140.60457014	17.3614459038
217	-5120.82292446	15.1985230446
218	-5104.74994754	13.2066509724
219	-4997.32516405	14.6710588932
220	-4956.41457387	17.8619790077
221	-4868.23829599	18.7569591999
222	-4757.34745305	11.8691008091
223	-4618.01359159	11.2265770435
224	-4516.27611139	9.23864102364
225	-4474.74739311	12.583147049
226	-4457.53169235	13.3145940304
227	-4450.90885196	14.5012199879
228	-4375.57383943	17.0770158768
229	-4421.23776969	12.2705049515
230	-4445.64001291	11.6275172234
231	-4401.34688633	12.8322489262
232	-4352.14138261	12.5774009228
233	-4409.68091631	13.8422801495
234	-4391.18660376	13.9166069031
235	-4368.89140512	14.1969029903
236	-4302.78762924	14.3820960522
237	-4349.13321008	12.6512720585
238	-4297.31490015	12.7460157871
239	-4278.21884866	14.24792099
240	-4253.8035326	10.8704030514
241	-4265.58519989	10.9013190269
242	-4226.87252155	10.1942350864
243	-4237.78262605	13.273004055
244	-4252.4969858	11.0549478531
245	-4424.45954312	13.1718831062
246	-4457.23548789	15.9936769009
247	-4522.39359253	18.9250509739
248	-4420.07659202	21.702573061
249	-4475.3562515	19.0045180321
250	-4528.06885698	11.06336689
251	-4603.16277878	10.5107941628
252	-4700.17754591	12.3685748577
253	-4686.4623525	14.308781147
254	-4621.40563828	8.88509893417
255	-4652.90138374	15.1830048561
256	-4664.9461603	12.9824631214
257	-4659.84609876	12.9509730339
258	-4733.01550529	10.2810389996
259	-4863.28089501	13.6988549232
260	-5048.13406358	13.151581049
261	-5131.2431961	15.1902730465
262	-5098.60124368	18.2091469765
263	-5058.11282022	21.1812989712
264	-4975.18045856	16.3874950409
265	-5054.89397178	12.3885819912
266	-5101.21202812	19.2509670258
267	-5150.36458235	14.6321129799
268	-5017.12859535	17.4769978523
269	-4889.31399664	19.4945061207
270	-4896.92072964	17.5411810875
271	-5023.53542958	16.7840588093
272	-4983.89287616	18.5924351215
273	-4887.03710227	16.6688408852
274	-4880.26138321	17.7774260044
275	-4801.72596964	16.8204200268
276	-4809.9315886	15.0109510422
277	-4850.70873854	12.0799090862
278	-4916.21165529	14.36429286
279	-4914.26613196	14.9347741604
280	-4904.26709569	15.2273449898
281	-4955.97172728	11.4660909176
282	-4893.74002477	18.0127708912
283	-4903.20459657	14.0313110352
284	-4868.97697973	11.6154031754
285	-4874.61276688	22.2583968639
286	-4915.11433184	14.6077270508
287	-5042.50634248	14.0070550442
288	-5168.46675785	16.119385004
289	-5250.59923925	11.2008678913
290	-5281.9485724	11.8612320423
291	-5043.97689324	15.5315890312
292	-4964.29155191	11.2940900326
293	-4861.86502056	15.2921700478
294	-4838.53435282	14.0106887817
295	-4899.27520498	14.4371030331
296	-4914.31923813	15.185172081
297	-4936.02022669	11.6629099846
298	-5012.21542416	13.1729791164
299	-5110.48715888	11.3273358345
300	-5169.35756073	15.9144351482
301	-5116.96999182	23.6915450096
302	-5177.66894222	14.4634180069
303	-5195.09198827	16.7477149963
304	-5024.82588675	13.2061429024
305	-4951.63735607	15.2971060276
306	-4900.67457973	15.5562970638
307	-4659.20747631	8.11685800552
308	-4684.02256165	8.84832787514
309	-4582.42973113	9.78690695763
310	-4565.26147993	8.82528495789
311	-4556.8049789	8.88625717163
312	-4637.37120844	10.684720993
313	-4640.07910123	12.930975914
314	-4674.02088985	19.2541370392
315	-4654.33849347	17.0980570316
316	-4647.54040616	13.5281779766
317	-4660.6884881	22.063462019
318	-4570.57034578	10.2763800621
319	-4666.82909727	9.65518593788
320	-4664.37039564	13.8743908405
321	-4582.64009274	12.5670571327
322	-4524.74915882	12.0439639091
323	-4532.96370968	14.6140670776
324	-4468.93102971	13.4211120605
325	-4507.95158618	12.9793460369
326	-4599.42079216	13.4477069378
327	-4606.84963347	11.2288360596
328	-4706.16598896	14.9087808132
329	-4802.26106222	15.1624979973
330	-4768.57167416	17.7197391987
331	-4695.77199332	16.0263588428
332	-4748.27308079	15.7669639587
333	-4746.32318816	11.0988461971
334	-4717.62212232	9.54618787766
335	-4702.75601951	9.3322520256
336	-4459.99202069	11.9743309021
337	-4449.41657317	8.38519215584
338	-4381.97810499	11.6967468262
339	-4301.48106504	14.7861101627
340	-4285.82930702	14.1234869957
341	-4239.76386626	13.3664438725
342	-4177.84720523	11.34871912
343	-4236.5796307	12.6444170475
344	-4294.5387647	9.78089880943
345	-4276.90139428	10.4829761982
346	-4390.89493365	9.50495386124
347	-4364.56843691	13.9321010113
348	-4281.60116547	10.5737259388
349	-4355.80135319	14.7515041828
350	-4475.90895187	12.7096939087
351	-4455.07247615	12.6072449684
352	-4418.76261592	9.07907414436
353	-4327.90932967	16.5541949272
354	-4385.48976034	12.5944929123
355	-4358.68620806	11.8351769447
356	-4308.62848111	10.9036960602
357	-4251.85518961	15.2343029976
358	-4216.94466662	12.1616370678
359	-4268.23146876	13.5945580006
360	-4263.48874739	10.4446110725
361	-4359.40129381	9.10760092735
362	-4331.62027788	9.87774395943
363	-4388.18491326	9.73252797127
364	-4383.83364077	9.71419906616
365	-4374.06181543	10.7535579205
366	-4418.79186079	20.9425151348
367	-4568.97879339	16.5259418488
368	-4805.69735841	15.2025079727
369	-4850.2673199	16.4343080521
370	-4972.91811722	16.8638441563
371	-4962.06816386	10.6313889027
372	-4933.5373398	17.3395190239
373	-4938.33408439	14.8749148846
374	-5032.16854449	14.0298631191
375	-5020.0917958	15.3425118923
376	-4942.02485992	12.6074931622
377	-4881.47273286	14.4592759609
378	-4803.705975	15.3936100006
379	-4871.56907228	13.1626968384
380	-4866.60682515	15.3394432068
381	-5025.66499095	13.1333708763
382	-5122.29073354	19.4771709442
383	-5122.36942224	14.1140530109
384	-5189.91011309	13.8709299564
385	-5200.49637772	12.9912090302
386	-5296.26158872	17.582583189
387	-5370.61845261	16.0191729069
388	-5328.74582744	15.2020709515
389	-5347.27196041	15.2868590355
390	-5388.52072787	18.4986150265
391	-5414.809937	18.5642399788
392	-5426.4669746	11.222671032
393	-5406.051559	17.8839719296
394	-5422.69685409	16.459551096
395	-5290.19020734	18.602907896
396	-5147.95328088	13.6119091511
397	-4989.18887018	16.659911871
398	-4838.45188002	12.7146780491
399	-4766.73652683	14.7281188965
400	-4753.56273011	12.2070221901
401	-4734.30626678	9.5213367939
402	-4666.20023408	11.2258250713
403	-4602.15272155	12.0652050972
404	-4669.89923652	8.60531687737
405	-4680.36019538	10.5497691631
406	-4670.53925978	17.5832619667
407	-4674.00669804	11.2896099091
408	-4693.99176609	9.14754509926
409	-4756.42880449	10.1713778973
410	-4807.68397996	12.529665947
411	-4849.79983578	13.0503849983
412	-4870.96056115	14.7169790268
413	-4895.55563431	10.8022749424
414	-4977.72914297	12.8559219837
415	-5059.84364319	14.3123250008
416	-5149.56156919	19.6774711609
417	-5129.24318145	13.5129308701
418	-5220.37861827	15.5218510628
419	-5331.64209548	13.1410019398
420	-5359.37585879	13.3332190514
421	-5201.70303874	17.2892611027
422	-5164.33642479	11.6664009094
423	-5108.57524494	13.5076680183
424	-5119.99440766	14.1579558849
425	-5161.41482768	16.1161692142
426	-5007.288327	16.8618018627
427	-5075.40036432	13.3331739902
428	-5097.84445102	14.8692500591
429	-5179.54084098	10.7665998936
430	-5243.65356048	16.7640650272
431	-5282.50512202	15.4247889519
432	-5198.24546759	10.7072501183
433	-5376.09476865	12.270966053
434	-5530.72482393	16.8134200573
435	-5464.20357701	9.12947893143
436	-5379.41391753	11.5606019497
437	-5387.34997679	10.9955470562
438	-5405.95717371	10.6338260174
439	-5396.17944051	19.3290598392
440	-5361.08662458	16.9356861115
441	-5331.90622426	14.3956160545
442	-5251.4901254	17.5683579445
443	-5159.70894309	13.1253449917
444	-5192.72709598	15.4655349255
445	-5168.40073866	14.5742650032
446	-5179.6012656	11.7652771473
447	-5132.16670907	9.43889498711
448	-5252.33455662	11.4364650249
449	-5357.88697146	12.7480258942
450	-5545.84935685	16.3310120106
451	-5681.98587233	16.0846159458
452	-5760.44011606	18.9848029613
453	-5893.02202818	13.0627071857
454	-5784.99214453	15.5749189854
455	-5752.5811488	18.1228768826
456	-5600.56843237	12.9768030643
457	-5438.85826965	11.5128939152
458	-5387.47836613	10.4716351032
459	-5280.14303849	13.9674918652
460	-5234.94237753	14.300868988
461	-5158.72294385	15.4496200085
462	-5194.34027188	13.9063050747
463	-5172.34497312	10.4050149918
464	-5207.59354325	13.5555939674
465	-5272.45018004	11.6900470257
466	-5325.15495524	17.9970030785
467	-5335.35830844	15.9947149754
468	-5427.90965772	16.2000899315
469	-5559.71976242	14.0193090439
470	-5579.0585127	12.1456079483
471	-5651.67710297	13.3514020443
472	-5803.55140781	13.0891809464
473	-5802.03700535	10.5825591087
474	-5815.93896604	9.73672604561
475	-5804.119566	8.21014690399
476	-5783.64586173	8.82982707024
477	-5788.22039222	11.8142518997
478	-5785.90709016	23.5779030323
479	-5526.24477482	16.6534469128
480	-5475.05042323	22.9295351505
481	-5418.2974198	15.0547528267
482	-5275.8762644	15.6382892132
483	-5300.22061973	16.6576809883
484	-5215.30182709	17.3303499222
485	-5325.38806647	13.7656099796
486	-5483.27246221	13.3096199036
487	-5520.24556228	10.0258982182
488	-5411.5973156	8.52200078964
489	-5108.62899154	14.6754381657
490	-5024.90810214	18.1401538849
491	-4967.72783541	15.3951561451
492	-5024.57010932	17.6036968231
493	-5074.94035694	13.8755371571
494	-4960.93254398	16.3829169273
495	-4807.07576081	11.0289480686
496	-4757.17795863	12.2384970188
497	-4607.45374498	16.8768107891
498	-4704.19756415	14.6520061493
499	-4696.57376421	13.8390059471
500	-4766.48446374	18.5913009644
501	-4791.75025578	18.7226901054
502	-4778.48855173	15.8621890545
503	-4697.71269483	14.2506668568
504	-4749.22257966	13.5651781559
505	-4767.47312207	19.7503168583
506	-4768.79793692	17.5218520164
507	-4806.44169729	16.9465289116
508	-4842.22929347	19.0283420086
509	-4793.93410624	16.5709540844
510	-4833.02500947	13.2461531162
511	-4838.448169	11.1180830002
512	-4818.3659249	14.3244888783
513	-4751.42921637	11.0958299637
514	-4718.41311541	9.61189699173
515	-4695.47045442	13.8882601261
516	-4732.76445304	15.8725068569
517	-4741.72321532	16.5177509785
518	-4846.90878981	11.836728096
519	-4817.67538763	18.2509241104
520	-4771.93979738	10.422990799
521	-4734.86420757	13.5187001228
522	-4686.05048279	14.9473600388
523	-4610.36654933	11.914265871
524	-4600.67720952	14.3721570969
525	-4624.68292307	15.6854050159
526	-4617.70290552	15.9336969852
527	-4679.49100423	15.7700428963
528	-4548.61812288	11.5220730305
529	-4528.87819285	12.6988899708
530	-4553.51157175	13.2670259476
531	-4580.88905774	12.5043401718
532	-4593.98186272	13.5951180458
533	-4570.062794	19.9080338478
534	-4717.41530379	16.5043799877
535	-4673.38634232	18.3133780956
536	-4728.45555811	18.6880009174
537	-4608.52323148	15.285859108
538	-4644.03025685	17.1979758739
539	-4627.94883028	19.321283102
540	-4690.94633693	21.4536468983
541	-4768.63798911	18.7598719597
542	-4738.89616769	17.8752880096
543	-4839.77660342	13.7263481617
544	-4748.28014612	15.5478298664
545	-4847.13244478	18.8623821735
546	-4760.56788618	15.2948958874
547	-4762.33588808	18.299503088
548	-4718.91872836	15.8726689816
549	-4666.66722498	17.2630019188
550	-4548.03232873	12.7939710617
551	-4419.55511493	14.0557570457
552	-4319.82455332	12.1451249123
553	-4316.94894981	13.6836850643
554	-4330.60202611	16.7200269699
555	-4334.30910687	14.7390758991
556	-4298.80050346	15.5706729889
557	-4332.55674708	19.6376760006
558	-4355.72407015	16.089605093
559	-4370.26415618	17.9057629108
560	-4428.16983071	17.2607011795
561	-4432.05339538	20.2056128979
562	-4453.18927944	15.8569769859
563	-4423.89518341	16.2806060314
564	-4439.12130281	13.9588460922
565	-4428.15759426	13.1154789925
566	-4463.60037364	14.1751158237
567	-4435.6664511	11.7018949986
568	-4471.96988109	17.4841690063
569	-4460.25754631	15.5181231499
570	-4373.54430655	17.7623608112
571	-4328.60317136	13.3308341503
572	-4191.53091861	18.9215679169
573	-4283.35591085	9.38410496712
574	-4329.82599586	8.95306396484
575	-4426.48488144	11.0990390778
576	-4409.65002461	14.9751210213
577	-4432.77415271	16.0497119427
578	-4504.46229121	20.6282770634
579	-4613.70941307	30.2535009384
580	-4693.88715035	21.8504519463
581	-4612.0566789	12.9070122242
582	-4686.34781617	17.0041699409
583	-4687.07516022	19.4616470337
584	-4658.85896384	18.7947859764
585	-4633.56198469	20.2718720436
586	-4560.52325879	12.5111589432
587	-4540.32983534	18.5670199394
588	-4596.39920753	17.9333190918
589	-4605.19604419	17.2875978947
590	-4643.6042511	20.3231360912
591	-4692.33144354	10.5020048618
592	-4650.1838149	13.9089741707
593	-4795.69323316	11.0021028519
594	-4861.83754633	15.1232249737
595	-4858.41309662	14.3832190037
596	-4875.47348208	19.8127989769
597	-4915.62266447	13.8919980526
598	-5000.00189762	15.4960701466
599	-4920.10063304	16.487585783
600	-4875.58891189	18.6199781895
601	-4866.61409222	20.1887629032
602	-4979.78378367	19.2578949928
603	-4902.43412667	19.0330889225
604	-4979.08037228	14.9294791222
605	-4807.33318878	13.3629028797
606	-4799.68627833	17.2297091484
607	-4883.73391401	17.889220953
608	-5042.45080725	16.2075400352
609	-5101.84992099	19.771586895
610	-5074.09504208	14.7675991058
611	-5014.49162023	23.3383119106
612	-5003.6879617	18.2981979847
613	-5070.48334768	20.6492221355
614	-4832.30987192	15.1812398434
615	-4794.0890167	17.3448472023
616	-4832.71918629	11.7641949654
617	-4810.56384055	10.9895999432
618	-4711.96026122	9.45599198341
619	-4701.92396028	10.2649760246
620	-4826.10756703	18.8249778748
621	-4876.40984391	18.8864870071
622	-4937.00219848	20.4812610149
623	-4994.78038522	17.7690739632
624	-5256.39848952	16.3037571907
625	-5353.49589242	20.4084298611
626	-5420.53344666	17.5329351425
627	-5457.57225296	25.2220549583
628	-5346.81107904	21.9584078789
629	-5341.61611133	20.6859481335
630	-5247.34496283	17.1744508743
631	-5310.29525143	23.1410341263
632	-5310.48462832	21.4917318821
633	-5331.19465843	18.5737740993
634	-5421.27343081	17.6337590218
635	-5513.90619849	16.2295160294
636	-5548.5106209	21.473197937
637	-5506.33954108	14.4868140221
638	-5508.73415033	12.7102138996
639	-5487.55213762	17.3006429672
640	-5521.00652374	16.0976910591
641	-5477.76516845	17.7184500694
642	-5418.44882852	18.4671909809
643	-5276.92446853	12.0061268806
644	-5342.7683396	12.1447031498
645	-5361.65428775	12.872287035
646	-5295.76719208	14.9717860222
647	-5408.27015738	13.6792099476
648	-5515.95898679	21.851462841
649	-5441.46771799	22.3056921959
650	-5375.11478826	17.113920927
651	-5337.5249495	18.7995240688
652	-5398.49215512	12.084954977
653	-5370.4489237	16.3268940449
654	-5391.54457909	12.7329819202
655	-5454.99309708	19.5269830227
656	-5384.48201607	24.5940060616
657	-5539.26651045	17.8793199062
658	-5639.94031333	21.4186599255
659	-5655.2431993	22.4904170036
660	-5440.77640645	15.6574780941
661	-5512.38904851	15.500150919
662	-5288.99087107	18.2638909817
663	-5144.28391594	13.04936409
664	-4880.25440767	14.6633570194
665	-4883.41331975	13.0912308693
666	-4886.94451135	15.2456400394
667	-4833.97569608	15.6569299698
668	-4813.02150039	19.415060997
669	-4663.88037009	12.7531239986
670	-4602.80666493	17.4323580265
671	-4545.72861775	11.1861650944
672	-4468.00626669	11.799861908
673	-4385.17017542	10.5581231117
674	-4409.55311401	14.868639946
675	-4456.08045701	13.4811820984
676	-4480.82988829	13.6231729984
677	-4527.48827264	18.9558498859
678	-4488.01825367	16.2070798874
679	-4497.25253236	17.2635691166
680	-4516.65059883	19.9314510822
681	-4534.13842199	20.2492508888
682	-4647.57043148	14.6421771049
683	-4645.96789488	15.6723530293
684	-4637.65798178	16.9151380062
685	-4634.67557613	14.7886009216
686	-4718.00830575	17.0393409729
687	-4714.06782713	12.7664248943
688	-4634.76470468	16.8789100647
689	-4611.38726849	19.626857996
690	-4639.74625283	23.9314069748
691	-4662.92309697	19.201223135
692	-4664.64187554	16.2986049652
693	-4618.34116834	12.4758720398
694	-4576.91685437	15.0201089382
695	-4545.78341024	16.0128190517
696	-4545.49920929	13.413492918
697	-4536.71623623	12.3484430313
698	-4465.17568803	9.84882092476
699	-4453.99962639	15.3693361282
700	-4465.03973082	14.2548010349
701	-4535.40834966	18.8725779057
702	-4612.98707216	14.2789239883
703	-4588.84993144	15.3368060589
704	-4525.94215649	15.8709549904
705	-4490.89752628	11.695250988
706	-4440.09475398	18.0986249447
707	-4368.746862	10.6108739376
708	-4363.88525468	14.1050670147
709	-4378.15324024	14.9726090431
710	-4386.63649974	18.7956519127
711	-4383.45894415	16.8921561241
712	-4435.59497995	17.0633759499
713	-4438.37530411	14.8904070854
714	-4348.75530571	13.2498838902
715	-4452.61920526	17.7018711567
716	-4620.21756856	17.3270750046
717	-4667.44280494	23.7921378613
718	-4697.4348938	15.9825060368
719	-4700.37058032	18.0392789841
720	-4798.36461019	17.283755064
721	-4824.1401611	20.149917841
722	-4923.66906865	17.2192461491
723	-4939.33479155	16.0242340565
724	-4964.09538675	17.5430729389
725	-5045.08317985	17.5874838829
726	-5053.58354095	25.7218511105
727	-4922.47317058	18.1717510223
728	-4799.38824411	21.186784029
729	-4835.64162824	25.9616019726
730	-4889.3729756	28.5322928429
731	-4935.21690701	23.7548310757
732	-4802.16195564	21.8375790119
733	-5745.55491616	22.5278589725
734	-5735.22246147	1219.96603894
735	-5763.40208514	1260.28026009
736	-5777.08894602	1765.97972798
737	-5743.44173668	1589.773103
738	-5701.15288959	1404.55539393
739	-5864.24831238	1641.6742301
740	-5976.30678743	1810.74215603
741	-5896.16326398	1466.9904449
742	-5923.68106702	2353.40434408
743	-5951.34365884	1588.57649994
744	-6041.11931933	1413.909935
745	-6098.67903979	2547.419806
746	-6085.2048442	1227.983634
747	-6108.92554871	1488.22127414
748	-6048.92770773	1196.63374496
749	-6038.69917777	1535.50326586
750	-5959.71183842	1554.53763819
751	-5945.47827477	1263.96681786
752	-5985.50155062	1413.06172109
753	-5991.82812598	975.888134956
754	-6009.21796516	1148.93857694
755	-6141.6108218	1065.21311808
756	-6087.73139814	1085.83835506
757	-5944.87353846	1362.95212102
758	-5986.04551179	1389.46323299
759	-6138.77531977	1050.79075003
760	-6202.21845804	1019.45265484
761	-6178.69538801	1002.81515503
762	-6144.94037525	985.357303143
763	-5997.70837381	1384.57617784
764	-5935.71459982	901.21750617
765	-5928.54663743	965.899160862
766	-5858.39728914	1433.13786411
767	-5982.03054964	1182.32409787
768	-5884.81645384	1147.20601511
769	-5974.41160463	1212.75092196
770	-6028.12230636	1126.431844
771	-5954.34751377	1107.27294207
772	-5914.64074742	895.884004831
773	-5808.85198919	958.211371183
774	-5851.78502894	876.81040597
775	-5767.23619015	995.778410912
776	-5739.48371864	1111.63259792
777	-5742.30892008	1029.710006
778	-5695.28400304	1266.29302311
779	-5753.55466361	1146.59152889
780	-5745.27007162	1337.93048
781	-5772.58146357	1391.44656515
782	-5728.44530599	1122.54490995
783	-5871.96124275	1160.43656898
784	-5827.12651154	1181.22880793
785	-5859.2262049	1132.02003002
786	-5771.37329245	1351.26904106
787	-5783.83593285	1081.58042502
788	-5725.13715417	1059.54118085
789	-5737.54581774	776.368927002
790	-5600.27938142	987.416729212
791	-5646.57007804	1337.82627082
792	-5655.34924779	1218.74546099
793	-5612.77180825	1132.9504571
794	-5555.09388163	1410.8282311
795	-5512.34128451	1448.39372897
796	-5574.18204709	953.277896881
797	-5643.35569565	904.22261095
798	-5726.19160938	979.580852985
799	-5627.77423005	1182.14096808
800	-5679.0277885	1402.30088401
801	-5654.51978877	871.212722063
802	-5635.65547744	1115.07489896
803	-5617.48643305	1306.24546599
804	-5654.72703346	931.015374899
805	-5610.25944224	977.24152112
806	-5551.96584677	902.954550982
807	-5578.64299828	976.896210909
808	-5621.27641807	1002.02313805
809	-5611.83934076	1021.70399094
810	-5642.55656663	1122.97133517
811	-5741.83158716	1070.88384295
812	-5584.23717287	908.21686101
813	-5506.52046685	756.542255878
814	-5564.28432508	871.444909096
815	-5542.69284009	1095.60563207
816	-5587.6143125	794.892991066
817	-5632.58931079	1180.82972097
818	-5671.06577231	854.675684929
819	-5746.39802491	739.569403887
820	-5744.65837546	1276.11968803
