11;9;16	35
35	35_M1
0	38;29;21;22;27
38;29;21;22;27	38;29;21;22;27_M5
38;29;21;22;27	38;29;21;22;27_M3
0	2
2	2_P
0	11;9;16
11;9;16	11;9;16_M4
11;9;16	11;9;16_M1
0	50;49;54;4;6;5;47;46;45;12;24;48
50;49;54;4;6;5;47;46;45;12;24;48	50;49;54;4;6;5;47;46;45;12;24;48_M4
0	1
1	1_P
GL	0
0	0_P
0	0_M5
0	0_M4
0	0_M1
0	0_M3
0	0_M2
38;29;21;22;27	52;41
52;41	52;41_M5
38;29;21;22;27	40
40	40_M3
40	43;39
43;39	43;39_M3
23;8;26;20;14;25;18;17	31;7;30;15;33
31;7;30;15;33	31;7;30;15;33_M2
23;8;26;20;14;25;18;17	28;19
28;19	28;19_M2
23;8;26;20;14;25;18;17	10;13
10;13	10;13_M2
2	23;8;26;20;14;25;18;17
23;8;26;20;14;25;18;17	23;8;26;20;14;25;18;17_M2
