0	6;4
6;4	6;4_M4
6;4	6;4_P
6;4	6;4_M1
6;4	6;4_M3
6;4	6;4_M2
0	16;15
16;15	16;15_M4
16;15	16;15_P
16;15	16;15_M1
16;15	16;15_M3
16;15	16;15_M2
0	3;2;1
3;2;1	3;2;1_M4
3;2;1	3;2;1_P
3;2;1	3;2;1_M1
3;2;1	3;2;1_M3
3;2;1	3;2;1_M2
0	10;26;7
10;26;7	10;26;7_M4
10;26;7	10;26;7_P
10;26;7	10;26;7_M1
10;26;7	10;26;7_M3
10;26;7	10;26;7_M2
GL	0
0	0_M4
0	0_P
0	0_M1
0	0_M3
0	0_M2
14	11
11	11_M4
11	11_P
11	11_M1
11	11_M3
11	11_M2
6;4	14
14	14_M4
14	14_P
14	14_M1
14	14_M3
14	14_M2
6;4	8;5;12
8;5;12	8;5;12_M4
8;5;12	8;5;12_P
8;5;12	8;5;12_M1
8;5;12	8;5;12_M3
8;5;12	8;5;12_M2
11	19;17
19;17	19;17_M4
19;17	19;17_P
19;17	19;17_M1
19;17	19;17_M3
19;17	19;17_M2
16;15	25
25	25_M4
25	25_P
25	25_M1
25	25_M3
25	25_M2
