id, 	 phi, 	 nChildren, 	 nGenes, 	 genes 
0,	[ 1.  1.  1.  1.  1.  1.],	1,	0,	
1,	[ 0.965  0.95   0.96   0.984  0.976  0.977],	4,	1,	s0
2,	[ 0.445  0.547  0.622  0.812  0.495  0.535],	2,	2,	s6; s4
3,	[ 0.052  0.07   0.038  0.427  0.053  0.047],	1,	1,	s12
4,	[ 0.036  0.042  0.026  0.412  0.029  0.021],	1,	1,	s10
5,	[ 0.012  0.006  0.012  0.299  0.005  0.008],	0,	2,	s16; s15
6,	[ 0.009  0.015  0.358  0.006  0.003  0.017],	0,	3,	s8; s5; s11
7,	[ 0.254  0.08   0.008  0.012  0.011  0.004],	0,	3,	s3; s2; s1
8,	[ 0.012  0.004  0.013  0.007  0.004  0.285],	0,	3,	s9; s18; s7
9,	[ 0.024  0.024  0.024  0.009  0.361  0.025],	1,	2,	s14; s13
10,	[ 0.011  0.013  0.009  0.007  0.158  0.009],	0,	1,	s17



         /3 /4 /-5
      /2|
     |   \-6
     |
-0 /1|--7
     |
     |--8
     |
      \9 /-10

Number of non-empty nodes in the tree: 10


id, 	 phi, 	 nChildren, 	 nGenes, 	 genes 
0,	[ 1.  1.  1.  1.  1.  1.],	1,	0,	
1,	[ 0.954  0.924  0.937  0.973  0.97   0.98 ],	4,	1,	s0
2,	[ 0.499  0.533  0.597  0.818  0.499  0.564],	2,	2,	s6; s4
3,	[ 0.027  0.027  0.026  0.428  0.029  0.026],	1,	1,	s12
4,	[ 0.022  0.017  0.009  0.416  0.022  0.02 ],	1,	1,	s10
5,	[ 0.011  0.01   0.002  0.228  0.013  0.004],	0,	2,	s16; s15
6,	[ 0.008  0.011  0.283  0.017  0.01   0.013],	0,	3,	s8; s5; s11
7,	[ 0.24   0.082  0.018  0.004  0.003  0.007],	0,	3,	s3; s2; s1
8,	[ 0.023  0.002  0.012  0.009  0.007  0.297],	0,	3,	s9; s18; s7
9,	[ 0.014  0.026  0.016  0.018  0.357  0.009],	1,	2,	s14; s13
10,	[ 0.004  0.012  0.005  0.009  0.165  0.006],	0,	1,	s17



         /3 /4 /-5
      /2|
     |   \-6
     |
-0 /1|--7
     |
     |--8
     |
      \9 /-10

Number of non-empty nodes in the tree: 10


id, 	 phi, 	 nChildren, 	 nGenes, 	 genes 
0,	[ 1.  1.  1.  1.  1.  1.],	1,	0,	
1,	[ 0.971  0.972  0.965  0.989  0.987  0.99 ],	4,	1,	s0
2,	[ 0.481  0.49   0.594  0.847  0.511  0.556],	2,	2,	s6; s4
3,	[ 0.028  0.024  0.021  0.406  0.02   0.023],	1,	2,	s12; s10
4,	[ 0.005  0.004  0.005  0.223  0.004  0.009],	0,	2,	s16; s15
5,	[ 0.035  0.026  0.3    0.032  0.033  0.027],	1,	2,	s8; s5
6,	[ 0.009  0.005  0.139  0.009  0.014  0.009],	0,	1,	s11
7,	[ 0.028  0.034  0.023  0.022  0.358  0.022],	1,	2,	s14; s13
8,	[ 0.009  0.008  0.005  0.011  0.143  0.006],	0,	1,	s17
9,	[ 0.216  0.107  0.008  0.005  0.007  0.009],	0,	3,	s3; s2; s1
10,	[ 0.008  0.018  0.006  0.007  0.002  0.3  ],	0,	3,	s9; s18; s7



         /3 /-4
      /2|
     |   \5 /-6
     |
-0 /1|-7 /-8
     |
     |--9
     |
      \-10

Number of non-empty nodes in the tree: 10


id, 	 phi, 	 nChildren, 	 nGenes, 	 genes 
0,	[ 1.  1.  1.  1.  1.  1.],	1,	0,	
1,	[ 0.988  0.972  0.97   0.991  0.996  0.982],	4,	1,	s0
2,	[ 0.468  0.463  0.57   0.787  0.476  0.52 ],	2,	2,	s6; s4
3,	[ 0.018  0.015  0.011  0.411  0.021  0.021],	1,	2,	s12; s10
4,	[ 0.008  0.009  0.004  0.272  0.011  0.006],	0,	2,	s16; s15
5,	[ 0.016  0.011  0.313  0.016  0.024  0.024],	1,	2,	s8; s5
6,	[ 0.005  0.005  0.162  0.005  0.013  0.009],	0,	1,	s11
7,	[ 0.032  0.044  0.051  0.016  0.354  0.023],	1,	2,	s14; s13
8,	[ 0.012  0.014  0.014  0.005  0.112  0.004],	0,	1,	s17
9,	[ 0.205  0.106  0.005  0.003  0.007  0.004],	0,	3,	s3; s2; s1
10,	[ 0.01   0.015  0.011  0.006  0.005  0.283],	0,	3,	s9; s18; s7



         /3 /-4
      /2|
     |   \5 /-6
     |
-0 /1|-7 /-8
     |
     |--9
     |
      \-10

Number of non-empty nodes in the tree: 10


id, 	 phi, 	 nChildren, 	 nGenes, 	 genes 
0,	[ 1.  1.  1.  1.  1.  1.],	1,	0,	
1,	[ 0.958  0.928  0.961  0.971  0.99   0.962],	4,	1,	s0
2,	[ 0.48   0.495  0.601  0.789  0.506  0.525],	2,	2,	s6; s4
3,	[ 0.024  0.016  0.01   0.398  0.019  0.017],	1,	2,	s12; s10
4,	[ 0.008  0.007  0.007  0.26   0.01   0.005],	0,	2,	s16; s15
5,	[ 0.02   0.026  0.355  0.014  0.02   0.033],	1,	2,	s8; s5
6,	[ 0.01   0.01   0.19   0.008  0.006  0.007],	0,	1,	s11
7,	[ 0.011  0.018  0.024  0.003  0.003  0.279],	0,	3,	s9; s18; s7
8,	[ 0.217  0.09   0.009  0.014  0.014  0.007],	0,	3,	s3; s2; s1
9,	[ 0.029  0.026  0.027  0.013  0.334  0.009],	1,	2,	s14; s13
10,	[ 0.008  0.011  0.014  0.008  0.182  0.005],	0,	1,	s17



         /3 /-4
      /2|
     |   \5 /-6
     |
-0 /1|--7
     |
     |--8
     |
      \9 /-10

Number of non-empty nodes in the tree: 10


