51;11;16;2;74;61;37;68	73;58;45;52;55
73;58;45;52;55	73;58;45;52;55_P
73;58;45;52;55	73;58;45;52;55_M5
73;58;45;52;55	73;58;45;52;55_M4
73;58;45;52;55	73;58;45;52;55_M6
73;58;45;52;55	73;58;45;52;55_M1
73;58;45;52;55	73;58;45;52;55_M3
73;58;45;52;55	73;58;45;52;55_M2
5	51;11;16;2;74;61;37;68
51;11;16;2;74;61;37;68	51;11;16;2;74;61;37;68_P
51;11;16;2;74;61;37;68	51;11;16;2;74;61;37;68_M5
51;11;16;2;74;61;37;68	51;11;16;2;74;61;37;68_M4
51;11;16;2;74;61;37;68	51;11;16;2;74;61;37;68_M6
51;11;16;2;74;61;37;68	51;11;16;2;74;61;37;68_M1
51;11;16;2;74;61;37;68	51;11;16;2;74;61;37;68_M3
51;11;16;2;74;61;37;68	51;11;16;2;74;61;37;68_M2
5	26;21;12
26;21;12	26;21;12_P
26;21;12	26;21;12_M5
26;21;12	26;21;12_M4
26;21;12	26;21;12_M6
26;21;12	26;21;12_M1
26;21;12	26;21;12_M3
26;21;12	26;21;12_M2
1;0	34;53;32;56;17;3;15;22;29;24
34;53;32;56;17;3;15;22;29;24	34;53;32;56;17;3;15;22;29;24_P
34;53;32;56;17;3;15;22;29;24	34;53;32;56;17;3;15;22;29;24_M5
34;53;32;56;17;3;15;22;29;24	34;53;32;56;17;3;15;22;29;24_M4
34;53;32;56;17;3;15;22;29;24	34;53;32;56;17;3;15;22;29;24_M6
34;53;32;56;17;3;15;22;29;24	34;53;32;56;17;3;15;22;29;24_M1
34;53;32;56;17;3;15;22;29;24	34;53;32;56;17;3;15;22;29;24_M3
34;53;32;56;17;3;15;22;29;24	34;53;32;56;17;3;15;22;29;24_M2
1;0	5
5	5_P
5	5_M5
5	5_M4
5	5_M6
5	5_M1
5	5_M3
5	5_M2
1;0	10;30;14;13
10;30;14;13	10;30;14;13_P
10;30;14;13	10;30;14;13_M5
10;30;14;13	10;30;14;13_M4
10;30;14;13	10;30;14;13_M6
10;30;14;13	10;30;14;13_M1
10;30;14;13	10;30;14;13_M3
10;30;14;13	10;30;14;13_M2
GL	1;0
1;0	1;0_P
1;0	1;0_M5
1;0	1;0_M4
1;0	1;0_M6
1;0	1;0_M1
1;0	1;0_M3
1;0	1;0_M2
63;57	50;76;19;71;47;7;67;20;92
50;76;19;71;47;7;67;20;92	50;76;19;71;47;7;67;20;92_P
50;76;19;71;47;7;67;20;92	50;76;19;71;47;7;67;20;92_M5
50;76;19;71;47;7;67;20;92	50;76;19;71;47;7;67;20;92_M4
50;76;19;71;47;7;67;20;92	50;76;19;71;47;7;67;20;92_M6
50;76;19;71;47;7;67;20;92	50;76;19;71;47;7;67;20;92_M1
50;76;19;71;47;7;67;20;92	50;76;19;71;47;7;67;20;92_M3
50;76;19;71;47;7;67;20;92	50;76;19;71;47;7;67;20;92_M2
34;53;32;56;17;3;15;22;29;24	63;57
63;57	63;57_P
63;57	63;57_M5
63;57	63;57_M4
63;57	63;57_M6
63;57	63;57_M1
63;57	63;57_M3
63;57	63;57_M2
34;53;32;56;17;3;15;22;29;24	18;42;9;39;35;6;8;4;38;59;23;46;27;40
18;42;9;39;35;6;8;4;38;59;23;46;27;40	18;42;9;39;35;6;8;4;38;59;23;46;27;40_P
18;42;9;39;35;6;8;4;38;59;23;46;27;40	18;42;9;39;35;6;8;4;38;59;23;46;27;40_M5
18;42;9;39;35;6;8;4;38;59;23;46;27;40	18;42;9;39;35;6;8;4;38;59;23;46;27;40_M4
18;42;9;39;35;6;8;4;38;59;23;46;27;40	18;42;9;39;35;6;8;4;38;59;23;46;27;40_M6
18;42;9;39;35;6;8;4;38;59;23;46;27;40	18;42;9;39;35;6;8;4;38;59;23;46;27;40_M1
18;42;9;39;35;6;8;4;38;59;23;46;27;40	18;42;9;39;35;6;8;4;38;59;23;46;27;40_M3
18;42;9;39;35;6;8;4;38;59;23;46;27;40	18;42;9;39;35;6;8;4;38;59;23;46;27;40_M2
34;53;32;56;17;3;15;22;29;24	70;65;36;85;75;64;49;33
70;65;36;85;75;64;49;33	70;65;36;85;75;64;49;33_P
70;65;36;85;75;64;49;33	70;65;36;85;75;64;49;33_M5
70;65;36;85;75;64;49;33	70;65;36;85;75;64;49;33_M4
70;65;36;85;75;64;49;33	70;65;36;85;75;64;49;33_M6
70;65;36;85;75;64;49;33	70;65;36;85;75;64;49;33_M1
70;65;36;85;75;64;49;33	70;65;36;85;75;64;49;33_M3
70;65;36;85;75;64;49;33	70;65;36;85;75;64;49;33_M2
34;53;32;56;17;3;15;22;29;24	66
66	66_P
66	66_M5
66	66_M4
66	66_M6
66	66_M1
66	66_M3
66	66_M2
18;42;9;39;35;6;8;4;38;59;23;46;27;40	69
69	69_P
69	69_M5
69	69_M4
69	69_M6
69	69_M1
69	69_M3
69	69_M2
69	78;60;80;88;81
78;60;80;88;81	78;60;80;88;81_P
78;60;80;88;81	78;60;80;88;81_M5
78;60;80;88;81	78;60;80;88;81_M4
78;60;80;88;81	78;60;80;88;81_M6
78;60;80;88;81	78;60;80;88;81_M1
78;60;80;88;81	78;60;80;88;81_M3
78;60;80;88;81	78;60;80;88;81_M2
