51;11;16;2;74;61;37;68	73;58;45;52;55
73;58;45;52;55	73;58;45;52;55_M2
5	51;11;16;2;74;61;37;68
51;11;16;2;74;61;37;68	51;11;16;2;74;61;37;68_M2
5	26;21;12
26;21;12	26;21;12_M1
1;0	34;53;32;56;17;3;15;22;29;24
34;53;32;56;17;3;15;22;29;24	34;53;32;56;17;3;15;22;29;24_P
34;53;32;56;17;3;15;22;29;24	34;53;32;56;17;3;15;22;29;24_M5
34;53;32;56;17;3;15;22;29;24	34;53;32;56;17;3;15;22;29;24_M4
34;53;32;56;17;3;15;22;29;24	34;53;32;56;17;3;15;22;29;24_M6
34;53;32;56;17;3;15;22;29;24	34;53;32;56;17;3;15;22;29;24_M1
34;53;32;56;17;3;15;22;29;24	34;53;32;56;17;3;15;22;29;24_M3
34;53;32;56;17;3;15;22;29;24	34;53;32;56;17;3;15;22;29;24_M2
1;0	5
5	5_P
5	5_M5
5	5_M4
5	5_M6
5	5_M1
5	5_M3
5	5_M2
1;0	10;30;14;13
10;30;14;13	10;30;14;13_M4
GL	1;0
1;0	1;0_P
63;57	50;76;19;71;47;7;67;20;92
50;76;19;71;47;7;67;20;92	50;76;19;71;47;7;67;20;92_M3
34;53;32;56;17;3;15;22;29;24	63;57
63;57	63;57_M5
63;57	63;57_M3
34;53;32;56;17;3;15;22;29;24	18;42;9;39;35;6;8;4;38;59;23;46;27;40
18;42;9;39;35;6;8;4;38;59;23;46;27;40	18;42;9;39;35;6;8;4;38;59;23;46;27;40_P
34;53;32;56;17;3;15;22;29;24	70;65;36;85;75;64;49;33
70;65;36;85;75;64;49;33	70;65;36;85;75;64;49;33_M5
34;53;32;56;17;3;15;22;29;24	66
66	66_M6
18;42;9;39;35;6;8;4;38;59;23;46;27;40	69
69	69_P
69	78;60;80;88;81
78;60;80;88;81	78;60;80;88;81_P
