3;2;1;0;6;5;4	11;16;17
11;16;17	11;16;17_M4
11;16;17	11;16;17_P
11;16;17	11;16;17_M1
11;16;17	11;16;17_M3
11;16;17	11;16;17_M2
3;2;1;0;6;5;4	15;7
15;7	15;7_M4
15;7	15;7_P
15;7	15;7_M1
15;7	15;7_M3
15;7	15;7_M2
3;2;1;0;6;5;4	9;13;14
9;13;14	9;13;14_M4
9;13;14	9;13;14_P
9;13;14	9;13;14_M1
9;13;14	9;13;14_M3
9;13;14	9;13;14_M2
GL	3;2;1;0;6;5;4
3;2;1;0;6;5;4	3;2;1;0;6;5;4_M4
3;2;1;0;6;5;4	3;2;1;0;6;5;4_P
3;2;1;0;6;5;4	3;2;1;0;6;5;4_M1
3;2;1;0;6;5;4	3;2;1;0;6;5;4_M3
3;2;1;0;6;5;4	3;2;1;0;6;5;4_M2
11;16;17	23
23	23_M4
23	23_P
23	23_M1
23	23_M3
23	23_M2
