0	18;16;14;21;19;12;10
18;16;14;21;19;12;10	18;16;14;21;19;12;10_P
18;16;14;21;19;12;10	18;16;14;21;19;12;10_M5
18;16;14;21;19;12;10	18;16;14;21;19;12;10_M4
18;16;14;21;19;12;10	18;16;14;21;19;12;10_M7
18;16;14;21;19;12;10	18;16;14;21;19;12;10_M6
18;16;14;21;19;12;10	18;16;14;21;19;12;10_M1
18;16;14;21;19;12;10	18;16;14;21;19;12;10_M3
18;16;14;21;19;12;10	18;16;14;21;19;12;10_M2
0	17;15;22;13;20;3;2;11;43;35;36
17;15;22;13;20;3;2;11;43;35;36	17;15;22;13;20;3;2;11;43;35;36_P
17;15;22;13;20;3;2;11;43;35;36	17;15;22;13;20;3;2;11;43;35;36_M5
17;15;22;13;20;3;2;11;43;35;36	17;15;22;13;20;3;2;11;43;35;36_M4
17;15;22;13;20;3;2;11;43;35;36	17;15;22;13;20;3;2;11;43;35;36_M7
17;15;22;13;20;3;2;11;43;35;36	17;15;22;13;20;3;2;11;43;35;36_M6
17;15;22;13;20;3;2;11;43;35;36	17;15;22;13;20;3;2;11;43;35;36_M1
17;15;22;13;20;3;2;11;43;35;36	17;15;22;13;20;3;2;11;43;35;36_M3
17;15;22;13;20;3;2;11;43;35;36	17;15;22;13;20;3;2;11;43;35;36_M2
0	41;42;61;62;78;57;58;86;46;87;45;33;73;48;68;65;39;53;44;49
41;42;61;62;78;57;58;86;46;87;45;33;73;48;68;65;39;53;44;49	41;42;61;62;78;57;58;86;46;87;45;33;73;48;68;65;39;53;44;49_P
41;42;61;62;78;57;58;86;46;87;45;33;73;48;68;65;39;53;44;49	41;42;61;62;78;57;58;86;46;87;45;33;73;48;68;65;39;53;44;49_M6
0	7;1
7;1	7;1_M4
7;1	7;1_P
7;1	7;1_M7
7;1	7;1_M1
7;1	7;1_M2
GL	0
0	0_P
0	0_M5
0	0_M4
0	0_M7
0	0_M6
0	0_M1
0	0_M3
0	0_M2
24;56;59;54;40;50;38;31	67;77;76
67;77;76	67;77;76_M5
67;77;76	67;77;76_P
67;77;76	67;77;76_M6
67;77;76	67;77;76_M3
24;56;59;54;40;50;38;31	79
79	79_M5
18;16;14;21;19;12;10	24;56;59;54;40;50;38;31
24;56;59;54;40;50;38;31	24;56;59;54;40;50;38;31_M5
24;56;59;54;40;50;38;31	24;56;59;54;40;50;38;31_M6
24;56;59;54;40;50;38;31	24;56;59;54;40;50;38;31_M1
24;56;59;54;40;50;38;31	24;56;59;54;40;50;38;31_M2
18;16;14;21;19;12;10	88;82;75;80;60;34;47;37
88;82;75;80;60;34;47;37	88;82;75;80;60;34;47;37_M5
88;82;75;80;60;34;47;37	88;82;75;80;60;34;47;37_M6
88;82;75;80;60;34;47;37	88;82;75;80;60;34;47;37_M1
88;82;75;80;60;34;47;37	88;82;75;80;60;34;47;37_M3
17;15;22;13;20;3;2;11;43;35;36	66;52;70;63;83
66;52;70;63;83	66;52;70;63;83_P
66;52;70;63;83	66;52;70;63;83_M4
66;52;70;63;83	66;52;70;63;83_M7
66;52;70;63;83	66;52;70;63;83_M6
66;52;70;63;83	66;52;70;63;83_M1
66;52;70;63;83	66;52;70;63;83_M2
17;15;22;13;20;3;2;11;43;35;36	64;51;55
64;51;55	64;51;55_M4
64;51;55	64;51;55_P
64;51;55	64;51;55_M7
64;51;55	64;51;55_M3
64;51;55	64;51;55_M2
66;52;70;63;83	89
89	89_M7
89	89_M2
