18;16;14;21;19;12;10_P	P
18;16;14;21;19;12;10_M5	M5
18;16;14;21;19;12;10_M4	M4
18;16;14;21;19;12;10_M7	M7
18;16;14;21;19;12;10_M6	M6
18;16;14;21;19;12;10_M1	M1
18;16;14;21;19;12;10_M3	M3
18;16;14;21;19;12;10_M2	M2
17;15;22;13;20;3;2;11;43;35;36_P	P
17;15;22;13;20;3;2;11;43;35;36_M4	M4
17;15;22;13;20;3;2;11;43;35;36_M7	M7
17;15;22;13;20;3;2;11;43;35;36_M1	M1
17;15;22;13;20;3;2;11;43;35;36_M3	M3
17;15;22;13;20;3;2;11;43;35;36_M2	M2
41;42;61;62;78;57;58;86;46;87;45;33;73;48;68;65;39;53;44;49_M6	M6
7;1_P	P
0_P	P
0_M5	M5
0_M4	M4
0_M7	M7
0_M6	M6
0_M1	M1
0_M3	M3
0_M2	M2
67;77;76_M5	M5
79_M5	M5
24;56;59;54;40;50;38;31_M5	M5
88;82;75;80;60;34;47;37_M3	M3
66;52;70;63;83_M7	M7
64;51;55_M4	M4
89_M7	M7
