18;16;14;21;19;12;10_P	P
18;16;14;21;19;12;10_M5	M5
18;16;14;21;19;12;10_M4	M4
18;16;14;21;19;12;10_M7	M7
18;16;14;21;19;12;10_M6	M6
18;16;14;21;19;12;10_M1	M1
18;16;14;21;19;12;10_M3	M3
18;16;14;21;19;12;10_M2	M2
17;15;22;13;20;3;2;11;43;35;36_P	P
17;15;22;13;20;3;2;11;43;35;36_M5	M5
17;15;22;13;20;3;2;11;43;35;36_M4	M4
17;15;22;13;20;3;2;11;43;35;36_M7	M7
17;15;22;13;20;3;2;11;43;35;36_M6	M6
17;15;22;13;20;3;2;11;43;35;36_M1	M1
17;15;22;13;20;3;2;11;43;35;36_M3	M3
17;15;22;13;20;3;2;11;43;35;36_M2	M2
41;42;61;62;78;57;58;86;46;87;45;33;73;48;68;65;39;53;44;49_P	P
41;42;61;62;78;57;58;86;46;87;45;33;73;48;68;65;39;53;44;49_M5	M5
41;42;61;62;78;57;58;86;46;87;45;33;73;48;68;65;39;53;44;49_M4	M4
41;42;61;62;78;57;58;86;46;87;45;33;73;48;68;65;39;53;44;49_M7	M7
41;42;61;62;78;57;58;86;46;87;45;33;73;48;68;65;39;53;44;49_M6	M6
41;42;61;62;78;57;58;86;46;87;45;33;73;48;68;65;39;53;44;49_M1	M1
41;42;61;62;78;57;58;86;46;87;45;33;73;48;68;65;39;53;44;49_M3	M3
41;42;61;62;78;57;58;86;46;87;45;33;73;48;68;65;39;53;44;49_M2	M2
7;1_P	P
7;1_M5	M5
7;1_M4	M4
7;1_M7	M7
7;1_M6	M6
7;1_M1	M1
7;1_M3	M3
7;1_M2	M2
0_P	P
0_M5	M5
0_M4	M4
0_M7	M7
0_M6	M6
0_M1	M1
0_M3	M3
0_M2	M2
67;77;76_P	P
67;77;76_M5	M5
67;77;76_M4	M4
67;77;76_M7	M7
67;77;76_M6	M6
67;77;76_M1	M1
67;77;76_M3	M3
67;77;76_M2	M2
79_P	P
79_M5	M5
79_M4	M4
79_M7	M7
79_M6	M6
79_M1	M1
79_M3	M3
79_M2	M2
24;56;59;54;40;50;38;31_P	P
24;56;59;54;40;50;38;31_M5	M5
24;56;59;54;40;50;38;31_M4	M4
24;56;59;54;40;50;38;31_M7	M7
24;56;59;54;40;50;38;31_M6	M6
24;56;59;54;40;50;38;31_M1	M1
24;56;59;54;40;50;38;31_M3	M3
24;56;59;54;40;50;38;31_M2	M2
88;82;75;80;60;34;47;37_P	P
88;82;75;80;60;34;47;37_M5	M5
88;82;75;80;60;34;47;37_M4	M4
88;82;75;80;60;34;47;37_M7	M7
88;82;75;80;60;34;47;37_M6	M6
88;82;75;80;60;34;47;37_M1	M1
88;82;75;80;60;34;47;37_M3	M3
88;82;75;80;60;34;47;37_M2	M2
66;52;70;63;83_P	P
66;52;70;63;83_M5	M5
66;52;70;63;83_M4	M4
66;52;70;63;83_M7	M7
66;52;70;63;83_M6	M6
66;52;70;63;83_M1	M1
66;52;70;63;83_M3	M3
66;52;70;63;83_M2	M2
64;51;55_P	P
64;51;55_M5	M5
64;51;55_M4	M4
64;51;55_M7	M7
64;51;55_M6	M6
64;51;55_M1	M1
64;51;55_M3	M3
64;51;55_M2	M2
89_P	P
89_M5	M5
89_M4	M4
89_M7	M7
89_M6	M6
89_M1	M1
89_M3	M3
89_M2	M2
