22	27;36;42
27;36;42	27;36;42_M5
27;36;42	27;36;42_M7
27;36;42	27;36;42_M6
27;36;42	27;36;42_M3
27;36;42	27;36;42_M2
39;47;65;70	75;78;77
75;78;77	75;78;77_M5
75;78;77	75;78;77_P
75;78;77	75;78;77_M4
0	13;62;61;2;1;7;6;35;43;55
13;62;61;2;1;7;6;35;43;55	13;62;61;2;1;7;6;35;43;55_P
13;62;61;2;1;7;6;35;43;55	13;62;61;2;1;7;6;35;43;55_M5
13;62;61;2;1;7;6;35;43;55	13;62;61;2;1;7;6;35;43;55_M4
13;62;61;2;1;7;6;35;43;55	13;62;61;2;1;7;6;35;43;55_M7
13;62;61;2;1;7;6;35;43;55	13;62;61;2;1;7;6;35;43;55_M6
13;62;61;2;1;7;6;35;43;55	13;62;61;2;1;7;6;35;43;55_M1
13;62;61;2;1;7;6;35;43;55	13;62;61;2;1;7;6;35;43;55_M3
13;62;61;2;1;7;6;35;43;55	13;62;61;2;1;7;6;35;43;55_M2
0	3
3	3_P
3	3_M5
3	3_M4
3	3_M7
3	3_M6
3	3_M1
3	3_M3
3	3_M2
0	22
22	22_M6
22	22_M1
22	22_M2
0	39;47;65;70
39;47;65;70	39;47;65;70_M4
39;47;65;70	39;47;65;70_P
39;47;65;70	39;47;65;70_M6
39;47;65;70	39;47;65;70_M1
39;47;65;70	39;47;65;70_M2
0	58;59;9;5;4;79;40;63;72;71;51;20;19;45;12;11;10;17;38;83;57;24;21;32;25;68;34;64
58;59;9;5;4;79;40;63;72;71;51;20;19;45;12;11;10;17;38;83;57;24;21;32;25;68;34;64	58;59;9;5;4;79;40;63;72;71;51;20;19;45;12;11;10;17;38;83;57;24;21;32;25;68;34;64_M5
0	23
23	23_P
23	23_M5
23	23_M4
23	23_M6
23	23_M3
23	23_M2
GL	0
0	0_P
0	0_M5
0	0_M4
0	0_M7
0	0_M6
0	0_M1
0	0_M3
0	0_M2
13;62;61;2;1;7;6;35;43;55	86
86	86_P
86	86_M7
86	86_M1
86	86_M4
13;62;61;2;1;7;6;35;43;55	91;87;94
91;87;94	91;87;94_P
91;87;94	95
95	95_P
95	95_M7
14;8	33;37;18;31
33;37;18;31	33;37;18;31_M4
33;37;18;31	33;37;18;31_M1
33;37;18;31	33;37;18;31_M3
33;37;18;31	33;37;18;31_M2
14;8	15
15	15_M5
15	15_M1
15	15_M3
15	15_M2
3	14;8
14;8	14;8_P
14;8	14;8_M5
14;8	14;8_M4
14;8	14;8_M7
14;8	14;8_M6
14;8	14;8_M1
14;8	14;8_M3
14;8	14;8_M2
