0	4;25;21
4;25;21	4;25;21_M4
4;25;21	4;25;21_P
4;25;21	4;25;21_M1
4;25;21	4;25;21_M3
4;25;21	4;25;21_M2
0	2
2	2_M4
2	2_P
2	2_M1
2	2_M3
2	2_M2
0	23;24;5;55;50;10;15
23;24;5;55;50;10;15	23;24;5;55;50;10;15_M4
23;24;5;55;50;10;15	23;24;5;55;50;10;15_P
23;24;5;55;50;10;15	23;24;5;55;50;10;15_M1
23;24;5;55;50;10;15	23;24;5;55;50;10;15_M3
23;24;5;55;50;10;15	23;24;5;55;50;10;15_M2
0	13;29;11
13;29;11	13;29;11_M4
13;29;11	13;29;11_P
13;29;11	13;29;11_M1
13;29;11	13;29;11_M3
13;29;11	13;29;11_M2
0	3;31;1;33;7;6;49;46;45;30;18;27;14
3;31;1;33;7;6;49;46;45;30;18;27;14	3;31;1;33;7;6;49;46;45;30;18;27;14_M4
3;31;1;33;7;6;49;46;45;30;18;27;14	3;31;1;33;7;6;49;46;45;30;18;27;14_P
3;31;1;33;7;6;49;46;45;30;18;27;14	3;31;1;33;7;6;49;46;45;30;18;27;14_M1
3;31;1;33;7;6;49;46;45;30;18;27;14	3;31;1;33;7;6;49;46;45;30;18;27;14_M3
3;31;1;33;7;6;49;46;45;30;18;27;14	3;31;1;33;7;6;49;46;45;30;18;27;14_M2
GL	0
0	0_M4
0	0_P
0	0_M1
0	0_M3
0	0_M2
4;25;21	52;34
52;34	52;34_M4
52;34	52;34_P
52;34	52;34_M1
52;34	52;34_M3
52;34	52;34_M2
9;8;20;12;16;39;26	38;35;37
38;35;37	38;35;37_M4
38;35;37	38;35;37_P
38;35;37	38;35;37_M1
38;35;37	38;35;37_M3
38;35;37	38;35;37_M2
2	9;8;20;12;16;39;26
9;8;20;12;16;39;26	9;8;20;12;16;39;26_M4
9;8;20;12;16;39;26	9;8;20;12;16;39;26_P
9;8;20;12;16;39;26	9;8;20;12;16;39;26_M1
9;8;20;12;16;39;26	9;8;20;12;16;39;26_M3
9;8;20;12;16;39;26	9;8;20;12;16;39;26_M2
13;29;11	53
53	53_M4
53	53_P
53	53_M1
53	53_M3
53	53_M2
