1	54;8;43;4
54;8;43;4	54;8;43;4_P
1	6
6	6_P
0	9;22;24;2;25;37;7
9;22;24;2;25;37;7	9;22;24;2;25;37;7_P
9;22;24;2;25;37;7	9;22;24;2;25;37;7_M5
9;22;24;2;25;37;7	9;22;24;2;25;37;7_M4
9;22;24;2;25;37;7	9;22;24;2;25;37;7_M7
9;22;24;2;25;37;7	9;22;24;2;25;37;7_M6
9;22;24;2;25;37;7	9;22;24;2;25;37;7_M1
9;22;24;2;25;37;7	9;22;24;2;25;37;7_M3
9;22;24;2;25;37;7	9;22;24;2;25;37;7_M2
0	12;14;5;15;3
12;14;5;15;3	12;14;5;15;3_P
12;14;5;15;3	12;14;5;15;3_M5
12;14;5;15;3	12;14;5;15;3_M4
12;14;5;15;3	12;14;5;15;3_M7
12;14;5;15;3	12;14;5;15;3_M6
12;14;5;15;3	12;14;5;15;3_M1
12;14;5;15;3	12;14;5;15;3_M3
12;14;5;15;3	12;14;5;15;3_M2
0	1
1	1_P
1	1_M5
1	1_M4
1	1_M7
1	1_M6
1	1_M1
1	1_M3
1	1_M2
GL	0
0	0_P
0	0_M5
0	0_M4
0	0_M7
0	0_M6
0	0_M1
0	0_M3
0	0_M2
9;22;24;2;25;37;7	70;56;68;49
70;56;68;49	70;56;68;49_M6
70;56;68;49	70;56;68;49_M2
9;22;24;2;25;37;7	65;44;64;66
65;44;64;66	65;44;64;66_M4
65;44;64;66	65;44;64;66_M7
9;22;24;2;25;37;7	57;55
57;55	57;55_M4
57;55	62
62	62_M4
12;14;5;15;3	46;20;21;50;18;51
46;20;21;50;18;51	46;20;21;50;18;51_M3
12;14;5;15;3	48;45
48;45	48;45_M5
12;14;5;15;3	19;13;11;10;17;16
19;13;11;10;17;16	19;13;11;10;17;16_M1
12;14;5;15;3	39;40;41
39;40;41	39;40;41_M2
