1	54;8;43;4
54;8;43;4	54;8;43;4_P
54;8;43;4	54;8;43;4_M5
54;8;43;4	54;8;43;4_M4
54;8;43;4	54;8;43;4_M7
54;8;43;4	54;8;43;4_M6
54;8;43;4	54;8;43;4_M1
54;8;43;4	54;8;43;4_M3
54;8;43;4	54;8;43;4_M2
1	6
6	6_P
6	6_M5
6	6_M4
6	6_M7
6	6_M6
6	6_M1
6	6_M3
6	6_M2
0	9;22;24;2;25;37;7
9;22;24;2;25;37;7	9;22;24;2;25;37;7_P
9;22;24;2;25;37;7	9;22;24;2;25;37;7_M5
9;22;24;2;25;37;7	9;22;24;2;25;37;7_M4
9;22;24;2;25;37;7	9;22;24;2;25;37;7_M7
9;22;24;2;25;37;7	9;22;24;2;25;37;7_M6
9;22;24;2;25;37;7	9;22;24;2;25;37;7_M1
9;22;24;2;25;37;7	9;22;24;2;25;37;7_M3
9;22;24;2;25;37;7	9;22;24;2;25;37;7_M2
0	12;14;5;15;3
12;14;5;15;3	12;14;5;15;3_P
12;14;5;15;3	12;14;5;15;3_M5
12;14;5;15;3	12;14;5;15;3_M4
12;14;5;15;3	12;14;5;15;3_M7
12;14;5;15;3	12;14;5;15;3_M6
12;14;5;15;3	12;14;5;15;3_M1
12;14;5;15;3	12;14;5;15;3_M3
12;14;5;15;3	12;14;5;15;3_M2
0	1
1	1_P
1	1_M5
1	1_M4
1	1_M7
1	1_M6
1	1_M1
1	1_M3
1	1_M2
GL	0
0	0_P
0	0_M5
0	0_M4
0	0_M7
0	0_M6
0	0_M1
0	0_M3
0	0_M2
9;22;24;2;25;37;7	70;56;68;49
70;56;68;49	70;56;68;49_P
70;56;68;49	70;56;68;49_M5
70;56;68;49	70;56;68;49_M4
70;56;68;49	70;56;68;49_M7
70;56;68;49	70;56;68;49_M6
70;56;68;49	70;56;68;49_M1
70;56;68;49	70;56;68;49_M3
70;56;68;49	70;56;68;49_M2
9;22;24;2;25;37;7	65;44;64;66
65;44;64;66	65;44;64;66_P
65;44;64;66	65;44;64;66_M5
65;44;64;66	65;44;64;66_M4
65;44;64;66	65;44;64;66_M7
65;44;64;66	65;44;64;66_M6
65;44;64;66	65;44;64;66_M1
65;44;64;66	65;44;64;66_M3
65;44;64;66	65;44;64;66_M2
9;22;24;2;25;37;7	57;55
57;55	57;55_P
57;55	57;55_M5
57;55	57;55_M4
57;55	57;55_M7
57;55	57;55_M6
57;55	57;55_M1
57;55	57;55_M3
57;55	57;55_M2
57;55	62
62	62_P
62	62_M5
62	62_M4
62	62_M7
62	62_M6
62	62_M1
62	62_M3
62	62_M2
12;14;5;15;3	46;20;21;50;18;51
46;20;21;50;18;51	46;20;21;50;18;51_P
46;20;21;50;18;51	46;20;21;50;18;51_M5
46;20;21;50;18;51	46;20;21;50;18;51_M4
46;20;21;50;18;51	46;20;21;50;18;51_M7
46;20;21;50;18;51	46;20;21;50;18;51_M6
46;20;21;50;18;51	46;20;21;50;18;51_M1
46;20;21;50;18;51	46;20;21;50;18;51_M3
46;20;21;50;18;51	46;20;21;50;18;51_M2
12;14;5;15;3	48;45
48;45	48;45_P
48;45	48;45_M5
48;45	48;45_M4
48;45	48;45_M7
48;45	48;45_M6
48;45	48;45_M1
48;45	48;45_M3
48;45	48;45_M2
12;14;5;15;3	19;13;11;10;17;16
19;13;11;10;17;16	19;13;11;10;17;16_P
19;13;11;10;17;16	19;13;11;10;17;16_M5
19;13;11;10;17;16	19;13;11;10;17;16_M4
19;13;11;10;17;16	19;13;11;10;17;16_M7
19;13;11;10;17;16	19;13;11;10;17;16_M6
19;13;11;10;17;16	19;13;11;10;17;16_M1
19;13;11;10;17;16	19;13;11;10;17;16_M3
19;13;11;10;17;16	19;13;11;10;17;16_M2
12;14;5;15;3	39;40;41
39;40;41	39;40;41_P
39;40;41	39;40;41_M5
39;40;41	39;40;41_M4
39;40;41	39;40;41_M7
39;40;41	39;40;41_M6
39;40;41	39;40;41_M1
39;40;41	39;40;41_M3
39;40;41	39;40;41_M2
