id, 	 phi, 	 nChildren, 	 nGenes, 	 genes 
0,	[ 1.  1.  1.  1.  1.  1.  1.  1.  1.],	1,	0,	
1,	[ 0.978  0.985  0.991  0.985  0.988  0.991  0.996  0.99   0.992],	3,	1,	s0
2,	[ 0.292  0.311  0.545  0.244  0.686  0.213  0.666  0.202  0.171],	4,	5,	s12; s14; s5; s15; s3
3,	[ 0.008  0.011  0.005  0.009  0.008  0.004  0.243  0.008  0.002],	0,	2,	s33; s31
4,	[ 0.003  0.007  0.015  0.003  0.354  0.004  0.005  0.005  0.009],	0,	6,	s32; s20; s21; s35; s18; s36
5,	[ 0.011  0.002  0.145  0.008  0.006  0.007  0.01   0.005  0.003],	0,	6,	s19; s13; s11; s10; s17; s16
6,	[ 0.009  0.011  0.009  0.044  0.002  0.006  0.005  0.007  0.002],	0,	3,	s26; s27; s28
7,	[ 0.234  0.312  0.22   0.459  0.155  0.61   0.151  0.636  0.678],	3,	7,	s9; s22; s23; s2; s24; s25; s7
8,	[ 0.004  0.012  0.008  0.029  0.003  0.009  0.005  0.266  0.016],	0,	4,	s46; s39; s45; s34
9,	[ 0.017  0.017  0.018  0.026  0.012  0.167  0.009  0.019  0.014],	1,	2,	s40; s38
10,	[ 0.012  0.007  0.013  0.007  0.007  0.109  0.006  0.005  0.007],	0,	1,	s41
11,	[ 0.009  0.004  0.005  0.012  0.004  0.023  0.005  0.014  0.236],	0,	4,	s43; s30; s42; s44
12,	[ 0.228  0.183  0.065  0.116  0.055  0.056  0.07   0.057  0.059],	2,	1,	s1
13,	[ 0.088  0.022  0.004  0.016  0.008  0.002  0.012  0.009  0.009],	0,	1,	s6
14,	[ 0.02   0.091  0.015  0.015  0.008  0.006  0.004  0.011  0.006],	0,	4,	s37; s8; s29; s4



         /-3
        |
        |--4
      /2|
     |  |--5
     |  |
     |   \-6
     |
     |   /-8
-0 /1|  |
     |-7|-9 /-10
     |  |
     |   \-11
     |
     |   /-13
      \12
         \-14

Number of non-empty nodes in the tree: 14


id, 	 phi, 	 nChildren, 	 nGenes, 	 genes 
0,	[ 1.  1.  1.  1.  1.  1.  1.  1.  1.],	1,	0,	
1,	[ 0.977  0.983  0.989  0.982  0.988  0.987  0.996  0.992  0.992],	3,	1,	s0
2,	[ 0.214  0.294  0.192  0.461  0.147  0.593  0.153  0.651  0.632],	3,	7,	s9; s22; s23; s2; s24; s25; s7
3,	[ 0.007  0.012  0.006  0.024  0.008  0.019  0.002  0.264  0.018],	0,	4,	s46; s39; s45; s34
4,	[ 0.011  0.006  0.005  0.004  0.007  0.008  0.005  0.009  0.233],	0,	4,	s43; s30; s42; s44
5,	[ 0.019  0.014  0.018  0.028  0.009  0.171  0.01   0.019  0.023],	1,	2,	s40; s38
6,	[ 0.013  0.007  0.009  0.011  0.007  0.109  0.004  0.007  0.016],	0,	1,	s41
7,	[ 0.312  0.321  0.576  0.258  0.676  0.221  0.653  0.201  0.203],	4,	5,	s12; s14; s5; s15; s3
8,	[ 0.008  0.01   0.008  0.016  0.007  0.005  0.23   0.006  0.007],	0,	2,	s33; s31
9,	[ 0.008  0.006  0.167  0.007  0.002  0.006  0.012  0.005  0.003],	0,	6,	s19; s13; s11; s10; s17; s16
10,	[ 0.007  0.01   0.004  0.047  0.006  0.006  0.006  0.005  0.004],	0,	3,	s26; s27; s28
11,	[ 0.006  0.009  0.012  0.002  0.359  0.005  0.007  0.003  0.01 ],	0,	6,	s32; s20; s21; s35; s18; s36
12,	[ 0.209  0.178  0.068  0.096  0.049  0.058  0.067  0.047  0.057],	2,	1,	s1
13,	[ 0.071  0.018  0.005  0.007  0.005  0.006  0.017  0.009  0.014],	0,	1,	s6
14,	[ 0.013  0.086  0.01   0.017  0.007  0.008  0.006  0.003  0.005],	0,	4,	s37; s8; s29; s4



         /-3
        |
      /2|--4
     |  |
     |   \5 /-6
     |
     |   /-8
     |  |
-0 /1|  |--9
     |-7|
     |  |--10
     |  |
     |   \-11
     |
     |   /-13
      \12
         \-14

Number of non-empty nodes in the tree: 14


id, 	 phi, 	 nChildren, 	 nGenes, 	 genes 
0,	[ 1.  1.  1.  1.  1.  1.  1.  1.  1.],	1,	0,	
1,	[ 0.991  0.987  0.988  0.985  0.993  0.992  0.983  0.995  0.987],	3,	1,	s0
2,	[ 0.229  0.267  0.556  0.29   0.677  0.147  0.604  0.164  0.184],	4,	5,	s12; s14; s5; s15; s3
3,	[ 0.004  0.016  0.008  0.003  0.015  0.003  0.21   0.008  0.005],	0,	2,	s33; s31
4,	[ 0.019  0.032  0.054  0.026  0.42   0.02   0.036  0.018  0.025],	1,	1,	s18
5,	[ 0.005  0.012  0.02   0.011  0.395  0.005  0.009  0.008  0.011],	0,	5,	s32; s36; s35; s20; s21
6,	[ 0.006  0.005  0.137  0.005  0.006  0.002  0.01   0.003  0.005],	0,	6,	s19; s13; s11; s10; s17; s16
7,	[ 0.009  0.004  0.021  0.067  0.011  0.004  0.022  0.005  0.004],	0,	3,	s26; s27; s28
8,	[ 0.28   0.331  0.261  0.505  0.173  0.674  0.187  0.68   0.672],	3,	7,	s9; s22; s23; s2; s24; s25; s7
9,	[ 0.011  0.009  0.009  0.011  0.007  0.011  0.005  0.242  0.01 ],	0,	4,	s46; s39; s45; s34
10,	[ 0.011  0.029  0.013  0.031  0.013  0.162  0.011  0.021  0.032],	1,	2,	s40; s38
11,	[ 0.004  0.012  0.004  0.009  0.008  0.057  0.005  0.012  0.014],	0,	1,	s41
12,	[ 0.009  0.003  0.01   0.014  0.003  0.011  0.005  0.008  0.215],	0,	4,	s43; s30; s42; s44
13,	[ 0.276  0.232  0.086  0.07   0.048  0.08   0.086  0.065  0.063],	2,	1,	s1
14,	[ 0.062  0.027  0.01   0.015  0.008  0.011  0.008  0.008  0.004],	0,	1,	s6
15,	[ 0.07   0.121  0.016  0.01   0.01   0.01   0.018  0.015  0.029],	1,	1,	s8
16,	[ 0.004  0.064  0.005  0.005  0.008  0.004  0.008  0.008  0.011],	0,	3,	s37; s29; s4



         /-3
        |
        |-4 /-5
      /2|
     |  |--6
     |  |
     |   \-7
     |
     |   /-9
-0 /1|  |
     |-8|-10/-11
     |  |
     |   \-12
     |
     |   /-14
      \13
         \15/-16

Number of non-empty nodes in the tree: 16


id, 	 phi, 	 nChildren, 	 nGenes, 	 genes 
0,	[ 1.  1.  1.  1.  1.  1.  1.  1.  1.],	1,	0,	
1,	[ 0.975  0.963  0.992  0.994  0.993  0.992  0.988  0.989  0.995],	3,	1,	s0
2,	[ 0.282  0.313  0.54   0.258  0.661  0.203  0.632  0.18   0.169],	4,	5,	s12; s14; s5; s15; s3
3,	[ 0.015  0.007  0.018  0.006  0.016  0.007  0.247  0.008  0.003],	0,	2,	s33; s31
4,	[ 0.003  0.006  0.024  0.003  0.354  0.004  0.004  0.001  0.007],	0,	6,	s32; s20; s21; s35; s18; s36
5,	[ 0.007  0.005  0.011  0.055  0.01   0.007  0.006  0.004  0.007],	0,	3,	s26; s27; s28
6,	[ 0.002  0.006  0.165  0.013  0.013  0.007  0.008  0.002  0.004],	0,	6,	s19; s13; s11; s10; s17; s16
7,	[ 0.244  0.281  0.22   0.493  0.154  0.616  0.204  0.661  0.671],	3,	7,	s9; s22; s23; s2; s24; s25; s7
8,	[ 0.006  0.005  0.006  0.023  0.003  0.007  0.005  0.225  0.007],	0,	4,	s46; s39; s45; s34
9,	[ 0.01   0.009  0.009  0.006  0.013  0.13   0.01   0.007  0.014],	0,	3,	s40; s38; s41
10,	[ 0.014  0.005  0.009  0.003  0.003  0.013  0.005  0.015  0.223],	0,	4,	s43; s30; s42; s44
11,	[ 0.262  0.178  0.126  0.116  0.088  0.08   0.072  0.071  0.08 ],	2,	1,	s1
12,	[ 0.078  0.012  0.014  0.011  0.009  0.008  0.004  0.005  0.006],	0,	1,	s6
13,	[ 0.014  0.063  0.01   0.005  0.01   0.006  0.004  0.006  0.006],	0,	4,	s37; s8; s29; s4



         /-3
        |
        |--4
      /2|
     |  |--5
     |  |
     |   \-6
     |
     |   /-8
-0 /1|  |
     |-7|--9
     |  |
     |   \-10
     |
     |   /-12
      \11
         \-13

Number of non-empty nodes in the tree: 13


id, 	 phi, 	 nChildren, 	 nGenes, 	 genes 
0,	[ 1.  1.  1.  1.  1.  1.  1.  1.  1.],	1,	0,	
1,	[ 0.991  0.984  0.993  0.984  0.99   0.997  0.986  0.988  0.992],	3,	1,	s0
2,	[ 0.255  0.271  0.54   0.251  0.659  0.214  0.651  0.186  0.172],	4,	5,	s12; s14; s5; s15; s3
3,	[ 0.006  0.011  0.021  0.013  0.012  0.007  0.224  0.006  0.005],	0,	2,	s33; s31
4,	[ 0.003  0.009  0.145  0.004  0.008  0.009  0.02   0.002  0.004],	0,	6,	s19; s13; s11; s10; s17; s16
5,	[ 0.006  0.007  0.015  0.053  0.006  0.01   0.012  0.006  0.008],	0,	3,	s26; s27; s28
6,	[ 0.003  0.008  0.019  0.004  0.366  0.003  0.014  0.003  0.004],	0,	6,	s32; s20; s21; s36; s18; s35
7,	[ 0.259  0.311  0.231  0.462  0.182  0.63   0.151  0.647  0.671],	3,	7,	s9; s22; s23; s2; s24; s25; s7
8,	[ 0.009  0.015  0.003  0.006  0.003  0.005  0.003  0.009  0.202],	0,	4,	s43; s30; s42; s44
9,	[ 0.011  0.007  0.006  0.012  0.002  0.108  0.002  0.013  0.009],	0,	3,	s40; s38; s41
10,	[ 0.006  0.008  0.007  0.021  0.003  0.006  0.003  0.263  0.01 ],	0,	4,	s46; s39; s45; s34
11,	[ 0.233  0.175  0.085  0.093  0.054  0.054  0.075  0.049  0.067],	2,	1,	s1
12,	[ 0.078  0.017  0.003  0.01   0.007  0.011  0.014  0.01   0.003],	0,	1,	s6
13,	[ 0.011  0.078  0.009  0.012  0.009  0.01   0.008  0.009  0.007],	0,	4,	s37; s8; s29; s4



         /-3
        |
        |--4
      /2|
     |  |--5
     |  |
     |   \-6
     |
     |   /-8
-0 /1|  |
     |-7|--9
     |  |
     |   \-10
     |
     |   /-12
      \11
         \-13

Number of non-empty nodes in the tree: 13


