0	14;3;21;26;5;18
14;3;21;26;5;18	14;3;21;26;5;18_P
14;3;21;26;5;18	14;3;21;26;5;18_M5
14;3;21;26;5;18	14;3;21;26;5;18_M4
14;3;21;26;5;18	14;3;21;26;5;18_M1
14;3;21;26;5;18	14;3;21;26;5;18_M3
14;3;21;26;5;18	14;3;21;26;5;18_M2
0	50;8;20;6;67;59;60;10
50;8;20;6;67;59;60;10	50;8;20;6;67;59;60;10_M4
0	1;49;61
1;49;61	1;49;61_P
1;49;61	1;49;61_M4
0	56;48;9;53;24;39;38;42;46;11;16
56;48;9;53;24;39;38;42;46;11;16	56;48;9;53;24;39;38;42;46;11;16_M2
GL	0
0	0_P
0	0_M5
0	0_M4
0	0_M1
0	0_M3
0	0_M2
14;3;21;26;5;18	65;43;58
65;43;58	65;43;58_M5
14;3;21;26;5;18	40
40	40_M1
40	40_M3
14;3;21;26;5;18	36
36	36_M1
36	36_M2
40	33;7;27;29;35;19;13;17
33;7;27;29;35;19;13;17	33;7;27;29;35;19;13;17_M3
50;8;20;6;67;59;60;10	15;52;2;23;22;4;25;28;47;45;12
15;52;2;23;22;4;25;28;47;45;12	15;52;2;23;22;4;25;28;47;45;12_M4
