4;2;26;6	29
29	29_M3
4;2;26;6	68;51;69;36;52;59;57;43;55;53
68;51;69;36;52;59;57;43;55;53	68;51;69;36;52;59;57;43;55;53_M4
4;2;26;6	31
31	31_M3
1;0	12;11;9;17;15;33;23;22;25;32;19
12;11;9;17;15;33;23;22;25;32;19	12;11;9;17;15;33;23;22;25;32;19_P
12;11;9;17;15;33;23;22;25;32;19	12;11;9;17;15;33;23;22;25;32;19_M5
12;11;9;17;15;33;23;22;25;32;19	12;11;9;17;15;33;23;22;25;32;19_M4
12;11;9;17;15;33;23;22;25;32;19	12;11;9;17;15;33;23;22;25;32;19_M7
12;11;9;17;15;33;23;22;25;32;19	12;11;9;17;15;33;23;22;25;32;19_M6
12;11;9;17;15;33;23;22;25;32;19	12;11;9;17;15;33;23;22;25;32;19_M1
12;11;9;17;15;33;23;22;25;32;19	12;11;9;17;15;33;23;22;25;32;19_M3
12;11;9;17;15;33;23;22;25;32;19	12;11;9;17;15;33;23;22;25;32;19_M2
1;0	4;2;26;6
4;2;26;6	4;2;26;6_M3
GL	1;0
1;0	1;0_P
1;0	1;0_M5
1;0	1;0_M4
1;0	1;0_M7
1;0	1;0_M6
1;0	1;0_M1
1;0	1;0_M3
1;0	1;0_M2
61;67;73;56	76
76	76_P
12;11;9;17;15;33;23;22;25;32;19	61;67;73;56
61;67;73;56	61;67;73;56_P
61;67;73;56	61;67;73;56_M5
61;67;73;56	61;67;73;56_M4
61;67;73;56	61;67;73;56_M7
61;67;73;56	61;67;73;56_M6
61;67;73;56	61;67;73;56_M2
12;11;9;17;15;33;23;22;25;32;19	47
47	47_M5
47	47_M4
12;11;9;17;15;33;23;22;25;32;19	13;7;5;24;21;20
13;7;5;24;21;20	13;7;5;24;21;20_M2
12;11;9;17;15;33;23;22;25;32;19	63;49;72;42
63;49;72;42	63;49;72;42_P
63;49;72;42	63;49;72;42_M7
12;11;9;17;15;33;23;22;25;32;19	41;10;18;8;46;50;3;34;14;28;27;35;30
41;10;18;8;46;50;3;34;14;28;27;35;30	41;10;18;8;46;50;3;34;14;28;27;35;30_M1
76	66;45;71;70
66;45;71;70	66;45;71;70_M6
62	54;64
54;64	54;64_M5
47	62
62	62_M5
62	62_P
62	62_M7
62	62_M6
62	62_M4
13;7;5;24;21;20	38
38	38_M2
13;7;5;24;21;20	39
39	39_M2
