4;2;26;6	29
29	29_P
29	29_M5
29	29_M4
29	29_M7
29	29_M6
29	29_M1
29	29_M3
29	29_M2
4;2;26;6	68;51;69;36;52;59;57;43;55;53
68;51;69;36;52;59;57;43;55;53	68;51;69;36;52;59;57;43;55;53_P
68;51;69;36;52;59;57;43;55;53	68;51;69;36;52;59;57;43;55;53_M5
68;51;69;36;52;59;57;43;55;53	68;51;69;36;52;59;57;43;55;53_M4
68;51;69;36;52;59;57;43;55;53	68;51;69;36;52;59;57;43;55;53_M7
68;51;69;36;52;59;57;43;55;53	68;51;69;36;52;59;57;43;55;53_M6
68;51;69;36;52;59;57;43;55;53	68;51;69;36;52;59;57;43;55;53_M1
68;51;69;36;52;59;57;43;55;53	68;51;69;36;52;59;57;43;55;53_M3
68;51;69;36;52;59;57;43;55;53	68;51;69;36;52;59;57;43;55;53_M2
4;2;26;6	31
31	31_P
31	31_M5
31	31_M4
31	31_M7
31	31_M6
31	31_M1
31	31_M3
31	31_M2
1;0	12;11;9;17;15;33;23;22;25;32;19
12;11;9;17;15;33;23;22;25;32;19	12;11;9;17;15;33;23;22;25;32;19_P
12;11;9;17;15;33;23;22;25;32;19	12;11;9;17;15;33;23;22;25;32;19_M5
12;11;9;17;15;33;23;22;25;32;19	12;11;9;17;15;33;23;22;25;32;19_M4
12;11;9;17;15;33;23;22;25;32;19	12;11;9;17;15;33;23;22;25;32;19_M7
12;11;9;17;15;33;23;22;25;32;19	12;11;9;17;15;33;23;22;25;32;19_M6
12;11;9;17;15;33;23;22;25;32;19	12;11;9;17;15;33;23;22;25;32;19_M1
12;11;9;17;15;33;23;22;25;32;19	12;11;9;17;15;33;23;22;25;32;19_M3
12;11;9;17;15;33;23;22;25;32;19	12;11;9;17;15;33;23;22;25;32;19_M2
1;0	4;2;26;6
4;2;26;6	4;2;26;6_P
4;2;26;6	4;2;26;6_M5
4;2;26;6	4;2;26;6_M4
4;2;26;6	4;2;26;6_M7
4;2;26;6	4;2;26;6_M6
4;2;26;6	4;2;26;6_M1
4;2;26;6	4;2;26;6_M3
4;2;26;6	4;2;26;6_M2
GL	1;0
1;0	1;0_P
1;0	1;0_M5
1;0	1;0_M4
1;0	1;0_M7
1;0	1;0_M6
1;0	1;0_M1
1;0	1;0_M3
1;0	1;0_M2
61;67;73;56	76
76	76_P
76	76_M5
76	76_M4
76	76_M7
76	76_M6
76	76_M1
76	76_M3
76	76_M2
12;11;9;17;15;33;23;22;25;32;19	61;67;73;56
61;67;73;56	61;67;73;56_P
61;67;73;56	61;67;73;56_M5
61;67;73;56	61;67;73;56_M4
61;67;73;56	61;67;73;56_M7
61;67;73;56	61;67;73;56_M6
61;67;73;56	61;67;73;56_M1
61;67;73;56	61;67;73;56_M3
61;67;73;56	61;67;73;56_M2
12;11;9;17;15;33;23;22;25;32;19	47
47	47_P
47	47_M5
47	47_M4
47	47_M7
47	47_M6
47	47_M1
47	47_M3
47	47_M2
12;11;9;17;15;33;23;22;25;32;19	13;7;5;24;21;20
13;7;5;24;21;20	13;7;5;24;21;20_P
13;7;5;24;21;20	13;7;5;24;21;20_M5
13;7;5;24;21;20	13;7;5;24;21;20_M4
13;7;5;24;21;20	13;7;5;24;21;20_M7
13;7;5;24;21;20	13;7;5;24;21;20_M6
13;7;5;24;21;20	13;7;5;24;21;20_M1
13;7;5;24;21;20	13;7;5;24;21;20_M3
13;7;5;24;21;20	13;7;5;24;21;20_M2
12;11;9;17;15;33;23;22;25;32;19	63;49;72;42
63;49;72;42	63;49;72;42_P
63;49;72;42	63;49;72;42_M5
63;49;72;42	63;49;72;42_M4
63;49;72;42	63;49;72;42_M7
63;49;72;42	63;49;72;42_M6
63;49;72;42	63;49;72;42_M1
63;49;72;42	63;49;72;42_M3
63;49;72;42	63;49;72;42_M2
12;11;9;17;15;33;23;22;25;32;19	41;10;18;8;46;50;3;34;14;28;27;35;30
41;10;18;8;46;50;3;34;14;28;27;35;30	41;10;18;8;46;50;3;34;14;28;27;35;30_P
41;10;18;8;46;50;3;34;14;28;27;35;30	41;10;18;8;46;50;3;34;14;28;27;35;30_M5
41;10;18;8;46;50;3;34;14;28;27;35;30	41;10;18;8;46;50;3;34;14;28;27;35;30_M4
41;10;18;8;46;50;3;34;14;28;27;35;30	41;10;18;8;46;50;3;34;14;28;27;35;30_M7
41;10;18;8;46;50;3;34;14;28;27;35;30	41;10;18;8;46;50;3;34;14;28;27;35;30_M6
41;10;18;8;46;50;3;34;14;28;27;35;30	41;10;18;8;46;50;3;34;14;28;27;35;30_M1
41;10;18;8;46;50;3;34;14;28;27;35;30	41;10;18;8;46;50;3;34;14;28;27;35;30_M3
41;10;18;8;46;50;3;34;14;28;27;35;30	41;10;18;8;46;50;3;34;14;28;27;35;30_M2
76	66;45;71;70
66;45;71;70	66;45;71;70_P
66;45;71;70	66;45;71;70_M5
66;45;71;70	66;45;71;70_M4
66;45;71;70	66;45;71;70_M7
66;45;71;70	66;45;71;70_M6
66;45;71;70	66;45;71;70_M1
66;45;71;70	66;45;71;70_M3
66;45;71;70	66;45;71;70_M2
62	54;64
54;64	54;64_P
54;64	54;64_M5
54;64	54;64_M4
54;64	54;64_M7
54;64	54;64_M6
54;64	54;64_M1
54;64	54;64_M3
54;64	54;64_M2
47	62
62	62_P
62	62_M5
62	62_M4
62	62_M7
62	62_M6
62	62_M1
62	62_M3
62	62_M2
13;7;5;24;21;20	38
38	38_P
38	38_M5
38	38_M4
38	38_M7
38	38_M6
38	38_M1
38	38_M3
38	38_M2
13;7;5;24;21;20	39
39	39_P
39	39_M5
39	39_M4
39	39_M7
39	39_M6
39	39_M1
39	39_M3
39	39_M2
