10	9;2;1;21;42;39;26;36;47;13;12;18
9;2;1;21;42;39;26;36;47;13;12;18	9;2;1;21;42;39;26;36;47;13;12;18_P
10	17;41
17;41	17;41_M4
17;41	17;41_M6
17;41	17;41_M1
17;41	17;41_M8
11;6	20
20	20_M4
20	20_M6
20	20_M1
20	20_M8
20	20_M3
0	7;3
7;3	7;3_P
7;3	7;3_M5
7;3	7;3_M4
7;3	7;3_M7
7;3	7;3_M6
7;3	7;3_M1
7;3	7;3_M3
7;3	7;3_M2
7;3	7;3_M8
0	10
10	10_P
10	10_M5
10	10_M4
10	10_M7
10	10_M6
10	10_M1
10	10_M3
10	10_M2
10	10_M8
0	11;6
11;6	11;6_P
11;6	11;6_M5
11;6	11;6_M4
11;6	11;6_M7
11;6	11;6_M6
11;6	11;6_M1
11;6	11;6_M3
11;6	11;6_M2
11;6	11;6_M8
0	51;30;25;14
51;30;25;14	51;30;25;14_M5
51;30;25;14	51;30;25;14_P
51;30;25;14	51;30;25;14_M6
51;30;25;14	51;30;25;14_M8
51;30;25;14	51;30;25;14_M4
GL	0
0	0_P
0	0_M5
0	0_M4
0	0_M7
0	0_M6
0	0_M1
0	0_M3
0	0_M2
0	0_M8
19;24	29
29	29_P
29	29_M5
29	29_M4
29	29_M7
29	29_M6
29	29_M1
29	29_M3
29	29_M2
29	29_M8
7;3	19;24
19;24	19;24_M5
19;24	19;24_P
19;24	19;24_M7
19;24	19;24_M6
19;24	19;24_M3
19;24	19;24_M2
7;3	28;27
28;27	28;27_P
28;27	28;27_M5
28;27	28;27_M4
28;27	28;27_M7
28;27	28;27_M6
28;27	28;27_M1
28;27	28;27_M3
28;27	28;27_M2
28;27	28;27_M8
7;3	50;55;54;23;43;15
50;55;54;23;43;15	50;55;54;23;43;15_P
50;55;54;23;43;15	50;55;54;23;43;15_M4
50;55;54;23;43;15	50;55;54;23;43;15_M6
50;55;54;23;43;15	50;55;54;23;43;15_M1
50;55;54;23;43;15	50;55;54;23;43;15_M2
50;55;54;23;43;15	50;55;54;23;43;15_M8
7;3	52;5;8;4
52;5;8;4	52;5;8;4_M5
52;5;8;4	52;5;8;4_M7
52;5;8;4	52;5;8;4_M6
52;5;8;4	52;5;8;4_M3
52;5;8;4	52;5;8;4_M2
29	49;53;48;32
49;53;48;32	49;53;48;32_P
49;53;48;32	49;53;48;32_M7
49;53;48;32	49;53;48;32_M2
29	33
33	33_M4
33	33_P
33	33_M5
33	33_M7
33	33_M2
28;27	38;37
38;37	38;37_P
38;37	38;37_M4
38;37	38;37_M7
38;37	38;37_M1
38;37	38;37_M3
38;37	38;37_M2
50;55;54;23;43;15	61
61	61_M8
