10	9;2;1;21;42;39;26;36;47;13;12;18
9;2;1;21;42;39;26;36;47;13;12;18	9;2;1;21;42;39;26;36;47;13;12;18_P
9;2;1;21;42;39;26;36;47;13;12;18	9;2;1;21;42;39;26;36;47;13;12;18_M5
9;2;1;21;42;39;26;36;47;13;12;18	9;2;1;21;42;39;26;36;47;13;12;18_M4
9;2;1;21;42;39;26;36;47;13;12;18	9;2;1;21;42;39;26;36;47;13;12;18_M7
9;2;1;21;42;39;26;36;47;13;12;18	9;2;1;21;42;39;26;36;47;13;12;18_M6
9;2;1;21;42;39;26;36;47;13;12;18	9;2;1;21;42;39;26;36;47;13;12;18_M1
9;2;1;21;42;39;26;36;47;13;12;18	9;2;1;21;42;39;26;36;47;13;12;18_M3
9;2;1;21;42;39;26;36;47;13;12;18	9;2;1;21;42;39;26;36;47;13;12;18_M2
9;2;1;21;42;39;26;36;47;13;12;18	9;2;1;21;42;39;26;36;47;13;12;18_M8
10	17;41
17;41	17;41_P
17;41	17;41_M5
17;41	17;41_M4
17;41	17;41_M7
17;41	17;41_M6
17;41	17;41_M1
17;41	17;41_M3
17;41	17;41_M2
17;41	17;41_M8
11;6	20
20	20_P
20	20_M5
20	20_M4
20	20_M7
20	20_M6
20	20_M1
20	20_M3
20	20_M2
20	20_M8
0	7;3
7;3	7;3_P
7;3	7;3_M5
7;3	7;3_M4
7;3	7;3_M7
7;3	7;3_M6
7;3	7;3_M1
7;3	7;3_M3
7;3	7;3_M2
7;3	7;3_M8
0	10
10	10_P
10	10_M5
10	10_M4
10	10_M7
10	10_M6
10	10_M1
10	10_M3
10	10_M2
10	10_M8
0	11;6
11;6	11;6_P
11;6	11;6_M5
11;6	11;6_M4
11;6	11;6_M7
11;6	11;6_M6
11;6	11;6_M1
11;6	11;6_M3
11;6	11;6_M2
11;6	11;6_M8
0	51;30;25;14
51;30;25;14	51;30;25;14_P
51;30;25;14	51;30;25;14_M5
51;30;25;14	51;30;25;14_M4
51;30;25;14	51;30;25;14_M7
51;30;25;14	51;30;25;14_M6
51;30;25;14	51;30;25;14_M1
51;30;25;14	51;30;25;14_M3
51;30;25;14	51;30;25;14_M2
51;30;25;14	51;30;25;14_M8
GL	0
0	0_P
0	0_M5
0	0_M4
0	0_M7
0	0_M6
0	0_M1
0	0_M3
0	0_M2
0	0_M8
19;24	29
29	29_P
29	29_M5
29	29_M4
29	29_M7
29	29_M6
29	29_M1
29	29_M3
29	29_M2
29	29_M8
7;3	19;24
19;24	19;24_P
19;24	19;24_M5
19;24	19;24_M4
19;24	19;24_M7
19;24	19;24_M6
19;24	19;24_M1
19;24	19;24_M3
19;24	19;24_M2
19;24	19;24_M8
7;3	28;27
28;27	28;27_P
28;27	28;27_M5
28;27	28;27_M4
28;27	28;27_M7
28;27	28;27_M6
28;27	28;27_M1
28;27	28;27_M3
28;27	28;27_M2
28;27	28;27_M8
7;3	50;55;54;23;43;15
50;55;54;23;43;15	50;55;54;23;43;15_P
50;55;54;23;43;15	50;55;54;23;43;15_M5
50;55;54;23;43;15	50;55;54;23;43;15_M4
50;55;54;23;43;15	50;55;54;23;43;15_M7
50;55;54;23;43;15	50;55;54;23;43;15_M6
50;55;54;23;43;15	50;55;54;23;43;15_M1
50;55;54;23;43;15	50;55;54;23;43;15_M3
50;55;54;23;43;15	50;55;54;23;43;15_M2
50;55;54;23;43;15	50;55;54;23;43;15_M8
7;3	52;5;8;4
52;5;8;4	52;5;8;4_P
52;5;8;4	52;5;8;4_M5
52;5;8;4	52;5;8;4_M4
52;5;8;4	52;5;8;4_M7
52;5;8;4	52;5;8;4_M6
52;5;8;4	52;5;8;4_M1
52;5;8;4	52;5;8;4_M3
52;5;8;4	52;5;8;4_M2
52;5;8;4	52;5;8;4_M8
29	49;53;48;32
49;53;48;32	49;53;48;32_P
49;53;48;32	49;53;48;32_M5
49;53;48;32	49;53;48;32_M4
49;53;48;32	49;53;48;32_M7
49;53;48;32	49;53;48;32_M6
49;53;48;32	49;53;48;32_M1
49;53;48;32	49;53;48;32_M3
49;53;48;32	49;53;48;32_M2
49;53;48;32	49;53;48;32_M8
29	33
33	33_P
33	33_M5
33	33_M4
33	33_M7
33	33_M6
33	33_M1
33	33_M3
33	33_M2
33	33_M8
28;27	38;37
38;37	38;37_P
38;37	38;37_M5
38;37	38;37_M4
38;37	38;37_M7
38;37	38;37_M6
38;37	38;37_M1
38;37	38;37_M3
38;37	38;37_M2
38;37	38;37_M8
50;55;54;23;43;15	61
61	61_P
61	61_M5
61	61_M4
61	61_M7
61	61_M6
61	61_M1
61	61_M3
61	61_M2
61	61_M8
