id, 	 phi, 	 nChildren, 	 nGenes, 	 genes 
0,	[ 1.  1.  1.  1.  1.  1.  1.  1.  1.  1.],	1,	0,	
1,	[ 0.988  0.99   0.986  0.989  0.982  0.973  0.971  0.995  0.992  0.995],	4,	1,	s0
2,	[ 0.433  0.528  0.326  0.698  0.71   0.427  0.662  0.395  0.771  0.73 ],	4,	2,	s7; s3
3,	[ 0.008  0.008  0.009  0.011  0.011  0.004  0.318  0.011  0.012  0.009],	0,	4,	s43; s5; s8; s4
4,	[ 0.022  0.017  0.018  0.02   0.014  0.025  0.011  0.015  0.012  0.437],	1,	6,	s41; s46; s45; s21; s37; s15
5,	[ 0.009  0.006  0.007  0.006  0.007  0.008  0.009  0.004  0.005  0.048],	0,	1,	s47
6,	[ 0.046  0.066  0.033  0.305  0.06   0.044  0.054  0.04   0.489  0.027],	1,	2,	s18; s22
7,	[ 0.032  0.055  0.026  0.219  0.05   0.038  0.043  0.028  0.476  0.022],	2,	1,	s27
8,	[ 0.009  0.014  0.01   0.032  0.005  0.005  0.004  0.007  0.418  0.003],	0,	4,	s40; s44; s39; s29
9,	[ 0.007  0.014  0.004  0.049  0.01   0.018  0.017  0.008  0.014  0.004],	0,	1,	s30
10,	[ 0.048  0.074  0.039  0.048  0.278  0.057  0.041  0.055  0.041  0.037],	1,	2,	s26; s25
11,	[ 0.009  0.021  0.012  0.014  0.088  0.013  0.005  0.006  0.013  0.007],	0,	2,	s33; s32
12,	[ 0.025  0.022  0.3    0.028  0.026  0.036  0.03   0.025  0.023  0.041],	1,	2,	s11; s6
13,	[ 0.005  0.007  0.11   0.005  0.016  0.013  0.005  0.013  0.009  0.017],	0,	1,	s19
14,	[ 0.328  0.262  0.116  0.086  0.074  0.313  0.104  0.085  0.055  0.079],	2,	1,	s10
15,	[ 0.007  0.01   0.016  0.009  0.009  0.179  0.004  0.01   0.003  0.011],	0,	2,	s16; s35
16,	[ 0.223  0.154  0.005  0.004  0.003  0.01   0.004  0.004  0.004  0.006],	0,	12,	s9; s2; s1; s20; s36; s34; s24; s31; s38; s13; s12; s17
17,	[ 0.007  0.011  0.006  0.004  0.008  0.016  0.013  0.348  0.004  0.01 ],	0,	4,	s42; s28; s23; s14



         /-3
        |
        |-4 /-5
        |
      /2|      /-8
     |  |-6 /7|
     |  |      \-9
     |  |
     |   \10/-11
     |
-0 /1|-12/-13
     |
     |   /-15
     |-14
     |   \-16
     |
      \-17

Number of non-empty nodes in the tree: 17


id, 	 phi, 	 nChildren, 	 nGenes, 	 genes 
0,	[ 1.  1.  1.  1.  1.  1.  1.  1.  1.  1.],	1,	0,	
1,	[ 0.996  0.991  0.98   0.983  0.987  0.983  0.975  0.992  0.988  0.993],	4,	1,	s0
2,	[ 0.437  0.502  0.373  0.699  0.706  0.5    0.653  0.426  0.801  0.754],	4,	2,	s7; s3
3,	[ 0.019  0.013  0.02   0.019  0.014  0.021  0.017  0.018  0.01   0.391],	1,	6,	s41; s46; s45; s21; s37; s15
4,	[ 0.012  0.005  0.008  0.009  0.006  0.007  0.011  0.007  0.006  0.066],	0,	1,	s47
5,	[ 0.008  0.003  0.009  0.018  0.005  0.001  0.32   0.008  0.01   0.005],	0,	4,	s43; s5; s8; s4
6,	[ 0.037  0.053  0.039  0.294  0.048  0.042  0.037  0.049  0.51   0.042],	1,	2,	s18; s22
7,	[ 0.024  0.043  0.023  0.217  0.044  0.03   0.026  0.043  0.497  0.037],	2,	1,	s27
8,	[ 0.005  0.005  0.005  0.046  0.007  0.004  0.005  0.01   0.452  0.008],	0,	4,	s40; s44; s39; s29
9,	[ 0.003  0.013  0.003  0.052  0.005  0.009  0.008  0.017  0.014  0.008],	0,	1,	s30
10,	[ 0.054  0.071  0.05   0.062  0.308  0.065  0.049  0.057  0.059  0.051],	1,	2,	s26; s25
11,	[ 0.018  0.023  0.025  0.027  0.125  0.024  0.016  0.015  0.034  0.014],	1,	1,	s33
12,	[ 0.005  0.005  0.008  0.01   0.042  0.004  0.008  0.003  0.013  0.005],	0,	1,	s32
13,	[ 0.019  0.025  0.267  0.027  0.014  0.025  0.024  0.016  0.015  0.033],	1,	2,	s11; s6
14,	[ 0.011  0.014  0.116  0.01   0.008  0.015  0.003  0.007  0.01   0.012],	0,	1,	s19
15,	[ 0.324  0.261  0.09   0.078  0.081  0.266  0.088  0.073  0.056  0.053],	2,	1,	s10
16,	[ 0.006  0.019  0.005  0.008  0.007  0.162  0.01   0.008  0.006  0.006],	0,	2,	s16; s35
17,	[ 0.231  0.149  0.005  0.006  0.002  0.007  0.005  0.005  0.003  0.006],	0,	12,	s9; s2; s1; s20; s36; s34; s24; s31; s38; s13; s12; s17
18,	[ 0.005  0.008  0.005  0.005  0.007  0.009  0.01   0.318  0.004  0.009],	0,	4,	s42; s28; s23; s14



         /3 /-4
        |
        |--5
        |
      /2|      /-8
     |  |-6 /7|
     |  |      \-9
     |  |
     |   \10/11/-12
     |
-0 /1|-13/-14
     |
     |   /-16
     |-15
     |   \-17
     |
      \-18

Number of non-empty nodes in the tree: 18


id, 	 phi, 	 nChildren, 	 nGenes, 	 genes 
0,	[ 1.  1.  1.  1.  1.  1.  1.  1.  1.  1.],	1,	0,	
1,	[ 0.981  0.988  0.976  0.989  0.984  0.991  0.965  0.989  0.994  0.991],	4,	1,	s0
2,	[ 0.45   0.498  0.385  0.684  0.719  0.526  0.638  0.449  0.794  0.768],	4,	2,	s7; s3
3,	[ 0.072  0.059  0.054  0.294  0.081  0.08   0.056  0.073  0.476  0.06 ],	1,	2,	s18; s22
4,	[ 0.055  0.047  0.049  0.215  0.07   0.072  0.052  0.05   0.454  0.049],	2,	1,	s27
5,	[ 0.01   0.008  0.008  0.025  0.009  0.007  0.004  0.014  0.392  0.003],	0,	4,	s40; s44; s39; s29
6,	[ 0.012  0.011  0.014  0.069  0.013  0.016  0.011  0.009  0.012  0.013],	0,	1,	s30
7,	[ 0.015  0.026  0.014  0.014  0.016  0.015  0.009  0.02   0.009  0.442],	1,	6,	s41; s46; s45; s21; s37; s15
8,	[ 0.005  0.022  0.005  0.005  0.01   0.013  0.003  0.008  0.003  0.074],	0,	1,	s47
9,	[ 0.008  0.012  0.012  0.005  0.009  0.009  0.31   0.012  0.01   0.006],	0,	4,	s43; s5; s8; s4
10,	[ 0.028  0.056  0.036  0.032  0.247  0.042  0.015  0.06   0.025  0.034],	1,	2,	s26; s25
11,	[ 0.006  0.007  0.008  0.007  0.078  0.013  0.003  0.014  0.007  0.012],	0,	2,	s33; s32
12,	[ 0.014  0.021  0.258  0.016  0.02   0.022  0.011  0.013  0.015  0.013],	1,	2,	s11; s6
13,	[ 0.005  0.008  0.087  0.007  0.007  0.005  0.002  0.004  0.008  0.006],	0,	1,	s19
14,	[ 0.332  0.248  0.087  0.069  0.076  0.305  0.129  0.071  0.051  0.066],	2,	1,	s10
15,	[ 0.011  0.007  0.005  0.008  0.006  0.173  0.016  0.004  0.006  0.001],	0,	2,	s16; s35
16,	[ 0.246  0.149  0.004  0.004  0.004  0.01   0.005  0.004  0.002  0.004],	0,	12,	s9; s2; s1; s20; s36; s34; s24; s31; s38; s13; s12; s17
17,	[ 0.01   0.004  0.008  0.013  0.013  0.006  0.017  0.326  0.013  0.016],	0,	4,	s42; s28; s23; s14



               /-5
         /3 /4|
        |      \-6
        |
      /2|-7 /-8
     |  |
     |  |--9
     |  |
     |   \10/-11
     |
-0 /1|-12/-13
     |
     |   /-15
     |-14
     |   \-16
     |
      \-17

Number of non-empty nodes in the tree: 17


id, 	 phi, 	 nChildren, 	 nGenes, 	 genes 
0,	[ 1.  1.  1.  1.  1.  1.  1.  1.  1.  1.],	1,	0,	
1,	[ 0.992  0.984  0.989  0.984  0.993  0.981  0.983  0.993  0.993  0.985],	4,	1,	s0
2,	[ 0.43   0.496  0.348  0.656  0.681  0.506  0.603  0.394  0.742  0.719],	4,	2,	s7; s3
3,	[ 0.034  0.042  0.036  0.263  0.032  0.042  0.014  0.039  0.472  0.023],	2,	3,	s27; s22; s18
4,	[ 0.012  0.008  0.008  0.034  0.017  0.007  0.004  0.004  0.436  0.009],	0,	4,	s40; s44; s39; s29
5,	[ 0.004  0.007  0.013  0.06   0.005  0.015  0.004  0.01   0.01   0.007],	0,	1,	s30
6,	[ 0.021  0.024  0.021  0.023  0.281  0.016  0.012  0.02   0.009  0.017],	1,	2,	s26; s25
7,	[ 0.015  0.012  0.007  0.006  0.092  0.006  0.007  0.015  0.005  0.005],	0,	2,	s33; s32
8,	[ 0.035  0.025  0.025  0.035  0.034  0.033  0.029  0.031  0.04   0.437],	1,	6,	s41; s46; s45; s21; s37; s15
9,	[ 0.007  0.006  0.003  0.007  0.008  0.007  0.005  0.007  0.01   0.082],	0,	1,	s47
10,	[ 0.007  0.008  0.007  0.009  0.009  0.007  0.31   0.004  0.007  0.007],	0,	4,	s43; s5; s8; s4
11,	[ 0.08   0.075  0.278  0.069  0.074  0.06   0.087  0.056  0.064  0.067],	1,	2,	s11; s6
12,	[ 0.014  0.014  0.065  0.01   0.006  0.007  0.018  0.004  0.006  0.009],	0,	1,	s19
13,	[ 0.354  0.243  0.114  0.082  0.087  0.276  0.085  0.085  0.063  0.069],	2,	1,	s10
14,	[ 0.009  0.006  0.008  0.009  0.01   0.179  0.012  0.014  0.012  0.011],	0,	2,	s16; s35
15,	[ 0.241  0.145  0.007  0.007  0.004  0.005  0.005  0.001  0.002  0.002],	0,	12,	s9; s2; s1; s20; s36; s34; s24; s31; s38; s13; s12; s17
16,	[ 0.005  0.005  0.007  0.01   0.005  0.006  0.008  0.328  0.004  0.009],	0,	4,	s42; s28; s23; s14



            /-4
         /3|
        |   \-5
        |
      /2|-6 /-7
     |  |
     |  |-8 /-9
     |  |
     |   \-10
     |
-0 /1|-11/-12
     |
     |   /-14
     |-13
     |   \-15
     |
      \-16

Number of non-empty nodes in the tree: 16


id, 	 phi, 	 nChildren, 	 nGenes, 	 genes 
0,	[ 1.  1.  1.  1.  1.  1.  1.  1.  1.  1.],	1,	0,	
1,	[ 0.992  0.996  0.989  0.988  0.99   0.991  0.992  0.989  0.995  0.985],	4,	1,	s0
2,	[ 0.358  0.437  0.366  0.633  0.628  0.434  0.592  0.379  0.736  0.719],	4,	2,	s7; s3
3,	[ 0.024  0.029  0.023  0.031  0.023  0.029  0.024  0.023  0.018  0.433],	1,	6,	s41; s46; s45; s21; s37; s15
4,	[ 0.003  0.004  0.007  0.005  0.007  0.004  0.006  0.007  0.005  0.073],	0,	1,	s47
5,	[ 0.014  0.004  0.003  0.01   0.005  0.017  0.281  0.008  0.005  0.004],	0,	4,	s43; s5; s8; s4
6,	[ 0.032  0.029  0.02   0.241  0.014  0.034  0.017  0.043  0.475  0.017],	2,	3,	s27; s22; s18
7,	[ 0.004  0.009  0.008  0.028  0.005  0.01   0.004  0.012  0.452  0.005],	0,	4,	s40; s44; s39; s29
8,	[ 0.01   0.007  0.002  0.076  0.003  0.009  0.007  0.015  0.006  0.007],	0,	1,	s30
9,	[ 0.019  0.042  0.034  0.038  0.26   0.026  0.024  0.038  0.022  0.029],	1,	2,	s26; s25
10,	[ 0.008  0.014  0.025  0.02   0.097  0.009  0.013  0.017  0.012  0.018],	1,	1,	s32
11,	[ 0.005  0.009  0.013  0.006  0.04   0.003  0.005  0.007  0.006  0.012],	0,	1,	s33
12,	[ 0.088  0.082  0.324  0.108  0.077  0.089  0.095  0.06   0.07   0.062],	1,	2,	s11; s6
13,	[ 0.013  0.006  0.057  0.006  0.004  0.014  0.02   0.011  0.009  0.008],	0,	1,	s19
14,	[ 0.356  0.257  0.076  0.068  0.086  0.293  0.087  0.06   0.037  0.062],	2,	1,	s10
15,	[ 0.013  0.014  0.006  0.004  0.01   0.17   0.006  0.011  0.002  0.009],	0,	2,	s16; s35
16,	[ 0.264  0.169  0.004  0.005  0.006  0.003  0.007  0.002  0.002  0.005],	0,	12,	s9; s2; s1; s20; s36; s34; s24; s31; s38; s13; s12; s17
17,	[ 0.011  0.008  0.009  0.011  0.009  0.012  0.008  0.342  0.004  0.011],	0,	4,	s42; s28; s23; s14



         /3 /-4
        |
        |--5
        |
      /2|   /-7
     |  |-6|
     |  |   \-8
     |  |
     |   \9 /10/-11
     |
-0 /1|-12/-13
     |
     |   /-15
     |-14
     |   \-16
     |
      \-17

Number of non-empty nodes in the tree: 17


