3	23;46;34;42;28;13;8;11;35;64;25
23;46;34;42;28;13;8;11;35;64;25	23;46;34;42;28;13;8;11;35;64;25_P
23;46;34;42;28;13;8;11;35;64;25	23;46;34;42;28;13;8;11;35;64;25_M5
23;46;34;42;28;13;8;11;35;64;25	23;46;34;42;28;13;8;11;35;64;25_M4
23;46;34;42;28;13;8;11;35;64;25	23;46;34;42;28;13;8;11;35;64;25_M7
23;46;34;42;28;13;8;11;35;64;25	23;46;34;42;28;13;8;11;35;64;25_M6
23;46;34;42;28;13;8;11;35;64;25	23;46;34;42;28;13;8;11;35;64;25_M1
23;46;34;42;28;13;8;11;35;64;25	23;46;34;42;28;13;8;11;35;64;25_M3
23;46;34;42;28;13;8;11;35;64;25	23;46;34;42;28;13;8;11;35;64;25_M2
23;46;34;42;28;13;8;11;35;64;25	23;46;34;42;28;13;8;11;35;64;25_M8
3	19;18;10;14;7;5;22
19;18;10;14;7;5;22	19;18;10;14;7;5;22_P
19;18;10;14;7;5;22	19;18;10;14;7;5;22_M5
19;18;10;14;7;5;22	19;18;10;14;7;5;22_M4
19;18;10;14;7;5;22	19;18;10;14;7;5;22_M7
19;18;10;14;7;5;22	19;18;10;14;7;5;22_M6
19;18;10;14;7;5;22	19;18;10;14;7;5;22_M1
19;18;10;14;7;5;22	19;18;10;14;7;5;22_M3
19;18;10;14;7;5;22	19;18;10;14;7;5;22_M2
19;18;10;14;7;5;22	19;18;10;14;7;5;22_M8
106;76	111
111	111_P
111	111_M5
111	111_M4
111	111_M7
111	111_M6
111	111_M1
111	111_M3
111	111_M2
111	111_M8
23;46;34;42;28;13;8;11;35;64;25	106;76
106;76	106;76_P
106;76	106;76_M5
106;76	106;76_M4
106;76	106;76_M7
106;76	106;76_M6
106;76	106;76_M1
106;76	106;76_M3
106;76	106;76_M2
106;76	106;76_M8
4;2;1;0	26;27;30;17;15;6;32
26;27;30;17;15;6;32	26;27;30;17;15;6;32_P
26;27;30;17;15;6;32	26;27;30;17;15;6;32_M5
26;27;30;17;15;6;32	26;27;30;17;15;6;32_M4
26;27;30;17;15;6;32	26;27;30;17;15;6;32_M7
26;27;30;17;15;6;32	26;27;30;17;15;6;32_M6
26;27;30;17;15;6;32	26;27;30;17;15;6;32_M1
26;27;30;17;15;6;32	26;27;30;17;15;6;32_M3
26;27;30;17;15;6;32	26;27;30;17;15;6;32_M2
26;27;30;17;15;6;32	26;27;30;17;15;6;32_M8
4;2;1;0	29;33;31;12;38;16;9;24
29;33;31;12;38;16;9;24	29;33;31;12;38;16;9;24_P
29;33;31;12;38;16;9;24	29;33;31;12;38;16;9;24_M5
29;33;31;12;38;16;9;24	29;33;31;12;38;16;9;24_M4
29;33;31;12;38;16;9;24	29;33;31;12;38;16;9;24_M7
29;33;31;12;38;16;9;24	29;33;31;12;38;16;9;24_M6
29;33;31;12;38;16;9;24	29;33;31;12;38;16;9;24_M1
29;33;31;12;38;16;9;24	29;33;31;12;38;16;9;24_M3
29;33;31;12;38;16;9;24	29;33;31;12;38;16;9;24_M2
29;33;31;12;38;16;9;24	29;33;31;12;38;16;9;24_M8
4;2;1;0	3
3	3_P
3	3_M5
3	3_M4
3	3_M7
3	3_M6
3	3_M1
3	3_M3
3	3_M2
3	3_M8
4;2;1;0	92;96;44;67;60;90
92;96;44;67;60;90	92;96;44;67;60;90_P
92;96;44;67;60;90	92;96;44;67;60;90_M5
92;96;44;67;60;90	92;96;44;67;60;90_M4
92;96;44;67;60;90	92;96;44;67;60;90_M7
92;96;44;67;60;90	92;96;44;67;60;90_M6
92;96;44;67;60;90	92;96;44;67;60;90_M1
92;96;44;67;60;90	92;96;44;67;60;90_M3
92;96;44;67;60;90	92;96;44;67;60;90_M2
92;96;44;67;60;90	92;96;44;67;60;90_M8
GL	4;2;1;0
4;2;1;0	4;2;1;0_P
4;2;1;0	4;2;1;0_M5
4;2;1;0	4;2;1;0_M4
4;2;1;0	4;2;1;0_M7
4;2;1;0	4;2;1;0_M6
4;2;1;0	4;2;1;0_M1
4;2;1;0	4;2;1;0_M3
4;2;1;0	4;2;1;0_M2
4;2;1;0	4;2;1;0_M8
39;37	48;49;73;50;62;102;43;105
48;49;73;50;62;102;43;105	48;49;73;50;62;102;43;105_P
48;49;73;50;62;102;43;105	48;49;73;50;62;102;43;105_M5
48;49;73;50;62;102;43;105	48;49;73;50;62;102;43;105_M4
48;49;73;50;62;102;43;105	48;49;73;50;62;102;43;105_M7
48;49;73;50;62;102;43;105	48;49;73;50;62;102;43;105_M6
48;49;73;50;62;102;43;105	48;49;73;50;62;102;43;105_M1
48;49;73;50;62;102;43;105	48;49;73;50;62;102;43;105_M3
48;49;73;50;62;102;43;105	48;49;73;50;62;102;43;105_M2
48;49;73;50;62;102;43;105	48;49;73;50;62;102;43;105_M8
26;27;30;17;15;6;32	39;37
39;37	39;37_P
39;37	39;37_M5
39;37	39;37_M4
39;37	39;37_M7
39;37	39;37_M6
39;37	39;37_M1
39;37	39;37_M3
39;37	39;37_M2
39;37	39;37_M8
26;27;30;17;15;6;32	45;54;40;47;65;36;104
45;54;40;47;65;36;104	45;54;40;47;65;36;104_P
45;54;40;47;65;36;104	45;54;40;47;65;36;104_M5
45;54;40;47;65;36;104	45;54;40;47;65;36;104_M4
45;54;40;47;65;36;104	45;54;40;47;65;36;104_M7
45;54;40;47;65;36;104	45;54;40;47;65;36;104_M6
45;54;40;47;65;36;104	45;54;40;47;65;36;104_M1
45;54;40;47;65;36;104	45;54;40;47;65;36;104_M3
45;54;40;47;65;36;104	45;54;40;47;65;36;104_M2
45;54;40;47;65;36;104	45;54;40;47;65;36;104_M8
26;27;30;17;15;6;32	53
53	53_P
53	53_M5
53	53_M4
53	53_M7
53	53_M6
53	53_M1
53	53_M3
53	53_M2
53	53_M8
26;27;30;17;15;6;32	71
71	71_P
71	71_M5
71	71_M4
71	71_M7
71	71_M6
71	71_M1
71	71_M3
71	71_M2
71	71_M8
74;83	89
89	89_P
89	89_M5
89	89_M4
89	89_M7
89	89_M6
89	89_M1
89	89_M3
89	89_M2
89	89_M8
29;33;31;12;38;16;9;24	74;83
74;83	74;83_P
74;83	74;83_M5
74;83	74;83_M4
74;83	74;83_M7
74;83	74;83_M6
74;83	74;83_M1
74;83	74;83_M3
74;83	74;83_M2
74;83	74;83_M8
29;33;31;12;38;16;9;24	63;107;52;91;99;57;69
63;107;52;91;99;57;69	63;107;52;91;99;57;69_P
63;107;52;91;99;57;69	63;107;52;91;99;57;69_M5
63;107;52;91;99;57;69	63;107;52;91;99;57;69_M4
63;107;52;91;99;57;69	63;107;52;91;99;57;69_M7
63;107;52;91;99;57;69	63;107;52;91;99;57;69_M6
63;107;52;91;99;57;69	63;107;52;91;99;57;69_M1
63;107;52;91;99;57;69	63;107;52;91;99;57;69_M3
63;107;52;91;99;57;69	63;107;52;91;99;57;69_M2
63;107;52;91;99;57;69	63;107;52;91;99;57;69_M8
29;33;31;12;38;16;9;24	77
77	77_P
77	77_M5
77	77_M4
77	77_M7
77	77_M6
77	77_M1
77	77_M3
77	77_M2
77	77_M8
