id, 	 phi, 	 nChildren, 	 nGenes, 	 genes 
0,	[ 1.  1.  1.  1.  1.  1.  1.  1.  1.  1.],	1,	0,	
1,	[ 0.99   0.988  0.992  0.98   0.986  0.979  0.992  0.996  0.974  0.992],	4,	4,	s4; s2; s1; s0
2,	[ 0.515  0.441  0.499  0.456  0.095  0.097  0.815  0.789  0.084  0.082],	4,	7,	s24; s25; s28; s17; s15; s6; s30
3,	[ 0.369  0.188  0.071  0.086  0.024  0.029  0.693  0.067  0.023  0.027],	1,	2,	s37; s35
4,	[ 0.026  0.011  0.012  0.003  0.003  0.004  0.625  0.009  0.005  0.009],	0,	8,	s45; s46; s60; s47; s53; s71; s40; s73
5,	[ 0.013  0.021  0.193  0.023  0.019  0.007  0.014  0.012  0.003  0.006],	0,	1,	s49
6,	[ 0.014  0.014  0.012  0.014  0.005  0.004  0.004  0.582  0.003  0.003],	0,	7,	s42; s50; s38; s44; s56; s34; s72
7,	[ 0.024  0.035  0.023  0.087  0.005  0.012  0.017  0.021  0.007  0.006],	0,	1,	s59
8,	[ 0.064  0.25   0.091  0.092  0.08   0.701  0.059  0.068  0.079  0.771],	2,	1,	s3
9,	[ 0.02   0.2    0.026  0.021  0.02   0.025  0.019  0.019  0.018  0.72 ],	1,	11,	s21; s43; s32; s39; s26; s13; s8; s11; s33; s55; s23
10,	[ 0.014  0.119  0.02   0.015  0.016  0.016  0.016  0.015  0.011  0.675],	1,	2,	s74; s62
11,	[ 0.002  0.038  0.005  0.004  0.005  0.007  0.006  0.005  0.005  0.435],	0,	1,	s76
12,	[ 0.008  0.01   0.01   0.005  0.01   0.622  0.006  0.004  0.008  0.005],	0,	7,	s19; s18; s10; s14; s7; s5; s20
13,	[ 0.07   0.124  0.279  0.359  0.756  0.11   0.093  0.111  0.77   0.093],	3,	8,	s27; s31; s29; s12; s36; s16; s9; s22
14,	[ 0.008  0.027  0.022  0.034  0.063  0.024  0.01   0.012  0.459  0.009],	1,	2,	s61; s64
15,	[ 0.004  0.011  0.009  0.014  0.016  0.01   0.003  0.003  0.165  0.002],	0,	1,	s65
16,	[ 0.002  0.004  0.011  0.007  0.474  0.005  0.007  0.008  0.022  0.005],	0,	7,	s54; s75; s48; s67; s70; s51; s58
17,	[ 0.002  0.009  0.021  0.049  0.017  0.012  0.005  0.007  0.023  0.005],	0,	1,	s63
18,	[ 0.321  0.115  0.011  0.005  0.012  0.007  0.007  0.01   0.005  0.003],	0,	6,	s68; s69; s41; s57; s52; s66



         /3 /-4
        |
        |--5
      /2|
     |  |--6
     |  |
     |   \-7
     |
     |   /9 /10/-11
     |-8|
-0 /1|   \-12
     |
     |   /14/-15
     |  |
     |-13--16
     |  |
     |   \-17
     |
      \-18

Number of non-empty nodes in the tree: 18


id, 	 phi, 	 nChildren, 	 nGenes, 	 genes 
0,	[ 1.  1.  1.  1.  1.  1.  1.  1.  1.  1.],	1,	0,	
1,	[ 0.99   0.985  0.991  0.974  0.988  0.984  0.991  0.993  0.978  0.987],	4,	4,	s4; s2; s1; s0
2,	[ 0.533  0.438  0.505  0.445  0.103  0.105  0.816  0.798  0.088  0.085],	4,	7,	s24; s25; s28; s17; s15; s6; s30
3,	[ 0.385  0.181  0.077  0.076  0.025  0.028  0.68   0.066  0.029  0.022],	1,	2,	s37; s35
4,	[ 0.024  0.01   0.007  0.005  0.003  0.005  0.609  0.011  0.006  0.008],	0,	8,	s60; s46; s45; s47; s53; s71; s40; s73
5,	[ 0.016  0.016  0.18   0.025  0.019  0.004  0.009  0.014  0.003  0.009],	0,	1,	s49
6,	[ 0.018  0.014  0.012  0.011  0.005  0.004  0.005  0.596  0.003  0.003],	0,	7,	s42; s50; s38; s44; s56; s34; s72
7,	[ 0.021  0.028  0.013  0.092  0.006  0.012  0.025  0.013  0.006  0.006],	0,	1,	s59
8,	[ 0.073  0.107  0.273  0.383  0.759  0.104  0.086  0.099  0.768  0.11 ],	3,	8,	s27; s31; s29; s12; s36; s16; s9; s22
9,	[ 0.006  0.019  0.023  0.027  0.056  0.022  0.008  0.012  0.456  0.014],	1,	2,	s61; s64
10,	[ 0.002  0.006  0.009  0.01   0.012  0.01   0.002  0.002  0.183  0.004],	0,	1,	s65
11,	[ 0.002  0.002  0.006  0.005  0.494  0.006  0.006  0.006  0.027  0.004],	0,	7,	s54; s75; s48; s67; s70; s51; s58
12,	[ 0.002  0.008  0.022  0.057  0.013  0.008  0.005  0.003  0.023  0.007],	0,	1,	s63
13,	[ 0.069  0.257  0.093  0.076  0.082  0.69   0.063  0.069  0.074  0.758],	2,	1,	s3
14,	[ 0.021  0.202  0.021  0.017  0.021  0.019  0.025  0.023  0.021  0.712],	1,	11,	s21; s43; s32; s39; s26; s13; s8; s11; s33; s55; s23
15,	[ 0.016  0.126  0.016  0.011  0.014  0.014  0.019  0.018  0.017  0.665],	1,	2,	s74; s62
16,	[ 0.003  0.039  0.006  0.003  0.004  0.008  0.009  0.008  0.006  0.42 ],	0,	1,	s76
17,	[ 0.005  0.008  0.01   0.006  0.012  0.611  0.006  0.004  0.007  0.003],	0,	7,	s19; s18; s10; s14; s7; s5; s20
18,	[ 0.295  0.127  0.012  0.006  0.007  0.008  0.006  0.01   0.007  0.004],	0,	6,	s68; s69; s41; s57; s52; s66



         /3 /-4
        |
        |--5
      /2|
     |  |--6
     |  |
     |   \-7
     |
     |   /9 /-10
     |  |
-0 /1|-8|--11
     |  |
     |   \-12
     |
     |   /14/15/-16
     |-13
     |   \-17
     |
      \-18

Number of non-empty nodes in the tree: 18


id, 	 phi, 	 nChildren, 	 nGenes, 	 genes 
0,	[ 1.  1.  1.  1.  1.  1.  1.  1.  1.  1.],	1,	0,	
1,	[ 0.993  0.986  0.991  0.986  0.987  0.979  0.992  0.992  0.97   0.993],	4,	4,	s4; s2; s1; s0
2,	[ 0.499  0.434  0.5    0.442  0.098  0.085  0.831  0.782  0.081  0.091],	4,	7,	s24; s25; s28; s17; s15; s6; s30
3,	[ 0.355  0.184  0.071  0.095  0.03   0.025  0.71   0.069  0.026  0.033],	1,	2,	s37; s35
4,	[ 0.018  0.011  0.012  0.004  0.004  0.004  0.639  0.011  0.005  0.006],	0,	8,	s45; s46; s60; s47; s53; s71; s40; s73
5,	[ 0.015  0.023  0.193  0.023  0.018  0.009  0.013  0.013  0.004  0.004],	0,	1,	s49
6,	[ 0.016  0.01   0.013  0.019  0.007  0.003  0.005  0.572  0.002  0.003],	0,	7,	s42; s50; s38; s44; s56; s34; s72
7,	[ 0.022  0.038  0.027  0.088  0.002  0.01   0.014  0.017  0.008  0.005],	0,	1,	s59
8,	[ 0.06   0.255  0.091  0.088  0.066  0.693  0.051  0.067  0.076  0.753],	2,	1,	s3
9,	[ 0.02   0.205  0.025  0.022  0.018  0.018  0.019  0.015  0.021  0.71 ],	1,	11,	s21; s43; s32; s39; s26; s13; s8; s11; s33; s55; s23
10,	[ 0.016  0.124  0.019  0.014  0.015  0.013  0.015  0.011  0.016  0.661],	1,	2,	s74; s62
11,	[ 0.004  0.046  0.006  0.004  0.006  0.006  0.005  0.004  0.006  0.43 ],	0,	1,	s76
12,	[ 0.008  0.012  0.009  0.004  0.007  0.626  0.005  0.003  0.007  0.006],	0,	7,	s19; s18; s10; s14; s7; s5; s20
13,	[ 0.075  0.124  0.271  0.383  0.772  0.116  0.088  0.111  0.762  0.1  ],	3,	8,	s27; s31; s29; s12; s36; s16; s9; s22
14,	[ 0.01   0.028  0.022  0.041  0.074  0.025  0.012  0.013  0.464  0.012],	1,	2,	s61; s64
15,	[ 0.005  0.009  0.007  0.022  0.018  0.01   0.002  0.002  0.164  0.003],	0,	1,	s65
16,	[ 0.005  0.009  0.019  0.057  0.014  0.01   0.003  0.006  0.026  0.006],	0,	1,	s63
17,	[ 0.003  0.005  0.014  0.011  0.478  0.004  0.005  0.009  0.019  0.008],	0,	7,	s54; s75; s48; s67; s70; s51; s58
18,	[ 0.336  0.108  0.014  0.008  0.008  0.009  0.006  0.012  0.006  0.007],	0,	6,	s68; s69; s41; s57; s52; s66



         /3 /-4
        |
        |--5
      /2|
     |  |--6
     |  |
     |   \-7
     |
     |   /9 /10/-11
     |-8|
-0 /1|   \-12
     |
     |   /14/-15
     |  |
     |-13--16
     |  |
     |   \-17
     |
      \-18

Number of non-empty nodes in the tree: 18


id, 	 phi, 	 nChildren, 	 nGenes, 	 genes 
0,	[ 1.  1.  1.  1.  1.  1.  1.  1.  1.  1.],	1,	0,	
1,	[ 0.99   0.987  0.991  0.975  0.987  0.981  0.993  0.993  0.976  0.99 ],	4,	4,	s4; s2; s1; s0
2,	[ 0.531  0.444  0.5    0.443  0.103  0.096  0.818  0.799  0.08   0.079],	4,	7,	s24; s25; s28; s17; s15; s6; s30
3,	[ 0.382  0.186  0.078  0.083  0.031  0.029  0.689  0.07   0.023  0.022],	1,	2,	s37; s35
4,	[ 0.025  0.011  0.009  0.004  0.003  0.004  0.617  0.011  0.005  0.008],	0,	8,	s45; s46; s60; s47; s53; s71; s40; s73
5,	[ 0.016  0.018  0.184  0.027  0.02   0.004  0.013  0.015  0.003  0.007],	0,	1,	s49
6,	[ 0.015  0.015  0.012  0.01   0.006  0.003  0.003  0.583  0.003  0.003],	0,	7,	s42; s50; s38; s44; s56; s34; s72
7,	[ 0.019  0.031  0.015  0.086  0.004  0.011  0.019  0.017  0.005  0.008],	0,	1,	s59
8,	[ 0.07   0.123  0.285  0.378  0.748  0.115  0.089  0.107  0.777  0.105],	3,	8,	s27; s31; s29; s12; s36; s16; s9; s22
9,	[ 0.002  0.003  0.008  0.008  0.479  0.006  0.007  0.007  0.021  0.005],	0,	7,	s54; s75; s48; s67; s70; s51; s58
10,	[ 0.002  0.009  0.023  0.058  0.015  0.011  0.005  0.006  0.019  0.006],	0,	1,	s63
11,	[ 0.007  0.023  0.026  0.029  0.057  0.028  0.008  0.011  0.462  0.013],	1,	2,	s61; s64
12,	[ 0.003  0.008  0.013  0.013  0.012  0.014  0.002  0.003  0.177  0.003],	0,	1,	s65
13,	[ 0.068  0.256  0.095  0.083  0.085  0.696  0.06   0.066  0.075  0.765],	2,	1,	s3
14,	[ 0.017  0.201  0.024  0.019  0.02   0.022  0.023  0.02   0.018  0.718],	1,	11,	s21; s43; s32; s39; s26; s13; s8; s11; s33; s55; s23
15,	[ 0.012  0.12   0.015  0.015  0.014  0.014  0.018  0.016  0.011  0.671],	1,	2,	s74; s62
16,	[ 0.003  0.036  0.005  0.004  0.005  0.008  0.009  0.006  0.005  0.427],	0,	1,	s76
17,	[ 0.005  0.009  0.011  0.007  0.014  0.608  0.005  0.004  0.007  0.005],	0,	7,	s19; s18; s10; s14; s7; s5; s20
18,	[ 0.303  0.11   0.01   0.005  0.007  0.007  0.006  0.008  0.006  0.002],	0,	6,	s68; s69; s41; s57; s52; s66



         /3 /-4
        |
        |--5
      /2|
     |  |--6
     |  |
     |   \-7
     |
     |   /-9
     |  |
-0 /1|-8|--10
     |  |
     |   \11/-12
     |
     |   /14/15/-16
     |-13
     |   \-17
     |
      \-18

Number of non-empty nodes in the tree: 18


id, 	 phi, 	 nChildren, 	 nGenes, 	 genes 
0,	[ 1.  1.  1.  1.  1.  1.  1.  1.  1.  1.],	1,	0,	
1,	[ 0.994  0.988  0.99   0.987  0.988  0.979  0.989  0.992  0.971  0.993],	4,	4,	s4; s2; s1; s0
2,	[ 0.5    0.439  0.499  0.443  0.09   0.087  0.833  0.767  0.086  0.095],	4,	7,	s24; s25; s28; s17; s15; s6; s30
3,	[ 0.365  0.204  0.059  0.101  0.027  0.025  0.704  0.06   0.031  0.037],	1,	2,	s37; s35
4,	[ 0.021  0.009  0.009  0.004  0.002  0.006  0.633  0.01   0.005  0.008],	0,	8,	s60; s46; s45; s47; s53; s71; s40; s73
5,	[ 0.014  0.022  0.193  0.023  0.015  0.011  0.012  0.011  0.005  0.005],	0,	1,	s49
6,	[ 0.018  0.01   0.018  0.026  0.006  0.002  0.007  0.581  0.001  0.003],	0,	7,	s42; s50; s38; s44; s56; s34; s72
7,	[ 0.026  0.033  0.029  0.086  0.002  0.008  0.016  0.013  0.005  0.006],	0,	1,	s59
8,	[ 0.062  0.255  0.087  0.08   0.066  0.702  0.056  0.072  0.069  0.747],	2,	1,	s3
9,	[ 0.015  0.203  0.02   0.017  0.013  0.022  0.02   0.021  0.021  0.704],	1,	11,	s21; s43; s32; s39; s26; s13; s8; s11; s33; s55; s23
10,	[ 0.01   0.12   0.016  0.012  0.009  0.017  0.014  0.014  0.017  0.643],	1,	2,	s74; s62
11,	[ 0.003  0.044  0.006  0.006  0.003  0.005  0.005  0.006  0.007  0.414],	0,	1,	s76
12,	[ 0.008  0.016  0.008  0.003  0.01   0.63   0.006  0.003  0.005  0.005],	0,	7,	s19; s18; s10; s14; s7; s5; s20
13,	[ 0.078  0.122  0.281  0.392  0.779  0.118  0.075  0.111  0.757  0.102],	3,	8,	s27; s31; s29; s12; s36; s16; s9; s22
14,	[ 0.002  0.004  0.015  0.009  0.491  0.003  0.004  0.01   0.017  0.01 ],	0,	7,	s54; s75; s48; s67; s70; s51; s58
15,	[ 0.006  0.009  0.02   0.061  0.02   0.01   0.001  0.006  0.027  0.006],	0,	1,	s63
16,	[ 0.014  0.031  0.027  0.051  0.071  0.029  0.013  0.02   0.451  0.02 ],	1,	2,	s61; s64
17,	[ 0.009  0.009  0.009  0.023  0.017  0.01   0.003  0.006  0.155  0.004],	0,	1,	s65
18,	[ 0.331  0.116  0.014  0.011  0.01   0.007  0.005  0.013  0.008  0.006],	0,	6,	s68; s69; s41; s57; s52; s66



         /3 /-4
        |
        |--5
      /2|
     |  |--6
     |  |
     |   \-7
     |
     |   /9 /10/-11
     |-8|
-0 /1|   \-12
     |
     |   /-14
     |  |
     |-13--15
     |  |
     |   \16/-17
     |
      \-18

Number of non-empty nodes in the tree: 18


