32	37;38;42
37;38;42	37;38;42_P
1;0	11;12;14;8
11;12;14;8	11;12;14;8_M4
11;12;14;8	11;12;14;8_M1
11;12;14;8	11;12;14;8_M3
1;0	29;10;23;17;31
29;10;23;17;31	29;10;23;17;31_P
1;0	2;9;7;6;15;13
2;9;7;6;15;13	2;9;7;6;15;13_M2
1;0	3
3	3_P
GL	1;0
1;0	1;0_M4
1;0	1;0_P
1;0	1;0_M1
1;0	1;0_M3
1;0	1;0_M2
19;25	39
39	39_M1
39	39_M3
11;12;14;8	19;25
19;25	19;25_M4
19;25	19;25_P
19;25	19;25_M1
19;25	19;25_M3
19;25	19;25_M2
11;12;14;8	24;27;33
24;27;33	24;27;33_M4
24;27;33	24;27;33_M1
11;12;14;8	30;43
30;43	30;43_M4
39	40
40	40_P
40	40_M3
40	40_M4
24;27;33	35
35	35_M4
35	35_M1
29;10;23;17;31	32
32	32_P
