id, 	 phi, 	 nChildren, 	 nGenes, 	 genes 
0,	[ 1.  1.  1.  1.  1.  1.],	1,	0,	
1,	[ 0.983  0.99   0.985  0.991  0.994  0.981],	4,	2,	s1; s0
2,	[ 0.224  0.07   0.736  0.073  0.751  0.757],	3,	4,	s9; s10; s12; s6
3,	[ 0.013  0.009  0.457  0.014  0.025  0.163],	1,	3,	s17; s19; s24
4,	[ 0.005  0.005  0.268  0.005  0.016  0.051],	0,	1,	s25
5,	[ 0.192  0.037  0.237  0.044  0.694  0.351],	1,	2,	s15; s18
6,	[ 0.038  0.008  0.045  0.01   0.524  0.045],	1,	1,	s28
7,	[ 0.023  0.004  0.018  0.005  0.396  0.026],	0,	1,	s29
8,	[ 0.009  0.008  0.011  0.011  0.01   0.185],	0,	2,	s21; s31
9,	[ 0.005  0.007  0.004  0.663  0.008  0.003],	0,	6,	s2; s7; s5; s4; s13; s11
10,	[ 0.004  0.137  0.007  0.014  0.008  0.006],	0,	1,	s3
11,	[ 0.477  0.388  0.021  0.02   0.024  0.025],	1,	5,	s20; s8; s16; s14; s22
12,	[ 0.263  0.122  0.008  0.01   0.009  0.01 ],	1,	1,	s23
13,	[ 0.25   0.01   0.001  0.005  0.005  0.001],	0,	3,	s26; s27; s30



         /3 /-4
        |
      /2|-5 /6 /-7
     |  |
     |   \-8
     |
-0 /1|--9
     |
     |--10
     |
      \11/12/-13

Number of non-empty nodes in the tree: 13


id, 	 phi, 	 nChildren, 	 nGenes, 	 genes 
0,	[ 1.  1.  1.  1.  1.  1.],	1,	0,	
1,	[ 0.978  0.972  0.99   0.992  0.98   0.992],	4,	2,	s1; s0
2,	[ 0.245  0.071  0.705  0.066  0.721  0.743],	3,	4,	s9; s10; s12; s6
3,	[ 0.02   0.012  0.446  0.012  0.021  0.179],	1,	3,	s17; s19; s24
4,	[ 0.008  0.005  0.343  0.004  0.011  0.03 ],	0,	1,	s25
5,	[ 0.2    0.041  0.197  0.033  0.677  0.351],	1,	2,	s15; s18
6,	[ 0.013  0.002  0.014  0.007  0.511  0.008],	0,	2,	s28; s29
7,	[ 0.006  0.008  0.01   0.013  0.013  0.201],	0,	2,	s21; s31
8,	[ 0.003  0.006  0.006  0.643  0.005  0.006],	0,	6,	s2; s7; s5; s4; s13; s11
9,	[ 0.007  0.121  0.01   0.02   0.004  0.016],	0,	1,	s3
10,	[ 0.439  0.329  0.018  0.022  0.014  0.017],	1,	5,	s20; s8; s16; s14; s22
11,	[ 0.324  0.144  0.008  0.012  0.008  0.006],	1,	1,	s23
12,	[ 0.294  0.02   0.003  0.008  0.004  0.003],	0,	3,	s26; s27; s30



         /3 /-4
        |
      /2|-5 /-6
     |  |
     |   \-7
     |
-0 /1|--8
     |
     |--9
     |
      \10/11/-12

Number of non-empty nodes in the tree: 12


id, 	 phi, 	 nChildren, 	 nGenes, 	 genes 
0,	[ 1.  1.  1.  1.  1.  1.],	1,	0,	
1,	[ 0.988  0.975  0.992  0.988  0.993  0.985],	4,	2,	s1; s0
2,	[ 0.237  0.078  0.68   0.065  0.761  0.732],	3,	4,	s9; s10; s12; s6
3,	[ 0.011  0.004  0.014  0.004  0.016  0.189],	0,	2,	s21; s31
4,	[ 0.027  0.012  0.464  0.025  0.024  0.159],	1,	3,	s17; s19; s24
5,	[ 0.01   0.004  0.24   0.005  0.012  0.033],	0,	1,	s25
6,	[ 0.192  0.053  0.173  0.033  0.703  0.355],	1,	2,	s15; s18
7,	[ 0.02   0.006  0.006  0.002  0.466  0.022],	0,	2,	s28; s29
8,	[ 0.008  0.153  0.012  0.005  0.008  0.011],	0,	1,	s3
9,	[ 0.456  0.313  0.019  0.021  0.015  0.02 ],	1,	5,	s20; s8; s16; s14; s22
10,	[ 0.375  0.207  0.014  0.015  0.01   0.011],	1,	1,	s23
11,	[ 0.265  0.024  0.004  0.002  0.004  0.003],	0,	3,	s26; s27; s30
12,	[ 0.014  0.007  0.003  0.647  0.004  0.005],	0,	6,	s2; s7; s5; s4; s13; s11



         /-3
        |
      /2|-4 /-5
     |  |
     |   \6 /-7
     |
-0 /1|--8
     |
     |-9 /10/-11
     |
      \-12

Number of non-empty nodes in the tree: 12


id, 	 phi, 	 nChildren, 	 nGenes, 	 genes 
0,	[ 1.  1.  1.  1.  1.  1.],	1,	0,	
1,	[ 0.987  0.986  0.989  0.985  0.988  0.984],	4,	2,	s1; s0
2,	[ 0.223  0.088  0.686  0.065  0.722  0.746],	3,	4,	s9; s10; s12; s6
3,	[ 0.158  0.047  0.223  0.048  0.686  0.362],	1,	2,	s15; s18
4,	[ 0.014  0.004  0.022  0.004  0.472  0.031],	0,	2,	s28; s29
5,	[ 0.022  0.022  0.407  0.008  0.015  0.172],	1,	3,	s17; s19; s24
6,	[ 0.015  0.013  0.362  0.003  0.009  0.041],	0,	1,	s25
7,	[ 0.012  0.007  0.004  0.004  0.015  0.196],	0,	2,	s21; s31
8,	[ 0.011  0.142  0.007  0.01   0.014  0.005],	0,	1,	s3
9,	[ 0.516  0.317  0.021  0.021  0.024  0.022],	1,	3,	s16; s14; s22
10,	[ 0.473  0.298  0.014  0.018  0.02   0.015],	1,	2,	s20; s8
11,	[ 0.321  0.202  0.008  0.01   0.005  0.008],	1,	1,	s23
12,	[ 0.287  0.023  0.003  0.004  0.004  0.003],	0,	3,	s26; s27; s30
13,	[ 0.009  0.015  0.01   0.681  0.003  0.005],	0,	6,	s2; s7; s5; s4; s13; s11



         /3 /-4
        |
      /2|-5 /-6
     |  |
     |   \-7
     |
-0 /1|--8
     |
     |-9 /10/11/-12
     |
      \-13

Number of non-empty nodes in the tree: 13


id, 	 phi, 	 nChildren, 	 nGenes, 	 genes 
0,	[ 1.  1.  1.  1.  1.  1.],	1,	0,	
1,	[ 0.974  0.981  0.984  0.995  0.993  0.985],	4,	2,	s1; s0
2,	[ 0.25   0.082  0.693  0.058  0.73   0.747],	3,	4,	s9; s10; s12; s6
3,	[ 0.203  0.047  0.188  0.035  0.681  0.353],	1,	2,	s15; s18
4,	[ 0.013  0.005  0.01   0.005  0.472  0.023],	0,	2,	s28; s29
5,	[ 0.027  0.021  0.443  0.014  0.021  0.215],	1,	3,	s17; s19; s24
6,	[ 0.01   0.004  0.362  0.007  0.006  0.036],	0,	1,	s25
7,	[ 0.009  0.006  0.028  0.002  0.012  0.168],	0,	2,	s21; s31
8,	[ 0.007  0.162  0.014  0.006  0.006  0.01 ],	0,	1,	s3
9,	[ 0.471  0.334  0.024  0.035  0.031  0.033],	1,	5,	s20; s8; s16; s14; s22
10,	[ 0.341  0.145  0.016  0.017  0.01   0.022],	1,	1,	s23
11,	[ 0.258  0.019  0.001  0.005  0.003  0.003],	0,	3,	s26; s27; s30
12,	[ 0.003  0.006  0.005  0.665  0.004  0.006],	0,	6,	s2; s7; s5; s4; s13; s11



         /3 /-4
        |
      /2|-5 /-6
     |  |
     |   \-7
     |
-0 /1|--8
     |
     |-9 /10/-11
     |
      \-12

Number of non-empty nodes in the tree: 12


