97	108;109
108;109	108;109_P
108;109	108;109_M5
108;109	108;109_M4
108;109	108;109_M7
108;109	108;109_M6
108;109	108;109_M1
108;109	108;109_M3
108;109	108;109_M2
45	98;79;20;38;69;2;29;35;105;54;63;14
98;79;20;38;69;2;29;35;105;54;63;14	98;79;20;38;69;2;29;35;105;54;63;14_P
98;79;20;38;69;2;29;35;105;54;63;14	98;79;20;38;69;2;29;35;105;54;63;14_M5
98;79;20;38;69;2;29;35;105;54;63;14	98;79;20;38;69;2;29;35;105;54;63;14_M4
98;79;20;38;69;2;29;35;105;54;63;14	98;79;20;38;69;2;29;35;105;54;63;14_M7
98;79;20;38;69;2;29;35;105;54;63;14	98;79;20;38;69;2;29;35;105;54;63;14_M6
98;79;20;38;69;2;29;35;105;54;63;14	98;79;20;38;69;2;29;35;105;54;63;14_M1
98;79;20;38;69;2;29;35;105;54;63;14	98;79;20;38;69;2;29;35;105;54;63;14_M3
98;79;20;38;69;2;29;35;105;54;63;14	98;79;20;38;69;2;29;35;105;54;63;14_M2
21;16;1;9;6;83;56;60;15	84
84	84_P
84	84_M5
84	84_M4
84	84_M7
84	84_M6
84	84_M1
84	84_M3
84	84_M2
21;16;1;9;6;83;56;60;15	87
87	87_P
87	87_M5
87	87_M4
87	87_M7
87	87_M6
87	87_M1
87	87_M3
87	87_M2
0	10;7
10;7	10;7_P
10;7	10;7_M5
10;7	10;7_M4
10;7	10;7_M7
10;7	10;7_M6
10;7	10;7_M1
10;7	10;7_M3
10;7	10;7_M2
0	23;17
23;17	23;17_P
23;17	23;17_M5
23;17	23;17_M4
23;17	23;17_M7
23;17	23;17_M6
23;17	23;17_M1
23;17	23;17_M3
23;17	23;17_M2
0	45
45	45_P
45	45_M5
45	45_M4
45	45_M7
45	45_M6
45	45_M1
45	45_M3
45	45_M2
0	21;16;1;9;6;83;56;60;15
21;16;1;9;6;83;56;60;15	21;16;1;9;6;83;56;60;15_P
21;16;1;9;6;83;56;60;15	21;16;1;9;6;83;56;60;15_M5
21;16;1;9;6;83;56;60;15	21;16;1;9;6;83;56;60;15_M4
21;16;1;9;6;83;56;60;15	21;16;1;9;6;83;56;60;15_M7
21;16;1;9;6;83;56;60;15	21;16;1;9;6;83;56;60;15_M6
21;16;1;9;6;83;56;60;15	21;16;1;9;6;83;56;60;15_M1
21;16;1;9;6;83;56;60;15	21;16;1;9;6;83;56;60;15_M3
21;16;1;9;6;83;56;60;15	21;16;1;9;6;83;56;60;15_M2
GL	0
0	0_P
0	0_M5
0	0_M4
0	0_M7
0	0_M6
0	0_M1
0	0_M3
0	0_M2
10;7	73;74;53;47;34;94;92;51;91
73;74;53;47;34;94;92;51;91	73;74;53;47;34;94;92;51;91_P
73;74;53;47;34;94;92;51;91	73;74;53;47;34;94;92;51;91_M5
73;74;53;47;34;94;92;51;91	73;74;53;47;34;94;92;51;91_M4
73;74;53;47;34;94;92;51;91	73;74;53;47;34;94;92;51;91_M7
73;74;53;47;34;94;92;51;91	73;74;53;47;34;94;92;51;91_M6
73;74;53;47;34;94;92;51;91	73;74;53;47;34;94;92;51;91_M1
73;74;53;47;34;94;92;51;91	73;74;53;47;34;94;92;51;91_M3
73;74;53;47;34;94;92;51;91	73;74;53;47;34;94;92;51;91_M2
10;7	13;12;11;3;8;24;26;33;22
13;12;11;3;8;24;26;33;22	13;12;11;3;8;24;26;33;22_P
13;12;11;3;8;24;26;33;22	13;12;11;3;8;24;26;33;22_M5
13;12;11;3;8;24;26;33;22	13;12;11;3;8;24;26;33;22_M4
13;12;11;3;8;24;26;33;22	13;12;11;3;8;24;26;33;22_M7
13;12;11;3;8;24;26;33;22	13;12;11;3;8;24;26;33;22_M6
13;12;11;3;8;24;26;33;22	13;12;11;3;8;24;26;33;22_M1
13;12;11;3;8;24;26;33;22	13;12;11;3;8;24;26;33;22_M3
13;12;11;3;8;24;26;33;22	13;12;11;3;8;24;26;33;22_M2
10;7	57;52
57;52	57;52_P
57;52	57;52_M5
57;52	57;52_M4
57;52	57;52_M7
57;52	57;52_M6
57;52	57;52_M1
57;52	57;52_M3
57;52	57;52_M2
10;7	72
72	72_P
72	72_M5
72	72_M4
72	72_M7
72	72_M6
72	72_M1
72	72_M3
72	72_M2
10;7	75
75	75_P
75	75_M5
75	75_M4
75	75_M7
75	75_M6
75	75_M1
75	75_M3
75	75_M2
55;64;31;43	97
97	97_P
97	97_M5
97	97_M4
97	97_M7
97	97_M6
97	97_M1
97	97_M3
97	97_M2
23;17	55;64;31;43
55;64;31;43	55;64;31;43_P
55;64;31;43	55;64;31;43_M5
55;64;31;43	55;64;31;43_M4
55;64;31;43	55;64;31;43_M7
55;64;31;43	55;64;31;43_M6
55;64;31;43	55;64;31;43_M1
55;64;31;43	55;64;31;43_M3
55;64;31;43	55;64;31;43_M2
