97	108;109
108;109	108;109_M7
45	98;79;20;38;69;2;29;35;105;54;63;14
98;79;20;38;69;2;29;35;105;54;63;14	98;79;20;38;69;2;29;35;105;54;63;14_M6
21;16;1;9;6;83;56;60;15	84
84	84_P
21;16;1;9;6;83;56;60;15	87
87	87_P
0	10;7
10;7	10;7_P
10;7	10;7_M5
10;7	10;7_M4
10;7	10;7_M7
10;7	10;7_M6
10;7	10;7_M1
10;7	10;7_M3
10;7	10;7_M2
0	23;17
0	45
45	45_P
45	45_M5
45	45_M4
45	45_M7
45	45_M6
45	45_M1
45	45_M3
45	45_M2
0	21;16;1;9;6;83;56;60;15
21;16;1;9;6;83;56;60;15	21;16;1;9;6;83;56;60;15_P
GL	0
0	0_P
0	0_M5
0	0_M4
0	0_M7
0	0_M6
0	0_M1
0	0_M3
0	0_M2
10;7	73;74;53;47;34;94;92;51;91
73;74;53;47;34;94;92;51;91	73;74;53;47;34;94;92;51;91_M5
10;7	13;12;11;3;8;24;26;33;22
13;12;11;3;8;24;26;33;22	13;12;11;3;8;24;26;33;22_M2
10;7	57;52
57;52	57;52_M3
10;7	72
72	72_M4
10;7	75
55;64;31;43	97
97	97_M7
97	97_M1
23;17	55;64;31;43
55;64;31;43	55;64;31;43_M5
55;64;31;43	55;64;31;43_M7
55;64;31;43	55;64;31;43_M6
55;64;31;43	55;64;31;43_M1
55;64;31;43	55;64;31;43_M2
