id, 	 phi, 	 nChildren, 	 nGenes, 	 genes 
0,	[ 1.  1.  1.  1.  1.  1.  1.  1.  1.],	1,	0,	
1,	[ 0.988  0.995  0.985  0.98   0.987  0.991  0.979  0.989  0.994],	4,	1,	s0
2,	[ 0.3    0.242  0.38   0.599  0.594  0.677  0.668  0.419  0.383],	5,	2,	s8; s5
3,	[ 0.01   0.004  0.015  0.005  0.123  0.021  0.004  0.006  0.007],	0,	2,	s37; s32
4,	[ 0.005  0.006  0.005  0.011  0.019  0.112  0.011  0.006  0.008],	0,	1,	s42
5,	[ 0.006  0.005  0.013  0.012  0.015  0.034  0.013  0.014  0.011],	0,	1,	s45
6,	[ 0.003  0.006  0.011  0.009  0.002  0.013  0.364  0.007  0.006],	0,	9,	s43; s44; s33; s30; s25; s52; s51; s31; s50
7,	[ 0.008  0.005  0.012  0.241  0.006  0.008  0.006  0.006  0.007],	0,	9,	s11; s10; s9; s3; s6; s20; s21; s24; s18
8,	[ 0.091  0.068  0.452  0.109  0.068  0.092  0.168  0.076  0.46 ],	1,	2,	s19; s15
9,	[ 0.051  0.046  0.428  0.098  0.058  0.065  0.123  0.061  0.435],	1,	4,	s35; s40; s23; s28
10,	[ 0.01   0.013  0.142  0.015  0.014  0.015  0.022  0.01   0.304],	1,	1,	s53
11,	[ 0.003  0.007  0.011  0.008  0.007  0.004  0.006  0.005  0.109],	0,	2,	s56; s57
12,	[ 0.42   0.554  0.024  0.055  0.027  0.032  0.024  0.024  0.03 ],	2,	9,	s17; s14; s1; s7; s4; s47; s36; s38; s13
13,	[ 0.139  0.303  0.005  0.009  0.009  0.008  0.005  0.003  0.005],	0,	1,	s48
14,	[ 0.098  0.091  0.002  0.012  0.005  0.007  0.007  0.006  0.007],	0,	1,	s49
15,	[ 0.095  0.062  0.078  0.136  0.214  0.117  0.059  0.411  0.07 ],	1,	1,	s29
16,	[ 0.002  0.004  0.006  0.007  0.007  0.005  0.003  0.3    0.006],	0,	12,	s54; s46; s16; s27; s41; s2; s22; s26; s55; s34; s39; s12



         /-3
        |
        |--4
        |
      /2|--5
     |  |
     |  |--6
     |  |
     |   \-7
     |
-0 /1|-8 /9 /10/-11
     |
     |   /-13
     |-12
     |   \-14
     |
      \15/-16

Number of non-empty nodes in the tree: 16


id, 	 phi, 	 nChildren, 	 nGenes, 	 genes 
0,	[ 1.  1.  1.  1.  1.  1.  1.  1.  1.],	1,	0,	
1,	[ 0.996  0.973  0.996  0.981  0.988  0.991  0.991  0.989  0.997],	4,	1,	s0
2,	[ 0.348  0.23   0.434  0.631  0.64   0.686  0.715  0.431  0.413],	4,	2,	s8; s5
3,	[ 0.049  0.026  0.061  0.059  0.059  0.195  0.033  0.052  0.054],	1,	1,	s42
4,	[ 0.008  0.004  0.014  0.012  0.008  0.057  0.005  0.003  0.006],	0,	1,	s45
5,	[ 0.004  0.006  0.006  0.02   0.112  0.015  0.005  0.01   0.011],	0,	2,	s37; s32
6,	[ 0.009  0.001  0.009  0.233  0.005  0.004  0.007  0.013  0.006],	0,	9,	s11; s10; s9; s3; s6; s20; s21; s24; s18
7,	[ 0.007  0.005  0.003  0.005  0.013  0.005  0.364  0.005  0.005],	0,	9,	s43; s44; s33; s30; s25; s52; s51; s31; s50
8,	[ 0.362  0.551  0.02   0.044  0.022  0.018  0.011  0.02   0.02 ],	1,	9,	s17; s14; s1; s7; s4; s47; s36; s38; s13
9,	[ 0.084  0.294  0.006  0.018  0.01   0.007  0.004  0.007  0.008],	1,	1,	s48
10,	[ 0.051  0.204  0.003  0.009  0.006  0.004  0.002  0.002  0.004],	0,	1,	s49
11,	[ 0.071  0.065  0.385  0.077  0.065  0.09   0.163  0.055  0.43 ],	1,	2,	s19; s15
12,	[ 0.045  0.041  0.353  0.042  0.038  0.057  0.074  0.038  0.413],	1,	4,	s35; s40; s23; s28
13,	[ 0.028  0.022  0.19   0.031  0.029  0.036  0.043  0.026  0.353],	1,	1,	s53
14,	[ 0.012  0.009  0.044  0.013  0.007  0.018  0.017  0.011  0.139],	1,	1,	s57
15,	[ 0.005  0.005  0.013  0.008  0.003  0.01   0.012  0.004  0.078],	0,	1,	s56
16,	[ 0.078  0.057  0.07   0.103  0.132  0.082  0.052  0.382  0.058],	1,	1,	s29
17,	[ 0.01   0.003  0.006  0.008  0.008  0.007  0.005  0.295  0.004],	0,	12,	s54; s46; s16; s27; s41; s2; s22; s26; s55; s34; s39; s12



         /3 /-4
        |
        |--5
      /2|
     |  |--6
     |  |
     |   \-7
-0 /1|
     |-8 /9 /-10
     |
     |-11/12/13/14/-15
     |
      \16/-17

Number of non-empty nodes in the tree: 17


id, 	 phi, 	 nChildren, 	 nGenes, 	 genes 
0,	[ 1.  1.  1.  1.  1.  1.  1.  1.  1.],	1,	0,	
1,	[ 0.996  0.976  0.995  0.979  0.988  0.992  0.99   0.99   0.995],	4,	1,	s0
2,	[ 0.336  0.249  0.432  0.615  0.629  0.693  0.693  0.419  0.416],	4,	2,	s8; s5
3,	[ 0.004  0.004  0.009  0.02   0.109  0.018  0.004  0.009  0.007],	0,	2,	s37; s32
4,	[ 0.048  0.023  0.074  0.052  0.05   0.204  0.035  0.053  0.053],	1,	1,	s42
5,	[ 0.01   0.004  0.016  0.006  0.003  0.058  0.006  0.004  0.008],	0,	1,	s45
6,	[ 0.004  0.007  0.004  0.007  0.01   0.005  0.364  0.005  0.006],	0,	9,	s43; s44; s33; s30; s25; s52; s51; s31; s50
7,	[ 0.007  0.004  0.008  0.227  0.01   0.005  0.005  0.008  0.005],	0,	9,	s11; s10; s9; s3; s6; s20; s21; s24; s18
8,	[ 0.066  0.077  0.392  0.085  0.072  0.082  0.172  0.068  0.428],	1,	2,	s19; s15
9,	[ 0.044  0.048  0.353  0.052  0.044  0.049  0.071  0.049  0.407],	1,	4,	s35; s40; s23; s28
10,	[ 0.027  0.028  0.178  0.036  0.027  0.033  0.043  0.03   0.351],	1,	1,	s53
11,	[ 0.014  0.008  0.037  0.013  0.008  0.016  0.016  0.01   0.135],	1,	1,	s57
12,	[ 0.008  0.006  0.014  0.009  0.005  0.01   0.012  0.003  0.082],	0,	1,	s56
13,	[ 0.388  0.537  0.018  0.041  0.023  0.017  0.013  0.021  0.02 ],	1,	9,	s17; s14; s1; s7; s4; s47; s36; s38; s13
14,	[ 0.091  0.282  0.004  0.017  0.01   0.005  0.005  0.009  0.004],	0,	2,	s49; s48
15,	[ 0.098  0.061  0.091  0.112  0.16   0.098  0.063  0.39   0.062],	1,	1,	s29
16,	[ 0.008  0.003  0.008  0.009  0.006  0.004  0.006  0.292  0.004],	0,	12,	s54; s46; s16; s27; s41; s2; s22; s26; s55; s34; s39; s12



         /-3
        |
        |-4 /-5
      /2|
     |  |--6
     |  |
     |   \-7
-0 /1|
     |-8 /9 /10/11/-12
     |
     |-13/-14
     |
      \15/-16

Number of non-empty nodes in the tree: 16


id, 	 phi, 	 nChildren, 	 nGenes, 	 genes 
0,	[ 1.  1.  1.  1.  1.  1.  1.  1.  1.],	1,	0,	
1,	[ 0.995  0.981  0.995  0.978  0.992  0.987  0.987  0.994  0.995],	4,	1,	s0
2,	[ 0.375  0.258  0.456  0.627  0.671  0.712  0.693  0.443  0.401],	4,	2,	s8; s5
3,	[ 0.042  0.029  0.076  0.045  0.054  0.188  0.035  0.055  0.057],	1,	1,	s42
4,	[ 0.006  0.004  0.019  0.008  0.013  0.053  0.006  0.01   0.006],	0,	1,	s45
5,	[ 0.008  0.003  0.008  0.012  0.135  0.013  0.006  0.009  0.005],	0,	2,	s37; s32
6,	[ 0.002  0.01   0.011  0.004  0.009  0.004  0.363  0.011  0.008],	0,	9,	s43; s44; s33; s30; s25; s52; s51; s31; s50
7,	[ 0.007  0.006  0.004  0.234  0.007  0.01   0.006  0.014  0.006],	0,	9,	s11; s10; s9; s3; s6; s20; s21; s24; s18
8,	[ 0.067  0.062  0.354  0.081  0.055  0.071  0.163  0.059  0.444],	1,	2,	s19; s15
9,	[ 0.039  0.036  0.327  0.052  0.036  0.039  0.087  0.045  0.422],	1,	4,	s35; s40; s23; s28
10,	[ 0.023  0.019  0.155  0.037  0.021  0.026  0.048  0.021  0.354],	1,	1,	s53
11,	[ 0.009  0.003  0.024  0.008  0.005  0.006  0.009  0.001  0.13 ],	0,	2,	s56; s57
12,	[ 0.368  0.543  0.025  0.044  0.028  0.017  0.019  0.023  0.017],	1,	9,	s17; s14; s1; s7; s4; s47; s36; s38; s13
13,	[ 0.078  0.285  0.003  0.013  0.004  0.003  0.008  0.01   0.002],	0,	2,	s49; s48
14,	[ 0.074  0.061  0.072  0.097  0.135  0.086  0.053  0.386  0.051],	1,	1,	s29
15,	[ 0.007  0.006  0.003  0.004  0.005  0.007  0.003  0.292  0.004],	0,	12,	s54; s46; s16; s27; s41; s2; s22; s26; s55; s34; s39; s12



         /3 /-4
        |
        |--5
      /2|
     |  |--6
     |  |
     |   \-7
-0 /1|
     |-8 /9 /10/-11
     |
     |-12/-13
     |
      \14/-15

Number of non-empty nodes in the tree: 15


id, 	 phi, 	 nChildren, 	 nGenes, 	 genes 
0,	[ 1.  1.  1.  1.  1.  1.  1.  1.  1.],	1,	0,	
1,	[ 0.993  0.994  0.983  0.982  0.982  0.992  0.981  0.986  0.995],	4,	1,	s0
2,	[ 0.28   0.234  0.391  0.57   0.589  0.684  0.634  0.405  0.376],	5,	2,	s8; s5
3,	[ 0.006  0.004  0.006  0.014  0.019  0.112  0.008  0.01   0.011],	0,	1,	s42
4,	[ 0.005  0.003  0.011  0.004  0.119  0.023  0.007  0.009  0.007],	0,	2,	s37; s32
5,	[ 0.008  0.006  0.019  0.013  0.012  0.027  0.008  0.016  0.008],	0,	1,	s45
6,	[ 0.003  0.008  0.009  0.008  0.013  0.007  0.359  0.004  0.007],	0,	9,	s43; s44; s33; s30; s25; s52; s51; s31; s50
7,	[ 0.005  0.003  0.012  0.232  0.005  0.005  0.002  0.004  0.007],	0,	9,	s11; s10; s9; s3; s6; s20; s21; s24; s18
8,	[ 0.429  0.566  0.021  0.058  0.033  0.028  0.034  0.036  0.03 ],	2,	9,	s17; s14; s1; s7; s4; s47; s36; s38; s13
9,	[ 0.132  0.321  0.003  0.011  0.01   0.006  0.006  0.002  0.005],	0,	1,	s48
10,	[ 0.103  0.083  0.004  0.012  0.005  0.009  0.01   0.011  0.004],	0,	1,	s49
11,	[ 0.081  0.063  0.408  0.116  0.075  0.088  0.18   0.069  0.455],	1,	2,	s19; s15
12,	[ 0.045  0.043  0.389  0.099  0.065  0.061  0.126  0.057  0.434],	1,	4,	s35; s40; s23; s28
13,	[ 0.011  0.009  0.122  0.02   0.016  0.015  0.028  0.015  0.323],	1,	1,	s53
14,	[ 0.005  0.007  0.01   0.012  0.006  0.006  0.005  0.006  0.139],	0,	2,	s56; s57
15,	[ 0.113  0.068  0.093  0.146  0.199  0.113  0.066  0.413  0.084],	1,	1,	s29
16,	[ 0.007  0.003  0.003  0.008  0.011  0.003  0.004  0.301  0.011],	0,	12,	s54; s46; s16; s27; s41; s2; s22; s26; s55; s34; s39; s12



         /-3
        |
        |--4
        |
      /2|--5
     |  |
     |  |--6
     |  |
     |   \-7
     |
-0 /1|   /-9
     |-8|
     |   \-10
     |
     |-11/12/13/-14
     |
      \15/-16

Number of non-empty nodes in the tree: 16


