75;81	96;99;103;100
96;99;103;100	96;99;103;100_M5
22;4;19;0	29;28;24
29;28;24	29;28;24_P
29;28;24	29;28;24_M5
29;28;24	29;28;24_M4
29;28;24	29;28;24_M7
29;28;24	29;28;24_M6
29;28;24	29;28;24_M1
29;28;24	29;28;24_M3
29;28;24	29;28;24_M2
29;28;24	29;28;24_M8
22;4;19;0	59;36;86;31;37;50;58;47;27
59;36;86;31;37;50;58;47;27	59;36;86;31;37;50;58;47;27_P
22;4;19;0	75;81
75;81	75;81_M4
75;81	75;81_P
75;81	75;81_M5
75;81	75;81_M3
75;81	75;81_M2
22;4;19;0	84;91;77;90
84;91;77;90	84;91;77;90_M8
22;4;19;0	21;20;15;5;10;51;44;42
21;20;15;5;10;51;44;42	21;20;15;5;10;51;44;42_M1
22;4;19;0	68;25
68;25	68;25_M3
22;4;19;0	53;49;18;16;23;2;12;9;8;32;35
53;49;18;16;23;2;12;9;8;32;35	53;49;18;16;23;2;12;9;8;32;35_M2
GL	22;4;19;0
22;4;19;0	22;4;19;0_P
22;4;19;0	22;4;19;0_M5
22;4;19;0	22;4;19;0_M4
22;4;19;0	22;4;19;0_M7
22;4;19;0	22;4;19;0_M6
22;4;19;0	22;4;19;0_M1
22;4;19;0	22;4;19;0_M3
22;4;19;0	22;4;19;0_M2
22;4;19;0	22;4;19;0_M8
40	80
80	80_P
80	80_M5
80	80_M4
80	80_M7
80	80_M6
80	80_M1
80	80_M3
80	80_M2
80	80_M8
29;28;24	40
40	40_P
40	40_M5
40	40_M4
40	40_M7
40	40_M3
40	40_M2
40	40_M8
29;28;24	56;61;79;48;82
56;61;79;48;82	56;61;79;48;82_M6
29;28;24	87;54;57;43;41
87;54;57;43;41	87;54;57;43;41_M4
80	66;102;78;89
66;102;78;89	66;102;78;89_M7
59;36;86;31;37;50;58;47;27	63;64
63;64	63;64_P
