75;81	96;99;103;100
96;99;103;100	96;99;103;100_P
96;99;103;100	96;99;103;100_M5
96;99;103;100	96;99;103;100_M4
96;99;103;100	96;99;103;100_M7
96;99;103;100	96;99;103;100_M6
96;99;103;100	96;99;103;100_M1
96;99;103;100	96;99;103;100_M3
96;99;103;100	96;99;103;100_M2
96;99;103;100	96;99;103;100_M8
22;4;19;0	29;28;24
29;28;24	29;28;24_P
29;28;24	29;28;24_M5
29;28;24	29;28;24_M4
29;28;24	29;28;24_M7
29;28;24	29;28;24_M6
29;28;24	29;28;24_M1
29;28;24	29;28;24_M3
29;28;24	29;28;24_M2
29;28;24	29;28;24_M8
22;4;19;0	59;36;86;31;37;50;58;47;27
59;36;86;31;37;50;58;47;27	59;36;86;31;37;50;58;47;27_P
59;36;86;31;37;50;58;47;27	59;36;86;31;37;50;58;47;27_M5
59;36;86;31;37;50;58;47;27	59;36;86;31;37;50;58;47;27_M4
59;36;86;31;37;50;58;47;27	59;36;86;31;37;50;58;47;27_M7
59;36;86;31;37;50;58;47;27	59;36;86;31;37;50;58;47;27_M6
59;36;86;31;37;50;58;47;27	59;36;86;31;37;50;58;47;27_M1
59;36;86;31;37;50;58;47;27	59;36;86;31;37;50;58;47;27_M3
59;36;86;31;37;50;58;47;27	59;36;86;31;37;50;58;47;27_M2
59;36;86;31;37;50;58;47;27	59;36;86;31;37;50;58;47;27_M8
22;4;19;0	75;81
75;81	75;81_P
75;81	75;81_M5
75;81	75;81_M4
75;81	75;81_M7
75;81	75;81_M6
75;81	75;81_M1
75;81	75;81_M3
75;81	75;81_M2
75;81	75;81_M8
22;4;19;0	84;91;77;90
84;91;77;90	84;91;77;90_P
84;91;77;90	84;91;77;90_M5
84;91;77;90	84;91;77;90_M4
84;91;77;90	84;91;77;90_M7
84;91;77;90	84;91;77;90_M6
84;91;77;90	84;91;77;90_M1
84;91;77;90	84;91;77;90_M3
84;91;77;90	84;91;77;90_M2
84;91;77;90	84;91;77;90_M8
22;4;19;0	21;20;15;5;10;51;44;42
21;20;15;5;10;51;44;42	21;20;15;5;10;51;44;42_P
21;20;15;5;10;51;44;42	21;20;15;5;10;51;44;42_M5
21;20;15;5;10;51;44;42	21;20;15;5;10;51;44;42_M4
21;20;15;5;10;51;44;42	21;20;15;5;10;51;44;42_M7
21;20;15;5;10;51;44;42	21;20;15;5;10;51;44;42_M6
21;20;15;5;10;51;44;42	21;20;15;5;10;51;44;42_M1
21;20;15;5;10;51;44;42	21;20;15;5;10;51;44;42_M3
21;20;15;5;10;51;44;42	21;20;15;5;10;51;44;42_M2
21;20;15;5;10;51;44;42	21;20;15;5;10;51;44;42_M8
22;4;19;0	68;25
68;25	68;25_P
68;25	68;25_M5
68;25	68;25_M4
68;25	68;25_M7
68;25	68;25_M6
68;25	68;25_M1
68;25	68;25_M3
68;25	68;25_M2
68;25	68;25_M8
22;4;19;0	53;49;18;16;23;2;12;9;8;32;35
53;49;18;16;23;2;12;9;8;32;35	53;49;18;16;23;2;12;9;8;32;35_P
53;49;18;16;23;2;12;9;8;32;35	53;49;18;16;23;2;12;9;8;32;35_M5
53;49;18;16;23;2;12;9;8;32;35	53;49;18;16;23;2;12;9;8;32;35_M4
53;49;18;16;23;2;12;9;8;32;35	53;49;18;16;23;2;12;9;8;32;35_M7
53;49;18;16;23;2;12;9;8;32;35	53;49;18;16;23;2;12;9;8;32;35_M6
53;49;18;16;23;2;12;9;8;32;35	53;49;18;16;23;2;12;9;8;32;35_M1
53;49;18;16;23;2;12;9;8;32;35	53;49;18;16;23;2;12;9;8;32;35_M3
53;49;18;16;23;2;12;9;8;32;35	53;49;18;16;23;2;12;9;8;32;35_M2
53;49;18;16;23;2;12;9;8;32;35	53;49;18;16;23;2;12;9;8;32;35_M8
GL	22;4;19;0
22;4;19;0	22;4;19;0_P
22;4;19;0	22;4;19;0_M5
22;4;19;0	22;4;19;0_M4
22;4;19;0	22;4;19;0_M7
22;4;19;0	22;4;19;0_M6
22;4;19;0	22;4;19;0_M1
22;4;19;0	22;4;19;0_M3
22;4;19;0	22;4;19;0_M2
22;4;19;0	22;4;19;0_M8
40	80
80	80_P
80	80_M5
80	80_M4
80	80_M7
80	80_M6
80	80_M1
80	80_M3
80	80_M2
80	80_M8
29;28;24	40
40	40_P
40	40_M5
40	40_M4
40	40_M7
40	40_M6
40	40_M1
40	40_M3
40	40_M2
40	40_M8
29;28;24	56;61;79;48;82
56;61;79;48;82	56;61;79;48;82_P
56;61;79;48;82	56;61;79;48;82_M5
56;61;79;48;82	56;61;79;48;82_M4
56;61;79;48;82	56;61;79;48;82_M7
56;61;79;48;82	56;61;79;48;82_M6
56;61;79;48;82	56;61;79;48;82_M1
56;61;79;48;82	56;61;79;48;82_M3
56;61;79;48;82	56;61;79;48;82_M2
56;61;79;48;82	56;61;79;48;82_M8
29;28;24	87;54;57;43;41
87;54;57;43;41	87;54;57;43;41_P
87;54;57;43;41	87;54;57;43;41_M5
87;54;57;43;41	87;54;57;43;41_M4
87;54;57;43;41	87;54;57;43;41_M7
87;54;57;43;41	87;54;57;43;41_M6
87;54;57;43;41	87;54;57;43;41_M1
87;54;57;43;41	87;54;57;43;41_M3
87;54;57;43;41	87;54;57;43;41_M2
87;54;57;43;41	87;54;57;43;41_M8
80	66;102;78;89
66;102;78;89	66;102;78;89_P
66;102;78;89	66;102;78;89_M5
66;102;78;89	66;102;78;89_M4
66;102;78;89	66;102;78;89_M7
66;102;78;89	66;102;78;89_M6
66;102;78;89	66;102;78;89_M1
66;102;78;89	66;102;78;89_M3
66;102;78;89	66;102;78;89_M2
66;102;78;89	66;102;78;89_M8
59;36;86;31;37;50;58;47;27	63;64
63;64	63;64_P
63;64	63;64_M5
63;64	63;64_M4
63;64	63;64_M7
63;64	63;64_M6
63;64	63;64_M1
63;64	63;64_M3
63;64	63;64_M2
63;64	63;64_M8
