id, 	 phi, 	 nChildren, 	 nGenes, 	 genes 
0,	[ 1.  1.  1.  1.  1.  1.  1.  1.  1.  1.],	1,	0,	
1,	[ 0.991  0.99   0.983  0.975  0.995  0.991  0.995  0.993  0.996  0.992],	7,	4,	s14; s2; s11; s0
2,	[ 0.17   0.219  0.253  0.248  0.261  0.535  0.412  0.597  0.483  0.248],	3,	3,	s20; s19; s16
3,	[ 0.007  0.008  0.005  0.009  0.003  0.009  0.006  0.329  0.006  0.014],	0,	5,	s38; s42; s50; s32; s53
4,	[ 0.048  0.073  0.07   0.081  0.071  0.108  0.13   0.053  0.262  0.072],	1,	1,	s26
5,	[ 0.031  0.052  0.051  0.054  0.048  0.077  0.075  0.037  0.232  0.045],	1,	1,	s51
6,	[ 0.005  0.008  0.005  0.012  0.006  0.009  0.012  0.012  0.078  0.008],	0,	4,	s45; s63; s49; s57
7,	[ 0.004  0.004  0.007  0.008  0.013  0.219  0.013  0.008  0.01   0.005],	0,	5,	s56; s37; s39; s29; s27
8,	[ 0.008  0.012  0.014  0.012  0.101  0.009  0.007  0.007  0.012  0.005],	0,	2,	s46; s17
9,	[ 0.009  0.006  0.004  0.131  0.007  0.006  0.002  0.007  0.002  0.004],	0,	11,	s36; s33; s10; s9; s15; s1; s7; s5; s4; s22; s23
10,	[ 0.012  0.006  0.01   0.009  0.004  0.007  0.008  0.008  0.004  0.283],	0,	4,	s54; s59; s48; s58
11,	[ 0.002  0.008  0.266  0.008  0.008  0.004  0.003  0.004  0.011  0.002],	0,	8,	s13; s12; s8; s3; s6; s35; s30; s28
12,	[ 0.285  0.225  0.009  0.01   0.011  0.009  0.012  0.006  0.008  0.005],	1,	9,	s41; s24; s55; s21; s25; s34; s40; s31; s18
13,	[ 0.267  0.213  0.006  0.005  0.005  0.006  0.006  0.003  0.001  0.003],	0,	2,	s43; s44
14,	[ 0.036  0.026  0.017  0.033  0.038  0.032  0.164  0.018  0.017  0.018],	1,	2,	s47; s52
15,	[ 0.008  0.004  0.005  0.004  0.014  0.004  0.094  0.008  0.005  0.005],	0,	4,	s60; s61; s64; s62



         /-3
        |
      /2|-4 /5 /-6
     |  |
     |   \-7
     |
     |--8
     |
     |--9
-0 /1|
     |--10
     |
     |--11
     |
     |-12/-13
     |
      \14/-15

Number of non-empty nodes in the tree: 15


id, 	 phi, 	 nChildren, 	 nGenes, 	 genes 
0,	[ 1.  1.  1.  1.  1.  1.  1.  1.  1.  1.],	1,	0,	
1,	[ 0.979  0.997  0.986  0.989  0.995  0.995  0.996  0.99   0.991  0.994],	7,	4,	s14; s2; s11; s0
2,	[ 0.02   0.018  0.022  0.034  0.023  0.035  0.166  0.019  0.022  0.021],	1,	2,	s47; s52
3,	[ 0.004  0.005  0.005  0.013  0.005  0.012  0.117  0.01   0.009  0.008],	0,	4,	s60; s61; s64; s62
4,	[ 0.19   0.204  0.248  0.234  0.223  0.537  0.419  0.55   0.545  0.189],	3,	3,	s20; s19; s16
5,	[ 0.054  0.049  0.073  0.073  0.049  0.133  0.145  0.073  0.288  0.066],	1,	1,	s26
6,	[ 0.029  0.028  0.038  0.036  0.027  0.087  0.07   0.04   0.24   0.041],	1,	1,	s51
7,	[ 0.002  0.003  0.005  0.005  0.003  0.014  0.013  0.007  0.091  0.009],	0,	4,	s45; s63; s49; s57
8,	[ 0.003  0.007  0.005  0.003  0.016  0.226  0.015  0.009  0.011  0.007],	0,	5,	s56; s37; s39; s29; s27
9,	[ 0.004  0.006  0.006  0.011  0.008  0.004  0.014  0.309  0.003  0.003],	0,	5,	s38; s42; s50; s32; s53
10,	[ 0.009  0.006  0.011  0.006  0.008  0.006  0.009  0.005  0.005  0.286],	0,	4,	s54; s59; s48; s58
11,	[ 0.003  0.004  0.241  0.006  0.009  0.005  0.001  0.005  0.01   0.01 ],	0,	8,	s13; s12; s8; s3; s6; s35; s30; s28
12,	[ 0.286  0.236  0.026  0.021  0.019  0.015  0.014  0.022  0.011  0.016],	1,	8,	s41; s24; s55; s21; s34; s40; s31; s18
13,	[ 0.194  0.147  0.011  0.01   0.006  0.002  0.007  0.007  0.003  0.004],	0,	3,	s43; s44; s25
14,	[ 0.013  0.017  0.011  0.005  0.112  0.009  0.005  0.011  0.017  0.008],	0,	2,	s46; s17
15,	[ 0.006  0.006  0.006  0.133  0.015  0.006  0.002  0.007  0.004  0.005],	0,	11,	s36; s33; s10; s9; s15; s1; s7; s5; s4; s22; s23



      /2 /-3
     |
     |   /5 /6 /-7
     |  |
     |-4|--8
     |  |
     |   \-9
     |
-0 /1|--10
     |
     |--11
     |
     |-12/-13
     |
     |--14
     |
      \-15

Number of non-empty nodes in the tree: 15


id, 	 phi, 	 nChildren, 	 nGenes, 	 genes 
0,	[ 1.  1.  1.  1.  1.  1.  1.  1.  1.  1.],	1,	0,	
1,	[ 0.989  0.986  0.991  0.983  0.989  0.994  0.993  0.995  0.994  0.995],	8,	4,	s14; s2; s11; s0
2,	[ 0.024  0.027  0.025  0.03   0.034  0.012  0.157  0.038  0.03   0.021],	1,	2,	s47; s52
3,	[ 0.007  0.007  0.005  0.016  0.015  0.005  0.113  0.007  0.013  0.004],	0,	4,	s60; s61; s64; s62
4,	[ 0.188  0.239  0.247  0.236  0.259  0.574  0.385  0.539  0.485  0.206],	3,	3,	s20; s19; s16
5,	[ 0.003  0.007  0.009  0.005  0.007  0.004  0.011  0.265  0.007  0.001],	0,	5,	s38; s42; s50; s32; s53
6,	[ 0.008  0.002  0.008  0.009  0.011  0.267  0.007  0.019  0.011  0.014],	0,	5,	s56; s37; s39; s29; s27
7,	[ 0.067  0.05   0.062  0.073  0.069  0.099  0.105  0.074  0.251  0.056],	1,	1,	s26
8,	[ 0.044  0.022  0.034  0.037  0.043  0.059  0.075  0.044  0.21   0.029],	1,	1,	s51
9,	[ 0.007  0.002  0.01   0.005  0.007  0.015  0.009  0.006  0.093  0.005],	0,	3,	s45; s57; s63
10,	[ 0.291  0.2    0.003  0.006  0.009  0.004  0.005  0.004  0.007  0.005],	0,	11,	s43; s44; s41; s24; s55; s21; s25; s34; s40; s31; s18
11,	[ 0.008  0.012  0.005  0.006  0.014  0.006  0.003  0.01   0.013  0.282],	0,	4,	s54; s59; s48; s58
12,	[ 0.013  0.007  0.009  0.004  0.012  0.004  0.006  0.016  0.009  0.016],	0,	1,	s49
13,	[ 0.002  0.005  0.245  0.004  0.005  0.004  0.004  0.011  0.009  0.005],	0,	8,	s13; s12; s8; s3; s6; s35; s30; s28
14,	[ 0.031  0.035  0.028  0.04   0.179  0.035  0.035  0.026  0.03   0.044],	1,	1,	s17
15,	[ 0.007  0.005  0.003  0.014  0.109  0.01   0.006  0.006  0.007  0.007],	0,	1,	s46
16,	[ 0.004  0.003  0.008  0.154  0.007  0.004  0.008  0.004  0.007  0.007],	0,	11,	s36; s33; s10; s9; s15; s1; s7; s5; s4; s22; s23



      /2 /-3
     |
     |   /-5
     |  |
     |-4|--6
     |  |
     |   \7 /8 /-9
     |
     |--10
-0 /1|
     |--11
     |
     |--12
     |
     |--13
     |
     |-14/-15
     |
      \-16

Number of non-empty nodes in the tree: 16


id, 	 phi, 	 nChildren, 	 nGenes, 	 genes 
0,	[ 1.  1.  1.  1.  1.  1.  1.  1.  1.  1.],	1,	0,	
1,	[ 0.985  0.993  0.984  0.988  0.988  0.991  0.984  0.99   0.985  0.993],	7,	4,	s14; s2; s11; s0
2,	[ 0.235  0.234  0.261  0.263  0.245  0.524  0.394  0.571  0.518  0.229],	3,	3,	s20; s19; s16
3,	[ 0.028  0.029  0.052  0.034  0.05   0.088  0.039  0.04   0.231  0.044],	1,	1,	s26
4,	[ 0.018  0.021  0.031  0.018  0.024  0.071  0.026  0.032  0.205  0.024],	1,	1,	s51
5,	[ 0.004  0.002  0.006  0.008  0.004  0.014  0.006  0.005  0.12   0.009],	0,	4,	s45; s63; s49; s57
6,	[ 0.01   0.002  0.009  0.008  0.004  0.21   0.013  0.004  0.009  0.01 ],	0,	5,	s56; s37; s39; s29; s27
7,	[ 0.006  0.005  0.005  0.008  0.003  0.012  0.008  0.305  0.01   0.01 ],	0,	5,	s38; s42; s50; s32; s53
8,	[ 0.024  0.016  0.011  0.03   0.136  0.019  0.012  0.024  0.028  0.026],	1,	1,	s17
9,	[ 0.004  0.011  0.005  0.013  0.074  0.005  0.006  0.008  0.018  0.006],	0,	1,	s46
10,	[ 0.007  0.004  0.005  0.146  0.004  0.005  0.004  0.003  0.004  0.007],	0,	11,	s36; s33; s10; s9; s15; s1; s7; s5; s4; s22; s23
11,	[ 0.272  0.207  0.003  0.007  0.008  0.006  0.007  0.001  0.011  0.005],	0,	11,	s43; s44; s41; s24; s55; s21; s25; s34; s40; s31; s18
12,	[ 0.011  0.009  0.004  0.015  0.002  0.005  0.005  0.009  0.009  0.254],	0,	4,	s54; s59; s48; s58
13,	[ 0.013  0.013  0.277  0.024  0.019  0.011  0.015  0.009  0.011  0.022],	1,	1,	s28
14,	[ 0.005  0.006  0.27   0.01   0.01   0.006  0.009  0.003  0.003  0.008],	0,	7,	s13; s12; s8; s3; s6; s35; s30
15,	[ 0.022  0.027  0.028  0.023  0.029  0.02   0.154  0.022  0.027  0.013],	1,	2,	s47; s52
16,	[ 0.007  0.005  0.009  0.007  0.008  0.003  0.088  0.007  0.005  0.002],	0,	4,	s60; s61; s64; s62



         /3 /4 /-5
        |
      /2|--6
     |  |
     |   \-7
     |
     |-8 /-9
     |
     |--10
-0 /1|
     |--11
     |
     |--12
     |
     |-13/-14
     |
      \15/-16

Number of non-empty nodes in the tree: 16


id, 	 phi, 	 nChildren, 	 nGenes, 	 genes 
0,	[ 1.  1.  1.  1.  1.  1.  1.  1.  1.  1.],	1,	0,	
1,	[ 0.978  0.993  0.988  0.978  0.995  0.997  0.992  0.994  0.992  0.988],	7,	4,	s14; s2; s11; s0
2,	[ 0.186  0.2    0.247  0.214  0.223  0.507  0.403  0.522  0.53   0.178],	3,	3,	s20; s19; s16
3,	[ 0.069  0.068  0.081  0.079  0.059  0.115  0.136  0.081  0.284  0.068],	1,	1,	s26
4,	[ 0.031  0.037  0.045  0.049  0.032  0.071  0.066  0.042  0.232  0.043],	1,	1,	s51
5,	[ 0.006  0.005  0.007  0.011  0.007  0.01   0.011  0.009  0.087  0.008],	0,	4,	s45; s63; s49; s57
6,	[ 0.007  0.005  0.009  0.004  0.017  0.229  0.011  0.006  0.011  0.005],	0,	5,	s56; s37; s39; s29; s27
7,	[ 0.007  0.007  0.007  0.012  0.002  0.011  0.009  0.29   0.008  0.005],	0,	5,	s38; s42; s50; s32; s53
8,	[ 0.013  0.022  0.009  0.005  0.113  0.009  0.004  0.006  0.01   0.006],	0,	2,	s46; s17
9,	[ 0.013  0.023  0.013  0.161  0.023  0.011  0.015  0.012  0.013  0.016],	1,	2,	s22; s33
10,	[ 0.003  0.006  0.006  0.136  0.016  0.003  0.003  0.003  0.008  0.004],	0,	9,	s36; s10; s9; s15; s1; s7; s5; s4; s23
11,	[ 0.008  0.006  0.007  0.004  0.007  0.004  0.009  0.007  0.004  0.277],	0,	4,	s54; s59; s48; s58
12,	[ 0.002  0.004  0.249  0.006  0.008  0.005  0.004  0.007  0.01   0.009],	0,	8,	s13; s12; s8; s3; s6; s35; s30; s28
13,	[ 0.292  0.236  0.024  0.024  0.013  0.011  0.015  0.018  0.012  0.017],	1,	8,	s41; s24; s55; s21; s34; s40; s31; s18
14,	[ 0.268  0.213  0.01   0.016  0.01   0.01   0.01   0.009  0.007  0.011],	1,	1,	s25
15,	[ 0.2    0.14   0.007  0.005  0.007  0.003  0.006  0.006  0.003  0.004],	0,	2,	s43; s44
16,	[ 0.028  0.02   0.021  0.026  0.025  0.022  0.16   0.022  0.022  0.032],	1,	2,	s47; s52
17,	[ 0.006  0.006  0.007  0.007  0.009  0.007  0.112  0.007  0.008  0.012],	0,	4,	s60; s61; s64; s62



         /3 /4 /-5
        |
      /2|--6
     |  |
     |   \-7
     |
     |--8
     |
     |-9 /-10
-0 /1|
     |--11
     |
     |--12
     |
     |-13/14/-15
     |
      \16/-17

Number of non-empty nodes in the tree: 17


