0;1;2;3;4;5;6;7;8;9
10;12;13;15;16
221;244;257;265;273;280;283;289;297;303;305;318;322;333;348;357;362;380;399;421;439;455;456
14;17;19;22;27;28;29;31
35;38;41;47;53;60;62;65;71;80;89;93;101;107;110;116;126;129;135;139;148;151;153;157;162;166;173;177;181;187;193;200;205;222;245;253;261;266;270;274;277;290;298;310;314;319;330;334;341;345;349;366;370;375;381;384;396;410;417;422;427;431;435;444;449;457;466;472;489;498;499;508;514;525
533;557
564
551;570;585
170;188;194
577
460;465;477;485;496;505;518;523;529;549;561;572;591;600;618;634;650;653;662;667;668;681;690;695;700;709;727
228
234;249;252;256;264;269;285;288
302;304;309;328;332;337;340;343;352;360;368;394;402;405;408;413;425;438;458;463;471;481;491;492;497;519
768;784;798;835;843
775;783
815
544;569;581;595;605;615;622;640
555;562;574
704;735;740;748;760
722;734;739;747;753;759;787;826;850
805;821;831;840;855;872
829;861
859
874;898
897;904;911
915
894;902;909
530;554;573;583;601;627;635;644;654;658;674;682;701;715;733;738;745;764
464;476;488;493;504;511;517;522;528;536;542;553;560;567;578;590;599;610;626;643;673;680;686;693;697;706;712
293;313;317;321;326;329;344;353;356;361;365;369;374;383;395;409;420;426;430;434;443;448;459;475;487;510;516;541;566;642;649;652;666;677
239;248;263;276;279;282;287;308;312;325;336;339;347;359;367;373;379;390;393;412;416;419;442;447;452;454;470;474;480;484;486;490;509;515;521;527;535;540;548;552;559;571;589;598;609;641;659;663;669;676;684;710;716
167;184;191;211;227;238;243;251;268;272;296;301;307;324;342;346;351;355;358;364;372;378;387;404;407;411;415;429;433;437;441;446;451;453;462;469;495;520;526;534;539;547;558;565;588;608;617;625;633;661;679;689;699;708;713;719;763;773;781
582;587;597;607;632;648;657;672;688;698;707;725;752;757;767;794;807;814;834;849;860;868;881
586;616;624;631;656;665;671;687;694;732;744;772;793;806;833;842
33;36;39;42;48;54;57;63;66;82;90;94;96;98;102;104;108;111;117;120;123;127;130;132;140;142;143;146;149;155;159;163;168;171;175;180;192;203;213;223;230;240;247;255;259;271;275;278;281;292;295;300;311;316;323;327;350;354;377;382;386;389;392;398;401;403;414;418;424;428;461;468;479;503;513;531
20;25;45;51;58;64;68;69;72;74;76;78;81;84;86;88;113;115;118;125;137;144;147;150;156;161;165;169;172;176;186;199
18;21;23;26;37;46;49;52;55;56;59;61;70;73;75;77;79;92;100;106;114;119;122;128;131;134;138;141;145;152;154;158
