0;1;2
3;6;8;10
11;16;19
22;28;32;41;53;67;73
27;31;36;40;47;60;72;84;93
15;18;26;30
46;51
17;21;45;50;57
4;5;7
9;14;24;33;38
43
55;63;76;89
184;207;215;231
424;427;439;449;468;475;485;498;516
431;435;444;460;470
434;450;476;499;506;521;528;542
282;288;292;304;315;334;339;349;354;360
291;298;303
436;463;481;489;496;504;512
440
445;453;479;502;511;525
533;547;551;557;564
540;546;550
452;461;495;501;510;530
538
598;599;601;613;637;660;670
600;604;607;612;628;636;643;657;666;678;688
426;433;447;467;483;514;537;560;567;573;576;579;582;584;590;593
182;217;222;226;236;248;252;258;266;270;274;279;287;297;302;321;338;343;353;359;365;366;376;379;383;391;396;406;421
25;34;69;78;85;90;95;106;108;112;117;127;130;136;139;147;150;160;167;177;186;197;203;212;238;243;249;261;271;285;295;307;319;327;331;342;347;368;370;374;382;402;409;415;419;422;432;437;446;455;465;471;490;526;535;548;552;553;558;565;571;578;580;585;587;589;592;594;596;597;603;610;615;620;641;654;664;708;716
35;52;59;92;98;103;110;114;121;125;133;141;145;152;165;174;176;180;185;190;196;211;219;237;254;260;286;290;296;320;337;341;346;357;363;367;369;375;378;381;385;388;392;394;398;405;407;410;413;416;420;423;425;429;438;441;456;466;472;491;505;513;520;527;536;541;559;566;572;575;581;583;586;588;591;595;602;605;609;618
58;71;81;83;87;97;124;128;137;157;161;164;170;173;178;187;191;198;204;213;220;228;244;253;259;277;281;284;289;301;306;313;318;326;330;336;358;364;371;373;377;380;384;386;389;393;399;401;403;411;414;418
20;29;39;44;49;65;79;91;96;101;113;118;131;140;151;155;163;168;181;183;189;193;206;214;221;230;240;250;256;263;267;276;280;294;300;305;312;325;329;335;348;352;372;387;390;395;397;400;404;408;412;417;428
12;13;23;37;42;48;54;62;75;82;94;100;105;107;116;120;123;126;129;135;138;143;146;154;159;162;166;175;188;192;199;205;239;245;275;283;293;311;317;324;345;351;356;362
88;99;104;111;115;119;122;134;142;149;153;158;171;200;224;229;255;262
66;70;80;86;102;109;132;144;148;156;169;172;179
