0
1
2
4;9;14;17;20;30;35;39;42
127
149;154;159;164;181;188;195;199;206;208;211;216;222;225;228;234;240;244;248;255;258;264;269;275;283;286;289;295;303;306;309;315;323;328;333;338;339
49
3;12;16
23;28
34
5;7;21;25;27;31;36
98
102;107;111;113;120;125;138;147;158
103
105;117;122;129;141;151;168
133;160;165
342;356;360;367
374;382;398
346;350;355;359;365
474;480;487;494;507;523
479;486;502
518;525;545
572;580;589
588
524;535;544;554;571;587
601;628;635;641
631;644;662;672;679;684
637;643;655;661;671;678;683
633;648;659
639;647
385;389;394;405;416;425;428;431;446;467;472;477;491;497;516;529;541;547;557;578;621;626
121;134;140;167;176;182;185;189;191;196;200;207;209;214;218;226;229;231;235;241;246;249;251;262;265;270;273;279;284;287;298;302;308;311;312;318;319;322;326;332;345;349;354;393;400;404;409;415;422;435;438;443;450;457;466;484;490;567;577;620
397;410;419;426;439;447;455;459;461;469;470;473;478;485;493;499;515;519;539;566;576;586;597;605;615
372;380;395;401;406;417;429;436;458;463;468;492;498;503;510
112;116;128;135;145;156;161;177;179;183;186;190;192;201;215;219;236;238;242;245;247;252;256;259;266;267;271;277;280;285;288;290;292;296;304;310;313;316;320;334;335;343;347;362;369;377;384;387;407;412;437;441;444;453;456;475;482;488;514;526;536;562;592
104;106;109;118;123;130;136;142;157;162;169;173;180;187;193;197;202;204;210;212;220;223;227;232;237;243;253;260;263;272;274;276;278;281;291;293;300;314;321;324;329;336;340;344;348;352;357;363;370;378;388;391;403;413;424;430;433;449;452;460;464
46;51;53;54;58;61;62;64;67;73;74;76;77;79;80;82;84;91;100
8;13;19;24;29;32;38;41;56;59;65;68;70;71;72;85;87;88;92;93;96
