0;1;3;5;7;8;10;12;14;17;18
62
65;84;95;97;100;108;127;134;138;143;149;158;163;168;172;173
186
196;201;213
409
414;423;427;451;469;477;483;502;535;548;566;606;633;637;641;653;661;671;681;689;690
422;443;450;458
426;436
190;195;212
64;67;73;75;76;79;82;88;96;99;104;110;114;118;122;125;129;133;136;137;139;144;151;155;157;160;161;175;180;184;188;192;205;209;225;239;251;265;279;286;306;338;349;366;372;378;384;396;415;434;438;444;453;454;460;474;516
166;171;179;183;200;204
208;223;237;249;260;270;274;278
214;222
170;176;178;181
198;220;232;240;247;258;264;285
207;219;231
488;520;531
508;541
519;530;540;551;563;571;577
529;550
562
570;576;583;587
476;482;494;513;527;547
491;500;510
625;627;635;648;674;685;700;705
630;634;638;643;647;655;663;673;683;692;698
646;652;660;688
659
668;680;695;702;706
679
217;227;255;262;272;283;290;298;303;309;328;333;341;343;351;359;376;392;397;404;417;428;466;472;485;514;549;558;575;579;585;588;596;607;620;626;632;636;640
234;254;267;282;297;315;320;324;332;340;342;350;358;380;385;391;416;424;439;445;456;465;470;484;496;504;536;557;567;584;595;601;613;619
191;197;202;230;246;268;276;293;310;326;367;373;379;390;402;410;429;435;459;473;495;503;599;602;611;624
244;261;271;281;289;296;302;313;319;345;353;361;377;381;386;399;407;411;419;425;431;441;448;455;463
218;229;245;257;292;300;305;317;325;329;337;346;363;369;374;383;388;394;401;403;406;418;430;447;467
228;235;256;263;284;291;299;304;316;321;334;336;354;362;368;382;387;400
69;70;77;80;83;89;92;94;103;105;107;115;117;119;123;126;131;140;145;148;152;156;162;165;167;185;210;243;252;280;287;307;312;322;335;371
24;26;28;30;31;33;34;36;38;39;41;43;45;46;47;49;51;53;55;57;59;72;74;78;85;87;91;93;102;106;112;116;121;124;128;132;142;147;150;154;164
19;20;21;22;23;25;27;29;32;35;37;40;42;44;48;52;61
