0
1;2;3;4;5;6;7;8;9;10
11;12;13;14;15;16;17;18;19;20
31;32;33;34;35;36;37;38;39;40;81;82;83;84;85;86;87;88;89;90;131;132;133;134;135;136;137;138;139;140;161;162;163;164;165;166;167;168;169;170;191;192;193;194;195;196;197;198;199;200;291;292;293;294;295;296;297;298;299;300;341;342;343;344;345;346;347;348;349;350;381;382;383;384;385;386;387;388;389;390
411;412;413;414;415;416;417;418;419;420
1581;1582;1583;1584;1585;1586;1587;1588;1589;1590;1631;1632;1633;1634;1635;1636;1637;1638;1639;1640;1801;1802;1803;1804;1805;1806;1807;1808;1809;1810;1871;1872;1873;1874;1875;1876;1877;1878;1879;1880;1941;1942;1943;1944;1945;1946;1947;1948;1949;1950;1981;1982;1983;1984;1985;1986;1987;1988;1989;1990;2051;2052;2053;2054;2055;2056;2057;2058;2059;2060;2071;2072;2073;2074;2075;2076;2077;2078;2079;2080;2101;2102;2103;2104;2105;2106;2107;2108;2109;2110;2151;2152;2153;2154;2155;2156;2157;2158;2159;2160;2211;2212;2213;2214;2215;2216;2217;2218;2219;2220;2241;2242;2243;2244;2245;2246;2247;2248;2249;2250;2271;2272;2273;2274;2275;2276;2277;2278;2279;2280;2331;2332;2333;2334;2335;2336;2337;2338;2339;2340;2391;2392;2393;2394;2395;2396;2397;2398;2399;2400;2431;2432;2433;2434;2435;2436;2437;2438;2439;2440;2471;2472;2473;2474;2475;2476;2477;2478;2479;2480;2541;2542;2543;2544;2545;2546;2547;2548;2549;2550;2571;2572;2573;2574;2575;2576;2577;2578;2579;2580;2631;2632;2633;2634;2635;2636;2637;2638;2639;2640;2681;2682;2683;2684;2685;2686;2687;2688;2689;2690;2741;2742;2743;2744;2745;2746;2747;2748;2749;2750;2821;2822;2823;2824;2825;2826;2827;2828;2829;2830;2851;2852;2853;2854;2855;2856;2857;2858;2859;2860;2881;2882;2883;2884;2885;2886;2887;2888;2889;2890;2941;2942;2943;2944;2945;2946;2947;2948;2949;2950;3021;3022;3023;3024;3025;3026;3027;3028;3029;3030;3051;3052;3053;3054;3055;3056;3057;3058;3059;3060;3081;3082;3083;3084;3085;3086;3087;3088;3089;3090;3141;3142;3143;3144;3145;3146;3147;3148;3149;3150;3221;3222;3223;3224;3225;3226;3227;3228;3229;3230;3271;3272;3273;3274;3275;3276;3277;3278;3279;3280;3321;3322;3323;3324;3325;3326;3327;3328;3329;3330;3371;3372;3373;3374;3375;3376;3377;3378;3379;3380;3381
3402;3403;3404;3405;3406;3407;3408;3409;3410;3411
481;482;483;484;485;486;487;488;489;490
21;22;23;24;25;26;27;28;29;30;111;112;113;114;115;116;117;118;119;120;151;152;153;154;155;156;157;158;159;160
221;222;223;224;225;226;227;228;229;230;271;272;273;274;275;276;277;278;279;280
331;332;333;334;335;336;337;338;339;340
51;52;53;54;55;56;57;58;59;60;101;102;103;104;105;106;107;108;109;110;171;172;173;174;175;176;177;178;179;180;211;212;213;214;215;216;217;218;219;220
41;42;43;44;45;46;47;48;49;50;61;62;63;64;65;66;67;68;69;70
91;92;93;94;95;96;97;98;99;100;141;142;143;144;145;146;147;148;149;150;251;252;253;254;255;256;257;258;259;260;321;322;323;324;325;326;327;328;329;330;361;362;363;364;365;366;367;368;369;370;391;392;393;394;395;396;397;398;399;400;421;422;423;424;425;426;427;428;429;430;471;472;473;474;475;476;477;478;479;480
201;202;203;204;205;206;207;208;209;210;241;242;243;244;245;246;247;248;249;250;261;262;263;264;265;266;267;268;269;270;301;302;303;304;305;306;307;308;309;310
351;352;353;354;355;356;357;358;359;360
461;462;463;464;465;466;467;468;469;470
971;972;973;974;975;976;977;978;979;980
1011;1012;1013;1014;1015;1016;1017;1018;1019;1020;1091;1092;1093;1094;1095;1096;1097;1098;1099;1100
1031;1032;1033;1034;1035;1036;1037;1038;1039;1040;1051;1052;1053;1054;1055;1056;1057;1058;1059;1060;1081;1082;1083;1084;1085;1086;1087;1088;1089;1090;1171;1172;1173;1174;1175;1176;1177;1178;1179;1180;1221;1222;1223;1224;1225;1226;1227;1228;1229;1230;1291;1292;1293;1294;1295;1296;1297;1298;1299;1300;1351;1352;1353;1354;1355;1356;1357;1358;1359;1360
1511;1512;1513;1514;1515;1516;1517;1518;1519;1520
1001;1002;1003;1004;1005;1006;1007;1008;1009;1010
3492;3493;3494;3495;3496;3497;3498;3499;3500;3501;3592;3593;3594;3595;3596;3597;3598;3599;3600;3601;3662;3663;3664;3665;3666;3667;3668;3669;3670;3671;3742;3743;3744;3745;3746;3747;3748;3749;3750;3751;3882;3883;3884;3885;3886;3887;3888;3889;3890;3891
3542;3543;3544;3545;3546;3547;3548;3549;3550;3551
3582;3583;3584;3585;3586;3587;3588;3589;3590;3591;3652;3653;3654;3655;3656;3657;3658;3659;3660;3661
3722;3723;3724;3725;3726;3727;3728;3729;3730;3731;3802;3803;3804;3805;3806;3807;3808;3809;3810;3811;3962;3963;3964;3965;3966;3967;3968;3969;3970;3971
3642;3643;3644;3645;3646;3647;3648;3649;3650;3651;3712;3713;3714;3715;3716;3717;3718;3719;3720;3721;3792;3793;3794;3795;3796;3797;3798;3799;3800;3801;3842;3843;3844;3845;3846;3847;3848;3849;3850;3851;3942;3943;3944;3945;3946;3947;3948;3949;3950;3951
3442;3443;3444;3445;3446;3447;3448;3449;3450;3451;3482;3483;3484;3485;3486;3487;3488;3489;3490;3491;3532;3533;3534;3535;3536;3537;3538;3539;3540;3541;3572;3573;3574;3575;3576;3577;3578;3579;3580;3581;3632;3633;3634;3635;3636;3637;3638;3639;3640;3641
1701;1702;1703;1704;1705;1706;1707;1708;1709;1710;1741;1742;1743;1744;1745;1746;1747;1748;1749;1750;1771;1772;1773;1774;1775;1776;1777;1778;1779;1780
4722;4723;4724;4725;4726;4727;4728;4729;4730;4731;4782;4783;4784;4785;4786;4787;4788;4789;4790;4791;4852;4853;4854;4855;4856;4857;4858;4859;4860;4861;4922;4923;4924;4925;4926;4927;4928;4929;4930;4931;5052;5053;5054;5055;5056;5057;5058;5059;5060;5061;5212;5213;5214;5215;5216;5217;5218;5219;5220;5221
4772;4773;4774;4775;4776;4777;4778;4779;4780;4781
4842;4843;4844;4845;4846;4847;4848;4849;4850;4851
5032;5033;5034;5035;5036;5037;5038;5039;5040;5041;5282;5283;5284;5285;5286;5287;5288;5289;5290;5291;5402;5403;5404;5405;5406;5407;5408;5409;5410;5411;5462;5463;5464;5465;5466;5467;5468;5469;5470;5471
5592;5593;5594;5595;5596;5597;5598;5599;5600;5601
5712;5713;5714;5715;5716;5717;5718;5719;5720;5721;5892;5893;5894;5895;5896;5897;5898;5899;5900;5901;6092;6093;6094;6095;6096;6097;6098;6099;6100;6101
5882;5883;5884;5885;5886;5887;5888;5889;5890;5891;5972;5973;5974;5975;5976;5977;5978;5979;5980;5981;6082;6083;6084;6085;6086;6087;6088;6089;6090;6091
6062;6063;6064;6065;6066;6067;6068;6069;6070;6071
5702;5703;5704;5705;5706;5707;5708;5709;5710;5711;5782;5783;5784;5785;5786;5787;5788;5789;5790;5791;5872;5873;5874;5875;5876;5877;5878;5879;5880;5881
5252;5253;5254;5255;5256;5257;5258;5259;5260;5261;5362;5363;5364;5365;5366;5367;5368;5369;5370;5371;5542;5543;5544;5545;5546;5547;5548;5549;5550;5551;5632;5633;5634;5635;5636;5637;5638;5639;5640;5641;5832;5833;5834;5835;5836;5837;5838;5839;5840;5841;5942;5943;5944;5945;5946;5947;5948;5949;5950;5951;6022;6023;6024;6025;6026;6027;6028;6029;6030;6031;6122;6123;6124;6125;6126;6127;6128;6129;6130;6131;6282;6283;6284;6285;6286;6287;6288;6289;6290;6291
5352;5353;5354;5355;5356;5357;5358;5359;5360;5361;5442;5443;5444;5445;5446;5447;5448;5449;5450;5451
5532;5533;5534;5535;5536;5537;5538;5539;5540;5541;5622;5623;5624;5625;5626;5627;5628;5629;5630;5631;5732;5733;5734;5735;5736;5737;5738;5739;5740;5741;5822;5823;5824;5825;5826;5827;5828;5829;5830;5831;5922;5923;5924;5925;5926;5927;5928;5929;5930;5931;6002;6003;6004;6005;6006;6007;6008;6009;6010;6011;6102;6103;6104;6105;6106;6107;6108;6109;6110;6111;6232;6233;6234;6235;6236;6237;6238;6239;6240;6241
5612;5613;5614;5615;5616;5617;5618;5619;5620;5621;5802;5803;5804;5805;5806;5807;5808;5809;5810;5811
6292;6293;6294;6295;6296;6297;6298;6299;6300;6301;6422;6423;6424;6425;6426;6427;6428;6429;6430;6431;6482;6483;6484;6485;6486;6487;6488;6489;6490;6491;6542;6543;6544;6545;6546;6547;6548;6549;6550;6551;6612;6613;6614;6615;6616;6617;6618;6619;6620;6621;6832;6833;6834;6835;6836;6837;6838;6839;6840;6841;6852;6853;6854;6855;6856;6857;6858;6859;6860;6861
6352;6353;6354;6355;6356;6357;6358;6359;6360;6361;6412;6413;6414;6415;6416;6417;6418;6419;6420;6421;6532;6533;6534;6535;6536;6537;6538;6539;6540;6541;6592;6593;6594;6595;6596;6597;6598;6599;6600;6601;6632;6633;6634;6635;6636;6637;6638;6639;6640;6641
6242;6243;6244;6245;6246;6247;6248;6249;6250;6251
6312;6313;6314;6315;6316;6317;6318;6319;6320;6321;6512;6513;6514;6515;6516;6517;6518;6519;6520;6521;6562;6563;6564;6565;6566;6567;6568;6569;6570;6571
6442;6443;6444;6445;6446;6447;6448;6449;6450;6451;6502;6503;6504;6505;6506;6507;6508;6509;6510;6511;6552;6553;6554;6555;6556;6557;6558;6559;6560;6561
6302;6303;6304;6305;6306;6307;6308;6309;6310;6311;6432;6433;6434;6435;6436;6437;6438;6439;6440;6441;6722;6723;6724;6725;6726;6727;6728;6729;6730;6731;6842;6843;6844;6845;6846;6847;6848;6849;6850;6851
3832;3833;3834;3835;3836;3837;3838;3839;3840;3841;3872;3873;3874;3875;3876;3877;3878;3879;3880;3881;3922;3923;3924;3925;3926;3927;3928;3929;3930;3931;4032;4033;4034;4035;4036;4037;4038;4039;4040;4041;4142;4143;4144;4145;4146;4147;4148;4149;4150;4151;4232;4233;4234;4235;4236;4237;4238;4239;4240;4241;4262;4263;4264;4265;4266;4267;4268;4269;4270;4271;4292;4293;4294;4295;4296;4297;4298;4299;4300;4301;4442;4443;4444;4445;4446;4447;4448;4449;4450;4451;4652;4653;4654;4655;4656;4657;4658;4659;4660;4661;4702;4703;4704;4705;4706;4707;4708;4709;4710;4711;4752;4753;4754;4755;4756;4757;4758;4759;4760;4761;4892;4893;4894;4895;4896;4897;4898;4899;4900;4901;4952;4953;4954;4955;4956;4957;4958;4959;4960;4961;5142;5143;5144;5145;5146;5147;5148;5149;5150;5151;5272;5273;5274;5275;5276;5277;5278;5279;5280;5281;5392;5393;5394;5395;5396;5397;5398;5399;5400;5401;5452;5453;5454;5455;5456;5457;5458;5459;5460;5461;5552;5553;5554;5555;5556;5557;5558;5559;5560;5561;5762;5763;5764;5765;5766;5767;5768;5769;5770;5771;6192;6193;6194;6195;6196;6197;6198;6199;6200;6201
3952;3953;3954;3955;3956;3957;3958;3959;3960;3961;4082;4083;4084;4085;4086;4087;4088;4089;4090;4091;4172;4173;4174;4175;4176;4177;4178;4179;4180;4181;4242;4243;4244;4245;4246;4247;4248;4249;4250;4251;4372;4373;4374;4375;4376;4377;4378;4379;4380;4381;4452;4453;4454;4455;4456;4457;4458;4459;4460;4461;4532;4533;4534;4535;4536;4537;4538;4539;4540;4541;4572;4573;4574;4575;4576;4577;4578;4579;4580;4581;4592;4593;4594;4595;4596;4597;4598;4599;4600;4601;4672;4673;4674;4675;4676;4677;4678;4679;4680;4681;4682;4683;4684;4685;4686;4687;4688;4689;4690;4691;4712;4713;4714;4715;4716;4717;4718;4719;4720;4721;4762;4763;4764;4765;4766;4767;4768;4769;4770;4771;4832;4833;4834;4835;4836;4837;4838;4839;4840;4841;4912;4913;4914;4915;4916;4917;4918;4919;4920;4921;4972;4973;4974;4975;4976;4977;4978;4979;4980;4981;5132;5133;5134;5135;5136;5137;5138;5139;5140;5141;5172;5173;5174;5175;5176;5177;5178;5179;5180;5181;5372;5373;5374;5375;5376;5377;5378;5379;5380;5381;5642;5643;5644;5645;5646;5647;5648;5649;5650;5651;5742;5743;5744;5745;5746;5747;5748;5749;5750;5751;5842;5843;5844;5845;5846;5847;5848;5849;5850;5851;5952;5953;5954;5955;5956;5957;5958;5959;5960;5961;6032;6033;6034;6035;6036;6037;6038;6039;6040;6041;6132;6133;6134;6135;6136;6137;6138;6139;6140;6141
3702;3703;3704;3705;3706;3707;3708;3709;3710;3711;3782;3783;3784;3785;3786;3787;3788;3789;3790;3791;3932;3933;3934;3935;3936;3937;3938;3939;3940;3941;3992;3993;3994;3995;3996;3997;3998;3999;4000;4001;4042;4043;4044;4045;4046;4047;4048;4049;4050;4051;4152;4153;4154;4155;4156;4157;4158;4159;4160;4161;4272;4273;4274;4275;4276;4277;4278;4279;4280;4281;4342;4343;4344;4345;4346;4347;4348;4349;4350;4351;4562;4563;4564;4565;4566;4567;4568;4569;4570;4571;4612;4613;4614;4615;4616;4617;4618;4619;4620;4621;4662;4663;4664;4665;4666;4667;4668;4669;4670;4671;4902;4903;4904;4905;4906;4907;4908;4909;4910;4911;4962;4963;4964;4965;4966;4967;4968;4969;4970;4971;5012;5013;5014;5015;5016;5017;5018;5019;5020;5021;5082;5083;5084;5085;5086;5087;5088;5089;5090;5091;5162;5163;5164;5165;5166;5167;5168;5169;5170;5171;5232;5233;5234;5235;5236;5237;5238;5239;5240;5241;5432;5433;5434;5435;5436;5437;5438;5439;5440;5441
1181;1182;1183;1184;1185;1186;1187;1188;1189;1190;1301;1302;1303;1304;1305;1306;1307;1308;1309;1310;1361;1362;1363;1364;1365;1366;1367;1368;1369;1370;1421;1422;1423;1424;1425;1426;1427;1428;1429;1430;1451;1452;1453;1454;1455;1456;1457;1458;1459;1460;1621;1622;1623;1624;1625;1626;1627;1628;1629;1630;1831;1832;1833;1834;1835;1836;1837;1838;1839;1840;1931;1932;1933;1934;1935;1936;1937;1938;1939;1940;1971;1972;1973;1974;1975;1976;1977;1978;1979;1980;2021;2022;2023;2024;2025;2026;2027;2028;2029;2030;2041;2042;2043;2044;2045;2046;2047;2048;2049;2050;2121;2122;2123;2124;2125;2126;2127;2128;2129;2130;2161;2162;2163;2164;2165;2166;2167;2168;2169;2170;2201;2202;2203;2204;2205;2206;2207;2208;2209;2210;2231;2232;2233;2234;2235;2236;2237;2238;2239;2240;2291;2292;2293;2294;2295;2296;2297;2298;2299;2300;2321;2322;2323;2324;2325;2326;2327;2328;2329;2330;2381;2382;2383;2384;2385;2386;2387;2388;2389;2390;2491;2492;2493;2494;2495;2496;2497;2498;2499;2500;2531;2532;2533;2534;2535;2536;2537;2538;2539;2540;2561;2562;2563;2564;2565;2566;2567;2568;2569;2570;2601;2602;2603;2604;2605;2606;2607;2608;2609;2610;2671;2672;2673;2674;2675;2676;2677;2678;2679;2680;2811;2812;2813;2814;2815;2816;2817;2818;2819;2820;2931;2932;2933;2934;2935;2936;2937;2938;2939;2940;2961;2962;2963;2964;2965;2966;2967;2968;2969;2970;2981;2982;2983;2984;2985;2986;2987;2988;2989;2990;3001;3002;3003;3004;3005;3006;3007;3008;3009;3010;3041;3042;3043;3044;3045;3046;3047;3048;3049;3050;3061;3062;3063;3064;3065;3066;3067;3068;3069;3070;3161;3162;3163;3164;3165;3166;3167;3168;3169;3170;3241;3242;3243;3244;3245;3246;3247;3248;3249;3250;3261;3262;3263;3264;3265;3266;3267;3268;3269;3270;3291;3292;3293;3294;3295;3296;3297;3298;3299;3300;3301;3302;3303;3304;3305;3306;3307;3308;3309;3310;3361;3362;3363;3364;3365;3366;3367;3368;3369;3370;3392;3393;3394;3395;3396;3397;3398;3399;3400;3401;3512;3513;3514;3515;3516;3517;3518;3519;3520;3521;3562;3563;3564;3565;3566;3567;3568;3569;3570;3571;3622;3623;3624;3625;3626;3627;3628;3629;3630;3631;3692;3693;3694;3695;3696;3697;3698;3699;3700;3701;3772;3773;3774;3775;3776;3777;3778;3779;3780;3781;3902;3903;3904;3905;3906;3907;3908;3909;3910;3911;4062;4063;4064;4065;4066;4067;4068;4069;4070;4071;4122;4123;4124;4125;4126;4127;4128;4129;4130;4131;4162;4163;4164;4165;4166;4167;4168;4169;4170;4171;4192;4193;4194;4195;4196;4197;4198;4199;4200;4201;4322;4323;4324;4325;4326;4327;4328;4329;4330;4331;4402;4403;4404;4405;4406;4407;4408;4409;4410;4411;4432;4433;4434;4435;4436;4437;4438;4439;4440;4441;4522;4523;4524;4525;4526;4527;4528;4529;4530;4531;4742;4743;4744;4745;4746;4747;4748;4749;4750;4751;4812;4813;4814;4815;4816;4817;4818;4819;4820;4821;4872;4873;4874;4875;4876;4877;4878;4879;4880;4881;4942;4943;4944;4945;4946;4947;4948;4949;4950;4951;5072;5073;5074;5075;5076;5077;5078;5079;5080;5081;5112;5113;5114;5115;5116;5117;5118;5119;5120;5121
1411;1412;1413;1414;1415;1416;1417;1418;1419;1420;1561;1562;1563;1564;1565;1566;1567;1568;1569;1570;1611;1612;1613;1614;1615;1616;1617;1618;1619;1620;1681;1682;1683;1684;1685;1686;1687;1688;1689;1690;1721;1722;1723;1724;1725;1726;1727;1728;1729;1730;1791;1792;1793;1794;1795;1796;1797;1798;1799;1800;1861;1862;1863;1864;1865;1866;1867;1868;1869;1870;1921;1922;1923;1924;1925;1926;1927;1928;1929;1930;1961;1962;1963;1964;1965;1966;1967;1968;1969;1970;2011;2012;2013;2014;2015;2016;2017;2018;2019;2020;2031;2032;2033;2034;2035;2036;2037;2038;2039;2040;2091;2092;2093;2094;2095;2096;2097;2098;2099;2100;2111;2112;2113;2114;2115;2116;2117;2118;2119;2120;2191;2192;2193;2194;2195;2196;2197;2198;2199;2200;2221;2222;2223;2224;2225;2226;2227;2228;2229;2230;2261;2262;2263;2264;2265;2266;2267;2268;2269;2270;2311;2312;2313;2314;2315;2316;2317;2318;2319;2320;2361;2362;2363;2364;2365;2366;2367;2368;2369;2370;2421;2422;2423;2424;2425;2426;2427;2428;2429;2430;2521;2522;2523;2524;2525;2526;2527;2528;2529;2530;2591;2592;2593;2594;2595;2596;2597;2598;2599;2600;2621;2622;2623;2624;2625;2626;2627;2628;2629;2630;2711;2712;2713;2714;2715;2716;2717;2718;2719;2720;2731;2732;2733;2734;2735;2736;2737;2738;2739;2740;2751;2752;2753;2754;2755;2756;2757;2758;2759;2760;2771;2772;2773;2774;2775;2776;2777;2778;2779;2780;2801;2802;2803;2804;2805;2806;2807;2808;2809;2810;2901;2902;2903;2904;2905;2906;2907;2908;2909;2910;2921;2922;2923;2924;2925;2926;2927;2928;2929;2930;2991;2992;2993;2994;2995;2996;2997;2998;2999;3000;3131;3132;3133;3134;3135;3136;3137;3138;3139;3140;3201;3202;3203;3204;3205;3206;3207;3208;3209;3210;3231;3232;3233;3234;3235;3236;3237;3238;3239;3240;3281;3282;3283;3284;3285;3286;3287;3288;3289;3290;3351;3352;3353;3354;3355;3356;3357;3358;3359;3360;3382;3383;3384;3385;3386;3387;3388;3389;3390;3391;3422;3423;3424;3425;3426;3427;3428;3429;3430;3431;3462;3463;3464;3465;3466;3467;3468;3469;3470;3471;3502;3503;3504;3505;3506;3507;3508;3509;3510;3511;3552;3553;3554;3555;3556;3557;3558;3559;3560;3561;3612;3613;3614;3615;3616;3617;3618;3619;3620;3621;3682;3683;3684;3685;3686;3687;3688;3689;3690;3691;3762;3763;3764;3765;3766;3767;3768;3769;3770;3771;3862;3863;3864;3865;3866;3867;3868;3869;3870;3871;3892;3893;3894;3895;3896;3897;3898;3899;3900;3901;4012;4013;4014;4015;4016;4017;4018;4019;4020;4021;4112;4113;4114;4115;4116;4117;4118;4119;4120;4121;4222;4223;4224;4225;4226;4227;4228;4229;4230;4231;4282;4283;4284;4285;4286;4287;4288;4289;4290;4291;4312;4313;4314;4315;4316;4317;4318;4319;4320;4321;4472;4473;4474;4475;4476;4477;4478;4479;4480;4481;4502;4503;4504;4505;4506;4507;4508;4509;4510;4511;4582;4583;4584;4585;4586;4587;4588;4589;4590;4591;4622;4623;4624;4625;4626;4627;4628;4629;4630;4631
451;452;453;454;455;456;457;458;459;460;501;502;503;504;505;506;507;508;509;510;521;522;523;524;525;526;527;528;529;530;531;532;533;534;535;536;537;538;539;540;571;572;573;574;575;576;577;578;579;580;601;602;603;604;605;606;607;608;609;610;611;612;613;614;615;616;617;618;619;620;631;632;633;634;635;636;637;638;639;640;661;662;663;664;665;666;667;668;669;670;721;722;723;724;725;726;727;728;729;730;731;732;733;734;735;736;737;738;739;740;751;752;753;754;755;756;757;758;759;760;761;762;763;764;765;766;767;768;769;770;781;782;783;784;785;786;787;788;789;790;791;792;793;794;795;796;797;798;799;800;811;812;813;814;815;816;817;818;819;820;831;832;833;834;835;836;837;838;839;840;901;902;903;904;905;906;907;908;909;910;991;992;993;994;995;996;997;998;999;1000;1261;1262;1263;1264;1265;1266;1267;1268;1269;1270;1481;1482;1483;1484;1485;1486;1487;1488;1489;1490;1531;1532;1533;1534;1535;1536;1537;1538;1539;1540
431;432;433;434;435;436;437;438;439;440;441;442;443;444;445;446;447;448;449;450;491;492;493;494;495;496;497;498;499;500;511;512;513;514;515;516;517;518;519;520;541;542;543;544;545;546;547;548;549;550;561;562;563;564;565;566;567;568;569;570;591;592;593;594;595;596;597;598;599;600;621;622;623;624;625;626;627;628;629;630;651;652;653;654;655;656;657;658;659;660;681;682;683;684;685;686;687;688;689;690;741;742;743;744;745;746;747;748;749;750;771;772;773;774;775;776;777;778;779;780;801;802;803;804;805;806;807;808;809;810;821;822;823;824;825;826;827;828;829;830;851;852;853;854;855;856;857;858;859;860;881;882;883;884;885;886;887;888;889;890;891;892;893;894;895;896;897;898;899;900;931;932;933;934;935;936;937;938;939;940;941;942;943;944;945;946;947;948;949;950;961;962;963;964;965;966;967;968;969;970;981;982;983;984;985;986;987;988;989;990;1071;1072;1073;1074;1075;1076;1077;1078;1079;1080;1141;1142;1143;1144;1145;1146;1147;1148;1149;1150
71;72;73;74;75;76;77;78;79;80;121;122;123;124;125;126;127;128;129;130;181;182;183;184;185;186;187;188;189;190;231;232;233;234;235;236;237;238;239;240;281;282;283;284;285;286;287;288;289;290;311;312;313;314;315;316;317;318;319;320;371;372;373;374;375;376;377;378;379;380;401;402;403;404;405;406;407;408;409;410;551;552;553;554;555;556;557;558;559;560;581;582;583;584;585;586;587;588;589;590;641;642;643;644;645;646;647;648;649;650;671;672;673;674;675;676;677;678;679;680;691;692;693;694;695;696;697;698;699;700;701;702;703;704;705;706;707;708;709;710;711;712;713;714;715;716;717;718;719;720;841;842;843;844;845;846;847;848;849;850;861;862;863;864;865;866;867;868;869;870;871;872;873;874;875;876;877;878;879;880;911;912;913;914;915;916;917;918;919;920;921;922;923;924;925;926;927;928;929;930;951;952;953;954;955;956;957;958;959;960
