0;1;2;3;4;5;6;7;8
10;14;32;46;55
13
15;18
25
37
30;43;54;59
359;368;373;377;388;395
406;413;419;427;439;455;475;486;500;503;507;511;527;534;540;543;548;552;560;573;576;582;587;591;598;599
603;609
615;624
635;657;661;668;683;692;703;708;725;763;770;799;803;804;841;856;865
613;619
409;417
426;430;436;446;460;471;474
429;435;444;451;458
422;441;449;456;464;469
618;626;633;638;642
897;905;917;949
915;975;985
883;899;908;920;928;954;968;1013;1035;1039
890;907;919;927;937
952;966;1034
965;1000;1010;1021
886;910;921;929;970
893;909
932
994;1003;1016;1052
1015;1024;1031;1041;1045;1050
945;959;973
1014
1037;1048;1053
608;623;627;639;643;649;656;660;663;678;691;700;702;707;737;742;748;751;762;780;787;797;812;830;840;873;914;933;947;974;995;1005;1018;1026
362;367;375;380;383;387;394;401;418;438;453;462;467;488;493;502;505;510;515;516;521;524;525;529;532;535;537;542;545;558;563;567;570;575;578;585;589;593;595;597;605;607;612;625;629;637;646;651;659;664;680;687;693;710;716;722;730;735;745;758;778;784;790;795;808;817;826;852;888;924
652;662;665;671;681;688;704;717;723;740;759;766;774;791;805;809;827;839;853;882;889
399;402;407;414;420;440;448;473;482;484;487;492;494;504;508;512;518;523;536;538;544;549;550;553;556;561;566;568;574;577;583;616;631;632;641;645;650;658;675;686;709;715;721;726;729;739;744;753;757;765;773;777;783;789;794;802;816;825;864;881;903;925;960
634;654;673;677;682;695;705;712;732;750;755;761;768;779;798;811;818;829;855;871
647;653;666;672;676;689;694;698;711;718;731;746;749;754;760;767;775;785;792;800;807;814;860
31;44;60;64;72;75;78;81;89;96;99;101;104;109;112;117;120;122;128;131;135;138;143;144;151;158;164;166;167;170;172;177;192;197;198;199;209;211;212;214;222;225;227;231;240;242;248;254;257;261;265;267;270;275;280;284;288;292;304;309;319;323;333;335;341;346;349;356;360;363;374;378;381;390;393;410;412;431;437;452;461;466;477;479;483;490;495;498;501;509;513;514;520;528;531;539;541;554;557;562;564;569;572;579;580;584;588;590;594;600;601;604;610;640;644;669;684;720;728;734;738;752;756;771;781;801;815;824;844;874
63;66;71;74;77;80;83;88;93;95;98;103;115;119;124;127;130;134;137;146;150;152;155;157;160;163;169;175;180;181;183;185;188;195;203;205;207;210;213;217;224;230;233;237;243;245;250;256;260;262;266;277;279;282;286;289;297;301;303;305;307;312;315;317;321;327;330;337;339;343;348;351;352;355;358;361;365;370;371;379;386;389;392;397;404
17;42;50;58;65;67;70;79;82;84;87;90;92;106;107;108;111;114;125;129;133;140;142;147;149;154;156;162;168;171;174;176;179;184;187;190;193;194;196;200;202;204;206;215;219;221;226;229;234;236;239;241;244;252;255;258;264;268;272;281;285;290;293;294;299;302;310;311;314;316;320;322;324;332;338;340;344;345;353
