0	1;29;27;30;31;22;45;15;17
1;29;27;30;31;22;45;15;17	1;29;27;30;31;22;45;15;17_P
1;29;27;30;31;22;45;15;17	1;29;27;30;31;22;45;15;17_M1
1;29;27;30;31;22;45;15;17	1;29;27;30;31;22;45;15;17_M3
0	11;32;25;23;9;7;6;26;20;13;19
11;32;25;23;9;7;6;26;20;13;19	11;32;25;23;9;7;6;26;20;13;19_M4
11;32;25;23;9;7;6;26;20;13;19	11;32;25;23;9;7;6;26;20;13;19_P
11;32;25;23;9;7;6;26;20;13;19	11;32;25;23;9;7;6;26;20;13;19_M1
11;32;25;23;9;7;6;26;20;13;19	11;32;25;23;9;7;6;26;20;13;19_M2
0	54;65;66;48
54;65;66;48	54;65;66;48_M3
0	3;2
3;2	3;2_P
0	60;55;49;51
60;55;49;51	60;55;49;51_P
GL	0
0	0_M4
0	0_P
0	0_M1
0	0_M3
0	0_M2
1;29;27;30;31;22;45;15;17	50;57;52;64
50;57;52;64	50;57;52;64_M1
11;32;25;23;9;7;6;26;20;13;19	42;34;41
42;34;41	42;34;41_M4
11;32;25;23;9;7;6;26;20;13;19	16;37;36;10;24;28;8;38;21;14;12;18
16;37;36;10;24;28;8;38;21;14;12;18	16;37;36;10;24;28;8;38;21;14;12;18_M2
54;65;66;48	72;69
72;69	72;69_M3
