1;0	4;24;10;22;16;14;17
4;24;10;22;16;14;17	4;24;10;22;16;14;17_M4
4;24;10;22;16;14;17	4;24;10;22;16;14;17_P
4;24;10;22;16;14;17	4;24;10;22;16;14;17_M1
4;24;10;22;16;14;17	4;24;10;22;16;14;17_M3
4;24;10;22;16;14;17	4;24;10;22;16;14;17_M2
1;0	61
61	61_M4
GL	1;0
1;0	1;0_M4
1;0	1;0_P
1;0	1;0_M1
1;0	1;0_M3
1;0	1;0_M2
55;39;58	54;42;3;40;49;45;15;20;18
54;42;3;40;49;45;15;20;18	54;42;3;40;49;45;15;20;18_M3
4;24;10;22;16;14;17	55;39;58
55;39;58	55;39;58_M3
4;24;10;22;16;14;17	36;26;33;29;5;34;23;44;13
36;26;33;29;5;34;23;44;13	36;26;33;29;5;34;23;44;13_M1
4;24;10;22;16;14;17	53;38;12;11;60;28;63;25;32;9;6;41;62;64;43;37;35;30;19
53;38;12;11;60;28;63;25;32;9;6;41;62;64;43;37;35;30;19	53;38;12;11;60;28;63;25;32;9;6;41;62;64;43;37;35;30;19_M2
